200
7.84653e+14 1.10234e+32 1.4051e+17 4.72682e+38 
7.85021e+14 2.20469e+32 2.80932e+17 4.72904e+38 
7.85389e+14 3.30703e+32 4.21267e+17 4.73126e+38 
7.85757e+14 4.40937e+32 5.61514e+17 4.73347e+38 
7.86125e+14 5.51172e+32 7.01673e+17 4.73569e+38 
7.86493e+14 6.61406e+32 8.41745e+17 4.7379e+38 
7.8686e+14 7.71641e+32 9.8173e+17 4.74011e+38 
7.87228e+14 8.81875e+32 1.12163e+18 4.74233e+38 
7.87596e+14 9.92109e+32 1.26144e+18 4.74454e+38 
7.87964e+14 1.10234e+33 1.40116e+18 4.74676e+38 
8.25723e+14 1.24143e+34 1.52961e+19 4.9721e+38 
8.29597e+14 1.35749e+34 1.66743e+19 4.99502e+38 
8.33489e+14 1.47409e+34 1.80505e+19 5.01802e+38 
8.374e+14 1.59124e+34 1.94247e+19 5.04109e+38 
8.41328e+14 1.70894e+34 2.07969e+19 5.06424e+38 
8.45275e+14 1.82719e+34 2.21672e+19 5.08745e+38 
8.49241e+14 1.946e+34 2.35356e+19 5.11074e+38 
8.53226e+14 2.06536e+34 2.4902e+19 5.13411e+38 
8.57229e+14 2.18529e+34 2.62665e+19 5.15755e+38 
8.6125e+14 2.30577e+34 2.76291e+19 5.18106e+38 
8.65291e+14 2.42683e+34 2.89899e+19 5.20464e+38 
8.69351e+14 2.54845e+34 3.03488e+19 5.22831e+38 
8.73429e+14 2.67064e+34 3.17058e+19 5.25204e+38 
8.77527e+14 2.7934e+34 3.3061e+19 5.27585e+38 
8.81644e+14 2.91674e+34 3.44144e+19 5.29974e+38 
8.8578e+14 3.04066e+34 3.5766e+19 5.3237e+38 
8.89936e+14 3.16516e+34 3.71157e+19 5.34774e+38 
8.94111e+14 3.29024e+34 3.84637e+19 5.37186e+38 
8.98306e+14 3.41591e+34 3.98099e+19 5.39605e+38 
9.02521e+14 3.54217e+34 4.11544e+19 5.42032e+38 
9.06755e+14 3.66903e+34 4.24971e+19 5.44467e+38 
9.11009e+14 3.79648e+34 4.38381e+19 5.4691e+38 
9.15283e+14 3.92452e+34 4.51773e+19 5.4936e+38 
9.19578e+14 4.05317e+34 4.65149e+19 5.51818e+38 
9.23892e+14 4.18242e+34 4.78507e+19 5.54284e+38 
9.28226e+14 4.31228e+34 4.91849e+19 5.56758e+38 
9.32581e+14 4.44274e+34 5.05174e+19 5.5924e+38 
9.36957e+14 4.57382e+34 5.18482e+19 5.6173e+38 
9.41352e+14 4.70551e+34 5.31774e+19 5.64228e+38 
9.45769e+14 4.83782e+34 5.4505e+19 5.66734e+38 
9.50206e+14 4.97075e+34 5.58309e+19 5.69248e+38 
9.54664e+14 5.10431e+34 5.71552e+19 5.7177e+38 
9.59143e+14 5.23849e+34 5.8478e+19 5.743e+38 
9.63643e+14 5.3733e+34 5.97991e+19 5.76838e+38 
9.68164e+14 5.50875e+34 6.11186e+19 5.79384e+38 
9.72706e+14 5.64483e+34 6.24366e+19 5.81939e+38 
9.7727e+14 5.78154e+34 6.37531e+19 5.84501e+38 
9.81855e+14 5.9189e+34 6.50679e+19 5.87072e+38 
9.86461e+14 6.05691e+34 6.63813e+19 5.89652e+38 
9.91089e+14 6.19556e+34 6.76931e+19 5.92239e+38 
9.95739e+14 6.33486e+34 6.90034e+19 5.94835e+38 
1.00041e+15 6.47481e+34 7.03122e+19 5.9744e+38 
1.0051e+15 6.61543e+34 7.16195e+19 6.00052e+38 
1.00982e+15 6.7567e+34 7.29254e+19 6.02674e+38 
1.01456e+15 6.89863e+34 7.42297e+19 6.05303e+38 
1.01932e+15 7.04123e+34 7.55326e+19 6.07942e+38 
1.0241e+15 7.1845e+34 7.68341e+19 6.10588e+38 
1.0289e+15 7.32844e+34 7.81341e+19 6.13244e+38 
1.03373e+15 7.47306e+34 7.94326e+19 6.15907e+38 
1.03858e+15 7.61835e+34 8.07298e+19 6.1858e+38 
1.04345e+15 7.76433e+34 8.20255e+19 6.21261e+38 
1.04835e+15 7.91099e+34 8.33198e+19 6.23951e+38 
1.05327e+15 8.05834e+34 8.46128e+19 6.2665e+38 
1.05821e+15 8.20638e+34 8.59044e+19 6.29357e+38 
1.06317e+15 8.35512e+34 8.71945e+19 6.32073e+38 
1.06816e+15 8.50455e+34 8.84834e+19 6.34798e+38 
1.07317e+15 8.65469e+34 8.97708e+19 6.37532e+38 
1.07821e+15 8.80553e+34 9.10569e+19 6.40275e+38 
1.08327e+15 8.95707e+34 9.23417e+19 6.43027e+38 
1.08835e+15 9.10933e+34 9.36252e+19 6.45788e+38 
1.09346e+15 9.2623e+34 9.49073e+19 6.48557e+38 
1.09859e+15 9.41599e+34 9.61881e+19 6.51336e+38 
1.10374e+15 9.5704e+34 9.74676e+19 6.54124e+38 
1.10892e+15 9.72554e+34 9.87459e+19 6.56921e+38 
1.11412e+15 9.8814e+34 1.00023e+20 6.59727e+38 
1.11935e+15 1.0038e+35 1.01298e+20 6.62542e+38 
1.1246e+15 1.01953e+35 1.02573e+20 6.65366e+38 
1.12988e+15 1.03534e+35 1.03846e+20 6.682e+38 
1.13518e+15 1.05122e+35 1.05118e+20 6.71043e+38 
1.1405e+15 1.06718e+35 1.06389e+20 6.73895e+38 
1.14585e+15 1.08321e+35 1.07658e+20 6.76756e+38 
1.15123e+15 1.09931e+35 1.08926e+20 6.79627e+38 
1.15663e+15 1.11549e+35 1.10193e+20 6.82508e+38 
1.16206e+15 1.13175e+35 1.11459e+20 6.85397e+38 
1.16751e+15 1.14808e+35 1.12723e+20 6.88297e+38 
1.17299e+15 1.16449e+35 1.13987e+20 6.91205e+38 
1.17849e+15 1.18098e+35 1.15249e+20 6.94124e+38 
1.18402e+15 1.19754e+35 1.1651e+20 6.97051e+38 
1.18957e+15 1.21418e+35 1.1777e+20 6.99989e+38 
1.19515e+15 1.2309e+35 1.19028e+20 7.02936e+38 
1.20076e+15 1.2477e+35 1.20286e+20 7.05893e+38 
1.2064e+15 1.26458e+35 1.21542e+20 7.08859e+38 
1.21206e+15 1.28154e+35 1.22798e+20 7.11835e+38 
1.21774e+15 1.29857e+35 1.24052e+20 7.14821e+38 
1.22345e+15 1.31569e+35 1.25305e+20 7.17817e+38 
1.22919e+15 1.33288e+35 1.26556e+20 7.20823e+38 
1.23496e+15 1.35016e+35 1.27807e+20 7.23839e+38 
1.24076e+15 1.36752e+35 1.29057e+20 7.26864e+38 
1.24658e+15 1.38496e+35 1.30305e+20 7.299e+38 
1.25243e+15 1.40248e+35 1.31553e+20 7.32945e+38 
1.2583e+15 1.42008e+35 1.32799e+20 7.36001e+38 
1.2642e+15 1.43777e+35 1.34044e+20 7.39067e+38 
1.27014e+15 1.45554e+35 1.35289e+20 7.42142e+38 
1.2761e+15 1.47339e+35 1.36532e+20 7.45228e+38 
1.28208e+15 1.49133e+35 1.37774e+20 7.48325e+38 
1.2881e+15 1.50935e+35 1.39015e+20 7.51431e+38 
1.29414e+15 1.52745e+35 1.40255e+20 7.54548e+38 
1.30021e+15 1.54564e+35 1.41494e+20 7.57675e+38 
1.30631e+15 1.56392e+35 1.42732e+20 7.60812e+38 
1.31244e+15 1.58228e+35 1.43969e+20 7.6396e+38 
1.3186e+15 1.60072e+35 1.45205e+20 7.67118e+38 
1.32478e+15 1.61926e+35 1.46439e+20 7.70286e+38 
1.331e+15 1.63788e+35 1.47673e+20 7.73465e+38 
1.33724e+15 1.65658e+35 1.48906e+20 7.76655e+38 
1.34352e+15 1.67538e+35 1.50138e+20 7.79855e+38 
1.34982e+15 1.69426e+35 1.51369e+20 7.83066e+38 
1.35615e+15 1.71324e+35 1.52599e+20 7.86287e+38 
1.36252e+15 1.7323e+35 1.53828e+20 7.89519e+38 
1.36891e+15 1.75145e+35 1.55056e+20 7.92762e+38 
1.37533e+15 1.77069e+35 1.56283e+20 7.96016e+38 
1.38178e+15 1.79002e+35 1.57509e+20 7.9928e+38 
1.38827e+15 1.80944e+35 1.58734e+20 8.02556e+38 
1.39478e+15 1.82895e+35 1.59958e+20 8.05842e+38 
1.40132e+15 1.84856e+35 1.61182e+20 8.09139e+38 
1.4079e+15 1.86825e+35 1.62404e+20 8.12447e+38 
1.4145e+15 1.88804e+35 1.63625e+20 8.15766e+38 
1.42114e+15 1.90792e+35 1.64846e+20 8.19096e+38 
1.42781e+15 1.9279e+35 1.66065e+20 8.22437e+38 
1.43451e+15 1.94797e+35 1.67284e+20 8.2579e+38 
1.44124e+15 1.96813e+35 1.68502e+20 8.29153e+38 
1.448e+15 1.98839e+35 1.69719e+20 8.32528e+38 
1.45479e+15 2.00874e+35 1.70934e+20 8.35914e+38 
1.46162e+15 2.02919e+35 1.7215e+20 8.39311e+38 
1.46847e+15 2.04973e+35 1.73364e+20 8.42719e+38 
1.47536e+15 2.07037e+35 1.74577e+20 8.46139e+38 
1.48229e+15 2.09111e+35 1.7579e+20 8.49571e+38 
1.48924e+15 2.11194e+35 1.77001e+20 8.53014e+38 
1.49623e+15 2.13287e+35 1.78212e+20 8.56468e+38 
1.50325e+15 2.1539e+35 1.79422e+20 8.59934e+38 
1.5103e+15 2.17503e+35 1.80631e+20 8.63411e+38 
1.51739e+15 2.19626e+35 1.81839e+20 8.669e+38 
1.5245e+15 2.21759e+35 1.83046e+20 8.70401e+38 
1.53166e+15 2.23902e+35 1.84253e+20 8.73913e+38 
1.53884e+15 2.26054e+35 1.85458e+20 8.77437e+38 
1.54606e+15 2.28217e+35 1.86663e+20 8.80973e+38 
1.55332e+15 2.3039e+35 1.87867e+20 8.84521e+38 
1.5606e+15 2.32574e+35 1.8907e+20 8.8808e+38 
1.56793e+15 2.34767e+35 1.90273e+20 8.91652e+38 
1.57528e+15 2.36971e+35 1.91474e+20 8.95235e+38 
1.58267e+15 2.39185e+35 1.92675e+20 8.98831e+38 
1.5901e+15 2.41409e+35 1.93875e+20 9.02438e+38 
1.59756e+15 2.43644e+35 1.95074e+20 9.06058e+38 
1.60505e+15 2.4589e+35 1.96273e+20 9.0969e+38 
1.61258e+15 2.48146e+35 1.97471e+20 9.13334e+38 
1.62015e+15 2.50412e+35 1.98667e+20 9.1699e+38 
1.62775e+15 2.52689e+35 1.99864e+20 9.20658e+38 
1.63539e+15 2.54977e+35 2.01059e+20 9.24339e+38 
1.64306e+15 2.57276e+35 2.02253e+20 9.28032e+38 
1.65077e+15 2.59585e+35 2.03447e+20 9.31738e+38 
1.65851e+15 2.61906e+35 2.0464e+20 9.35456e+38 
1.66629e+15 2.64237e+35 2.05833e+20 9.39186e+38 
1.67411e+15 2.66579e+35 2.07024e+20 9.42929e+38 
1.68197e+15 2.68932e+35 2.08215e+20 9.46685e+38 
1.68986e+15 2.71296e+35 2.09405e+20 9.50453e+38 
1.69778e+15 2.73671e+35 2.10595e+20 9.54234e+38 
1.70575e+15 2.76057e+35 2.11783e+20 9.58027e+38 
1.71375e+15 2.78455e+35 2.12971e+20 9.61834e+38 
1.72179e+15 2.80864e+35 2.14158e+20 9.65653e+38 
1.72987e+15 2.83284e+35 2.15345e+20 9.69485e+38 
1.73799e+15 2.85715e+35 2.16531e+20 9.7333e+38 
1.74614e+15 2.88158e+35 2.17716e+20 9.77187e+38 
1.75433e+15 2.90612e+35 2.189e+20 9.81058e+38 
1.76256e+15 2.93078e+35 2.20084e+20 9.84942e+38 
1.77083e+15 2.95555e+35 2.21267e+20 9.88839e+38 
1.77914e+15 2.98044e+35 2.22449e+20 9.92749e+38 
1.78749e+15 3.00545e+35 2.23631e+20 9.96672e+38 
1.79587e+15 3.03057e+35 2.24811e+20 1.00061e+39 
1.8043e+15 3.05581e+35 2.25992e+20 1.00456e+39 
1.81277e+15 3.08117e+35 2.27171e+20 1.00852e+39 
1.82127e+15 3.10665e+35 2.2835e+20 1.0125e+39 
1.82981e+15 3.13225e+35 2.29528e+20 1.01649e+39 
1.8384e+15 3.15797e+35 2.30706e+20 1.02049e+39 
1.84702e+15 3.18381e+35 2.31883e+20 1.02451e+39 
1.85569e+15 3.20977e+35 2.33059e+20 1.02854e+39 
1.8644e+15 3.23585e+35 2.34235e+20 1.03258e+39 
1.87314e+15 3.26206e+35 2.3541e+20 1.03664e+39 
1.88193e+15 3.28839e+35 2.36584e+20 1.04071e+39 
1.89076e+15 3.31484e+35 2.37758e+20 1.0448e+39 
1.89963e+15 3.34141e+35 2.38931e+20 1.0489e+39 
1.90854e+15 3.36811e+35 2.40103e+20 1.05301e+39 
1.9175e+15 3.39494e+35 2.41275e+20 1.05714e+39 
1.92649e+15 3.42189e+35 2.42446e+20 1.06128e+39 
1.93553e+15 3.44897e+35 2.43617e+20 1.06543e+39 
1.94461e+15 3.47617e+35 2.44787e+20 1.0696e+39 
1.95374e+15 3.5035e+35 2.45956e+20 1.07378e+39 
1.9629e+15 3.53096e+35 2.47125e+20 1.07798e+39 
1.97211e+15 3.55855e+35 2.48293e+20 1.08219e+39 
1.98136e+15 3.58627e+35 2.4946e+20 1.08642e+39 
1.99066e+15 3.61412e+35 2.50627e+20 1.09066e+39 
2e+15 3.6421e+35 2.51793e+20 1.09491e+39 
