2000
5.70425e+14 1.07225e+31 1.87978e+16 3.43629e+38 
5.70461e+14 2.14451e+31 3.75941e+16 3.43651e+38 
5.70496e+14 3.21676e+31 5.63888e+16 3.43672e+38 
5.70532e+14 4.28901e+31 7.51819e+16 3.43694e+38 
5.70568e+14 5.36126e+31 9.39735e+16 3.43716e+38 
5.70604e+14 6.43352e+31 1.12763e+17 3.43737e+38 
5.70639e+14 7.50577e+31 1.31552e+17 3.43759e+38 
5.70675e+14 8.57802e+31 1.50339e+17 3.4378e+38 
5.70711e+14 9.65028e+31 1.69124e+17 3.43802e+38 
5.70747e+14 1.07225e+32 1.87908e+17 3.43823e+38 
5.74338e+14 1.18319e+33 2.06483e+18 3.45984e+38 
5.74699e+14 1.29115e+33 2.25231e+18 3.46201e+38 
5.75059e+14 1.39919e+33 2.43975e+18 3.46417e+38 
5.7542e+14 1.50729e+33 2.62715e+18 3.46634e+38 
5.75781e+14 1.61546e+33 2.81451e+18 3.46851e+38 
5.76143e+14 1.7237e+33 3.00184e+18 3.47068e+38 
5.76504e+14 1.83201e+33 3.18912e+18 3.47285e+38 
5.76866e+14 1.94038e+33 3.37637e+18 3.47502e+38 
5.77228e+14 2.04883e+33 3.56357e+18 3.47719e+38 
5.7759e+14 2.15734e+33 3.75074e+18 3.47937e+38 
5.77952e+14 2.26592e+33 3.93787e+18 3.48154e+38 
5.78315e+14 2.37456e+33 4.12496e+18 3.48372e+38 
5.78678e+14 2.48328e+33 4.31202e+18 3.48589e+38 
5.79041e+14 2.59206e+33 4.49903e+18 3.48807e+38 
5.79404e+14 2.70091e+33 4.68601e+18 3.49025e+38 
5.79768e+14 2.80983e+33 4.87295e+18 3.49242e+38 
5.80132e+14 2.91882e+33 5.05985e+18 3.4946e+38 
5.80496e+14 3.02788e+33 5.24671e+18 3.49678e+38 
5.8086e+14 3.137e+33 5.43353e+18 3.49897e+38 
5.81225e+14 3.2462e+33 5.62032e+18 3.50115e+38 
5.81589e+14 3.35546e+33 5.80707e+18 3.50333e+38 
5.81954e+14 3.46479e+33 5.99378e+18 3.50552e+38 
5.82319e+14 3.57419e+33 6.18045e+18 3.5077e+38 
5.82685e+14 3.68366e+33 6.36708e+18 3.50989e+38 
5.8305e+14 3.7932e+33 6.55368e+18 3.51207e+38 
5.83416e+14 3.9028e+33 6.74024e+18 3.51426e+38 
5.83782e+14 4.01248e+33 6.92676e+18 3.51645e+38 
5.84149e+14 4.12222e+33 7.11324e+18 3.51864e+38 
5.84515e+14 4.23203e+33 7.29968e+18 3.52083e+38 
5.84882e+14 4.34191e+33 7.48609e+18 3.52302e+38 
5.85249e+14 4.45186e+33 7.67246e+18 3.52521e+38 
5.85616e+14 4.56188e+33 7.85879e+18 3.52741e+38 
5.85984e+14 4.67197e+33 8.04508e+18 3.5296e+38 
5.86351e+14 4.78212e+33 8.23134e+18 3.5318e+38 
5.86719e+14 4.89235e+33 8.41756e+18 3.53399e+38 
5.87088e+14 5.00265e+33 8.60374e+18 3.53619e+38 
5.87456e+14 5.11301e+33 8.78988e+18 3.53839e+38 
5.87825e+14 5.22344e+33 8.97599e+18 3.54059e+38 
5.88193e+14 5.33395e+33 9.16206e+18 3.54279e+38 
5.88562e+14 5.44452e+33 9.34809e+18 3.54499e+38 
5.88932e+14 5.55516e+33 9.53408e+18 3.54719e+38 
5.89301e+14 5.66587e+33 9.72004e+18 3.54939e+38 
5.89671e+14 5.77665e+33 9.90596e+18 3.55159e+38 
5.90041e+14 5.8875e+33 1.00918e+19 3.5538e+38 
5.90411e+14 5.99842e+33 1.02777e+19 3.556e+38 
5.90782e+14 6.10941e+33 1.04635e+19 3.55821e+38 
5.91153e+14 6.22047e+33 1.06493e+19 3.56042e+38 
5.91523e+14 6.3316e+33 1.0835e+19 3.56262e+38 
5.91895e+14 6.4428e+33 1.10207e+19 3.56483e+38 
5.92266e+14 6.55407e+33 1.12064e+19 3.56704e+38 
5.92638e+14 6.6654e+33 1.1392e+19 3.56925e+38 
5.9301e+14 6.77681e+33 1.15776e+19 3.57147e+38 
5.93382e+14 6.88829e+33 1.17631e+19 3.57368e+38 
5.93754e+14 6.99984e+33 1.19486e+19 3.57589e+38 
5.94127e+14 7.11145e+33 1.21341e+19 3.57811e+38 
5.94499e+14 7.22314e+33 1.23195e+19 3.58032e+38 
5.94872e+14 7.3349e+33 1.25049e+19 3.58254e+38 
5.95246e+14 7.44673e+33 1.26903e+19 3.58476e+38 
5.95619e+14 7.55862e+33 1.28756e+19 3.58697e+38 
5.95993e+14 7.67059e+33 1.30609e+19 3.58919e+38 
5.96367e+14 7.78263e+33 1.32462e+19 3.59141e+38 
5.96741e+14 7.89474e+33 1.34314e+19 3.59363e+38 
5.97116e+14 8.00692e+33 1.36166e+19 3.59586e+38 
5.9749e+14 8.11917e+33 1.38017e+19 3.59808e+38 
5.97865e+14 8.23149e+33 1.39868e+19 3.6003e+38 
5.9824e+14 8.34388e+33 1.41719e+19 3.60253e+38 
5.98616e+14 8.45634e+33 1.4357e+19 3.60475e+38 
5.98991e+14 8.56887e+33 1.4542e+19 3.60698e+38 
5.99367e+14 8.68147e+33 1.47269e+19 3.60921e+38 
5.99743e+14 8.79415e+33 1.49119e+19 3.61144e+38 
6.0012e+14 8.90689e+33 1.50967e+19 3.61367e+38 
6.00496e+14 9.0197e+33 1.52816e+19 3.6159e+38 
6.00873e+14 9.13259e+33 1.54664e+19 3.61813e+38 
6.0125e+14 9.24555e+33 1.56512e+19 3.62036e+38 
6.01627e+14 9.35857e+33 1.5836e+19 3.62259e+38 
6.02005e+14 9.47167e+33 1.60207e+19 3.62483e+38 
6.02383e+14 9.58484e+33 1.62053e+19 3.62706e+38 
6.02761e+14 9.69808e+33 1.639e+19 3.6293e+38 
6.03139e+14 9.81139e+33 1.65746e+19 3.63154e+38 
6.03517e+14 9.92477e+33 1.67592e+19 3.63377e+38 
6.03896e+14 1.00382e+34 1.69437e+19 3.63601e+38 
6.04275e+14 1.01517e+34 1.71282e+19 3.63825e+38 
6.04654e+14 1.02653e+34 1.73126e+19 3.64049e+38 
6.05034e+14 1.0379e+34 1.74971e+19 3.64274e+38 
6.05413e+14 1.04927e+34 1.76815e+19 3.64498e+38 
6.05793e+14 1.06066e+34 1.78658e+19 3.64722e+38 
6.06173e+14 1.07204e+34 1.80501e+19 3.64947e+38 
6.06554e+14 1.08344e+34 1.82344e+19 3.65171e+38 
6.06934e+14 1.09484e+34 1.84187e+19 3.65396e+38 
6.07315e+14 1.10625e+34 1.86029e+19 3.65621e+38 
6.07696e+14 1.11767e+34 1.87871e+19 3.65845e+38 
6.08077e+14 1.12909e+34 1.89712e+19 3.6607e+38 
6.08459e+14 1.14052e+34 1.91553e+19 3.66295e+38 
6.08841e+14 1.15196e+34 1.93394e+19 3.66521e+38 
6.09223e+14 1.16341e+34 1.95234e+19 3.66746e+38 
6.09605e+14 1.17486e+34 1.97074e+19 3.66971e+38 
6.09988e+14 1.18632e+34 1.98914e+19 3.67197e+38 
6.1037e+14 1.19779e+34 2.00753e+19 3.67422e+38 
6.10753e+14 1.20926e+34 2.02592e+19 3.67648e+38 
6.11137e+14 1.22074e+34 2.0443e+19 3.67873e+38 
6.1152e+14 1.23223e+34 2.06269e+19 3.68099e+38 
6.11904e+14 1.24373e+34 2.08107e+19 3.68325e+38 
6.12288e+14 1.25523e+34 2.09944e+19 3.68551e+38 
6.12672e+14 1.26674e+34 2.11781e+19 3.68777e+38 
6.13056e+14 1.27826e+34 2.13618e+19 3.69003e+38 
6.13441e+14 1.28978e+34 2.15455e+19 3.6923e+38 
6.13826e+14 1.30131e+34 2.17291e+19 3.69456e+38 
6.14211e+14 1.31285e+34 2.19127e+19 3.69682e+38 
6.14597e+14 1.3244e+34 2.20962e+19 3.69909e+38 
6.14982e+14 1.33595e+34 2.22797e+19 3.70136e+38 
6.15368e+14 1.34751e+34 2.24632e+19 3.70362e+38 
6.15754e+14 1.35908e+34 2.26466e+19 3.70589e+38 
6.16141e+14 1.37066e+34 2.283e+19 3.70816e+38 
6.16527e+14 1.38224e+34 2.30134e+19 3.71043e+38 
6.16914e+14 1.39383e+34 2.31967e+19 3.7127e+38 
6.17301e+14 1.40542e+34 2.338e+19 3.71498e+38 
6.17689e+14 1.41703e+34 2.35633e+19 3.71725e+38 
6.18076e+14 1.42864e+34 2.37465e+19 3.71952e+38 
6.18464e+14 1.44026e+34 2.39297e+19 3.7218e+38 
6.18852e+14 1.45189e+34 2.41129e+19 3.72407e+38 
6.1924e+14 1.46352e+34 2.4296e+19 3.72635e+38 
6.19629e+14 1.47516e+34 2.44791e+19 3.72863e+38 
6.20018e+14 1.48681e+34 2.46622e+19 3.73091e+38 
6.20407e+14 1.49846e+34 2.48452e+19 3.73319e+38 
6.20796e+14 1.51013e+34 2.50282e+19 3.73547e+38 
6.21186e+14 1.5218e+34 2.52112e+19 3.73775e+38 
6.21576e+14 1.53347e+34 2.53941e+19 3.74003e+38 
6.21966e+14 1.54516e+34 2.5577e+19 3.74232e+38 
6.22356e+14 1.55685e+34 2.57598e+19 3.7446e+38 
6.22746e+14 1.56855e+34 2.59427e+19 3.74689e+38 
6.23137e+14 1.58026e+34 2.61254e+19 3.74918e+38 
6.23528e+14 1.59197e+34 2.63082e+19 3.75146e+38 
6.23919e+14 1.60369e+34 2.64909e+19 3.75375e+38 
6.24311e+14 1.61542e+34 2.66736e+19 3.75604e+38 
6.24703e+14 1.62716e+34 2.68563e+19 3.75833e+38 
6.25095e+14 1.6389e+34 2.70389e+19 3.76062e+38 
6.25487e+14 1.65065e+34 2.72215e+19 3.76292e+38 
6.25879e+14 1.66241e+34 2.7404e+19 3.76521e+38 
6.26272e+14 1.67418e+34 2.75865e+19 3.76751e+38 
6.26665e+14 1.68595e+34 2.7769e+19 3.7698e+38 
6.27058e+14 1.69773e+34 2.79514e+19 3.7721e+38 
6.27452e+14 1.70952e+34 2.81339e+19 3.77439e+38 
6.27846e+14 1.72131e+34 2.83162e+19 3.77669e+38 
6.28239e+14 1.73312e+34 2.84986e+19 3.77899e+38 
6.28634e+14 1.74493e+34 2.86809e+19 3.78129e+38 
6.29028e+14 1.75674e+34 2.88632e+19 3.78359e+38 
6.29423e+14 1.76857e+34 2.90454e+19 3.7859e+38 
6.29818e+14 1.7804e+34 2.92276e+19 3.7882e+38 
6.30213e+14 1.79224e+34 2.94098e+19 3.7905e+38 
6.30608e+14 1.80409e+34 2.9592e+19 3.79281e+38 
6.31004e+14 1.81594e+34 2.97741e+19 3.79512e+38 
6.314e+14 1.8278e+34 2.99562e+19 3.79742e+38 
6.31796e+14 1.83967e+34 3.01382e+19 3.79973e+38 
6.32193e+14 1.85155e+34 3.03202e+19 3.80204e+38 
6.32589e+14 1.86343e+34 3.05022e+19 3.80435e+38 
6.32986e+14 1.87533e+34 3.06842e+19 3.80666e+38 
6.33384e+14 1.88723e+34 3.08661e+19 3.80897e+38 
6.33781e+14 1.89913e+34 3.10479e+19 3.81129e+38 
6.34179e+14 1.91105e+34 3.12298e+19 3.8136e+38 
6.34577e+14 1.92297e+34 3.14116e+19 3.81592e+38 
6.34975e+14 1.9349e+34 3.15934e+19 3.81823e+38 
6.35373e+14 1.94683e+34 3.17751e+19 3.82055e+38 
6.35772e+14 1.95878e+34 3.19569e+19 3.82287e+38 
6.36171e+14 1.97073e+34 3.21385e+19 3.82519e+38 
6.3657e+14 1.98269e+34 3.23202e+19 3.82751e+38 
6.3697e+14 1.99466e+34 3.25018e+19 3.82983e+38 
6.37369e+14 2.00663e+34 3.26834e+19 3.83215e+38 
6.37769e+14 2.01861e+34 3.28649e+19 3.83447e+38 
6.38169e+14 2.0306e+34 3.30465e+19 3.8368e+38 
6.3857e+14 2.0426e+34 3.32279e+19 3.83912e+38 
6.38971e+14 2.0546e+34 3.34094e+19 3.84145e+38 
6.39371e+14 2.06661e+34 3.35908e+19 3.84378e+38 
6.39773e+14 2.07863e+34 3.37722e+19 3.8461e+38 
6.40174e+14 2.09066e+34 3.39536e+19 3.84843e+38 
6.40576e+14 2.10269e+34 3.41349e+19 3.85076e+38 
6.40978e+14 2.11474e+34 3.43162e+19 3.85309e+38 
6.4138e+14 2.12679e+34 3.44974e+19 3.85543e+38 
6.41782e+14 2.13884e+34 3.46786e+19 3.85776e+38 
6.42185e+14 2.15091e+34 3.48598e+19 3.86009e+38 
6.42588e+14 2.16298e+34 3.5041e+19 3.86243e+38 
6.42991e+14 2.17506e+34 3.52221e+19 3.86476e+38 
6.43395e+14 2.18715e+34 3.54032e+19 3.8671e+38 
6.43799e+14 2.19924e+34 3.55843e+19 3.86944e+38 
6.44202e+14 2.21134e+34 3.57653e+19 3.87178e+38 
6.44607e+14 2.22345e+34 3.59463e+19 3.87412e+38 
6.45011e+14 2.23557e+34 3.61273e+19 3.87646e+38 
6.45416e+14 2.2477e+34 3.63082e+19 3.8788e+38 
6.45821e+14 2.25983e+34 3.64891e+19 3.88114e+38 
6.46226e+14 2.27197e+34 3.667e+19 3.88349e+38 
6.46632e+14 2.28412e+34 3.68508e+19 3.88583e+38 
6.47037e+14 2.29627e+34 3.70316e+19 3.88818e+38 
6.47443e+14 2.30844e+34 3.72124e+19 3.89052e+38 
6.4785e+14 2.32061e+34 3.73931e+19 3.89287e+38 
6.48256e+14 2.33279e+34 3.75738e+19 3.89522e+38 
6.48663e+14 2.34497e+34 3.77545e+19 3.89757e+38 
6.4907e+14 2.35717e+34 3.79352e+19 3.89992e+38 
6.49477e+14 2.36937e+34 3.81158e+19 3.90227e+38 
6.49885e+14 2.38158e+34 3.82964e+19 3.90463e+38 
6.50293e+14 2.3938e+34 3.84769e+19 3.90698e+38 
6.50701e+14 2.40602e+34 3.86574e+19 3.90933e+38 
6.51109e+14 2.41825e+34 3.88379e+19 3.91169e+38 
6.51518e+14 2.43049e+34 3.90184e+19 3.91405e+38 
6.51926e+14 2.44274e+34 3.91988e+19 3.91641e+38 
6.52335e+14 2.455e+34 3.93792e+19 3.91876e+38 
6.52745e+14 2.46726e+34 3.95595e+19 3.92112e+38 
6.53154e+14 2.47953e+34 3.97399e+19 3.92349e+38 
6.53564e+14 2.49181e+34 3.99202e+19 3.92585e+38 
6.53974e+14 2.50409e+34 4.01004e+19 3.92821e+38 
6.54385e+14 2.51639e+34 4.02806e+19 3.93057e+38 
6.54795e+14 2.52869e+34 4.04608e+19 3.93294e+38 
6.55206e+14 2.541e+34 4.0641e+19 3.9353e+38 
6.55617e+14 2.55332e+34 4.08212e+19 3.93767e+38 
6.56029e+14 2.56564e+34 4.10013e+19 3.94004e+38 
6.5644e+14 2.57797e+34 4.11813e+19 3.94241e+38 
6.56852e+14 2.59031e+34 4.13614e+19 3.94478e+38 
6.57264e+14 2.60266e+34 4.15414e+19 3.94715e+38 
6.57677e+14 2.61502e+34 4.17214e+19 3.94952e+38 
6.5809e+14 2.62738e+34 4.19013e+19 3.95189e+38 
6.58503e+14 2.63975e+34 4.20812e+19 3.95427e+38 
6.58916e+14 2.65213e+34 4.22611e+19 3.95664e+38 
6.59329e+14 2.66452e+34 4.2441e+19 3.95902e+38 
6.59743e+14 2.67691e+34 4.26208e+19 3.9614e+38 
6.60157e+14 2.68931e+34 4.28006e+19 3.96378e+38 
6.60571e+14 2.70172e+34 4.29804e+19 3.96615e+38 
6.60986e+14 2.71414e+34 4.31601e+19 3.96853e+38 
6.614e+14 2.72657e+34 4.33398e+19 3.97092e+38 
6.61815e+14 2.739e+34 4.35195e+19 3.9733e+38 
6.62231e+14 2.75144e+34 4.36991e+19 3.97568e+38 
6.62646e+14 2.76389e+34 4.38787e+19 3.97807e+38 
6.63062e+14 2.77635e+34 4.40583e+19 3.98045e+38 
6.63478e+14 2.78881e+34 4.42378e+19 3.98284e+38 
6.63894e+14 2.80128e+34 4.44174e+19 3.98522e+38 
6.64311e+14 2.81376e+34 4.45968e+19 3.98761e+38 
6.64728e+14 2.82625e+34 4.47763e+19 3.99e+38 
6.65145e+14 2.83875e+34 4.49557e+19 3.99239e+38 
6.65562e+14 2.85125e+34 4.51351e+19 3.99478e+38 
6.6598e+14 2.86376e+34 4.53145e+19 3.99718e+38 
6.66398e+14 2.87628e+34 4.54938e+19 3.99957e+38 
6.66816e+14 2.88881e+34 4.56731e+19 4.00196e+38 
6.67234e+14 2.90135e+34 4.58524e+19 4.00436e+38 
6.67653e+14 2.91389e+34 4.60316e+19 4.00676e+38 
6.68072e+14 2.92644e+34 4.62108e+19 4.00915e+38 
6.68491e+14 2.939e+34 4.639e+19 4.01155e+38 
6.68911e+14 2.95157e+34 4.65692e+19 4.01395e+38 
6.6933e+14 2.96414e+34 4.67483e+19 4.01635e+38 
6.6975e+14 2.97672e+34 4.69274e+19 4.01875e+38 
6.70171e+14 2.98931e+34 4.71064e+19 4.02116e+38 
6.70591e+14 3.00191e+34 4.72854e+19 4.02356e+38 
6.71012e+14 3.01452e+34 4.74644e+19 4.02596e+38 
6.71433e+14 3.02713e+34 4.76434e+19 4.02837e+38 
6.71854e+14 3.03975e+34 4.78223e+19 4.03078e+38 
6.72276e+14 3.05238e+34 4.80012e+19 4.03319e+38 
6.72698e+14 3.06502e+34 4.81801e+19 4.03559e+38 
6.7312e+14 3.07767e+34 4.8359e+19 4.038e+38 
6.73542e+14 3.09032e+34 4.85378e+19 4.04041e+38 
6.73965e+14 3.10298e+34 4.87166e+19 4.04283e+38 
6.74388e+14 3.11565e+34 4.88953e+19 4.04524e+38 
6.74811e+14 3.12833e+34 4.9074e+19 4.04765e+38 
6.75234e+14 3.14102e+34 4.92527e+19 4.05007e+38 
6.75658e+14 3.15371e+34 4.94314e+19 4.05248e+38 
6.76082e+14 3.16641e+34 4.961e+19 4.0549e+38 
6.76506e+14 3.17912e+34 4.97886e+19 4.05732e+38 
6.76931e+14 3.19184e+34 4.99672e+19 4.05974e+38 
6.77356e+14 3.20456e+34 5.01458e+19 4.06216e+38 
6.77781e+14 3.2173e+34 5.03243e+19 4.06458e+38 
6.78206e+14 3.23004e+34 5.05028e+19 4.067e+38 
6.78632e+14 3.24279e+34 5.06812e+19 4.06943e+38 
6.79057e+14 3.25554e+34 5.08596e+19 4.07185e+38 
6.79483e+14 3.26831e+34 5.1038e+19 4.07428e+38 
6.7991e+14 3.28108e+34 5.12164e+19 4.0767e+38 
6.80336e+14 3.29386e+34 5.13947e+19 4.07913e+38 
6.80763e+14 3.30665e+34 5.1573e+19 4.08156e+38 
6.81191e+14 3.31945e+34 5.17513e+19 4.08399e+38 
6.81618e+14 3.33226e+34 5.19296e+19 4.08642e+38 
6.82046e+14 3.34507e+34 5.21078e+19 4.08885e+38 
6.82474e+14 3.35789e+34 5.2286e+19 4.09128e+38 
6.82902e+14 3.37072e+34 5.24641e+19 4.09372e+38 
6.8333e+14 3.38356e+34 5.26423e+19 4.09615e+38 
6.83759e+14 3.3964e+34 5.28204e+19 4.09859e+38 
6.84188e+14 3.40926e+34 5.29984e+19 4.10102e+38 
6.84618e+14 3.42212e+34 5.31765e+19 4.10346e+38 
6.85047e+14 3.43499e+34 5.33545e+19 4.1059e+38 
6.85477e+14 3.44787e+34 5.35325e+19 4.10834e+38 
6.85907e+14 3.46075e+34 5.37104e+19 4.11078e+38 
6.86338e+14 3.47365e+34 5.38883e+19 4.11322e+38 
6.86768e+14 3.48655e+34 5.40662e+19 4.11567e+38 
6.87199e+14 3.49946e+34 5.42441e+19 4.11811e+38 
6.8763e+14 3.51238e+34 5.44219e+19 4.12056e+38 
6.88062e+14 3.52531e+34 5.45997e+19 4.123e+38 
6.88494e+14 3.53824e+34 5.47775e+19 4.12545e+38 
6.88926e+14 3.55118e+34 5.49553e+19 4.1279e+38 
6.89358e+14 3.56413e+34 5.5133e+19 4.13035e+38 
6.89791e+14 3.57709e+34 5.53107e+19 4.1328e+38 
6.90223e+14 3.59006e+34 5.54883e+19 4.13525e+38 
6.90656e+14 3.60304e+34 5.5666e+19 4.1377e+38 
6.9109e+14 3.61602e+34 5.58436e+19 4.14016e+38 
6.91523e+14 3.62901e+34 5.60211e+19 4.14261e+38 
6.91957e+14 3.64201e+34 5.61987e+19 4.14507e+38 
6.92392e+14 3.65502e+34 5.63762e+19 4.14752e+38 
6.92826e+14 3.66803e+34 5.65537e+19 4.14998e+38 
6.93261e+14 3.68106e+34 5.67311e+19 4.15244e+38 
6.93696e+14 3.69409e+34 5.69086e+19 4.1549e+38 
6.94131e+14 3.70713e+34 5.7086e+19 4.15736e+38 
6.94567e+14 3.72018e+34 5.72634e+19 4.15982e+38 
6.95002e+14 3.73324e+34 5.74407e+19 4.16229e+38 
6.95439e+14 3.7463e+34 5.7618e+19 4.16475e+38 
6.95875e+14 3.75937e+34 5.77953e+19 4.16722e+38 
6.96312e+14 3.77246e+34 5.79726e+19 4.16968e+38 
6.96749e+14 3.78555e+34 5.81498e+19 4.17215e+38 
6.97186e+14 3.79864e+34 5.8327e+19 4.17462e+38 
6.97623e+14 3.81175e+34 5.85042e+19 4.17709e+38 
6.98061e+14 3.82486e+34 5.86813e+19 4.17956e+38 
6.98499e+14 3.83799e+34 5.88584e+19 4.18203e+38 
6.98937e+14 3.85112e+34 5.90355e+19 4.1845e+38 
6.99376e+14 3.86426e+34 5.92126e+19 4.18698e+38 
6.99815e+14 3.8774e+34 5.93896e+19 4.18945e+38 
7.00254e+14 3.89056e+34 5.95666e+19 4.19193e+38 
7.00693e+14 3.90372e+34 5.97436e+19 4.19441e+38 
7.01133e+14 3.9169e+34 5.99205e+19 4.19688e+38 
7.01573e+14 3.93008e+34 6.00974e+19 4.19936e+38 
7.02013e+14 3.94326e+34 6.02743e+19 4.20184e+38 
7.02454e+14 3.95646e+34 6.04512e+19 4.20432e+38 
7.02894e+14 3.96967e+34 6.0628e+19 4.20681e+38 
7.03335e+14 3.98288e+34 6.08048e+19 4.20929e+38 
7.03777e+14 3.9961e+34 6.09816e+19 4.21177e+38 
7.04218e+14 4.00933e+34 6.11583e+19 4.21426e+38 
7.0466e+14 4.02257e+34 6.1335e+19 4.21675e+38 
7.05102e+14 4.03582e+34 6.15117e+19 4.21923e+38 
7.05545e+14 4.04907e+34 6.16884e+19 4.22172e+38 
7.05988e+14 4.06233e+34 6.1865e+19 4.22421e+38 
7.06431e+14 4.07561e+34 6.20416e+19 4.2267e+38 
7.06874e+14 4.08889e+34 6.22182e+19 4.2292e+38 
7.07317e+14 4.10217e+34 6.23947e+19 4.23169e+38 
7.07761e+14 4.11547e+34 6.25713e+19 4.23418e+38 
7.08205e+14 4.12878e+34 6.27478e+19 4.23668e+38 
7.0865e+14 4.14209e+34 6.29242e+19 4.23917e+38 
7.09094e+14 4.15541e+34 6.31007e+19 4.24167e+38 
7.09539e+14 4.16874e+34 6.32771e+19 4.24417e+38 
7.09985e+14 4.18208e+34 6.34535e+19 4.24667e+38 
7.1043e+14 4.19543e+34 6.36298e+19 4.24917e+38 
7.10876e+14 4.20878e+34 6.38061e+19 4.25167e+38 
7.11322e+14 4.22214e+34 6.39824e+19 4.25418e+38 
7.11768e+14 4.23552e+34 6.41587e+19 4.25668e+38 
7.12215e+14 4.2489e+34 6.4335e+19 4.25918e+38 
7.12662e+14 4.26229e+34 6.45112e+19 4.26169e+38 
7.13109e+14 4.27568e+34 6.46874e+19 4.2642e+38 
7.13557e+14 4.28909e+34 6.48635e+19 4.2667e+38 
7.14004e+14 4.3025e+34 6.50397e+19 4.26921e+38 
7.14452e+14 4.31592e+34 6.52158e+19 4.27172e+38 
7.14901e+14 4.32936e+34 6.53918e+19 4.27424e+38 
7.15349e+14 4.34279e+34 6.55679e+19 4.27675e+38 
7.15798e+14 4.35624e+34 6.57439e+19 4.27926e+38 
7.16247e+14 4.3697e+34 6.59199e+19 4.28178e+38 
7.16697e+14 4.38316e+34 6.60959e+19 4.28429e+38 
7.17146e+14 4.39664e+34 6.62718e+19 4.28681e+38 
7.17596e+14 4.41012e+34 6.64477e+19 4.28933e+38 
7.18047e+14 4.42361e+34 6.66236e+19 4.29185e+38 
7.18497e+14 4.4371e+34 6.67995e+19 4.29437e+38 
7.18948e+14 4.45061e+34 6.69753e+19 4.29689e+38 
7.19399e+14 4.46413e+34 6.71511e+19 4.29941e+38 
7.19851e+14 4.47765e+34 6.73269e+19 4.30193e+38 
7.20302e+14 4.49118e+34 6.75026e+19 4.30446e+38 
7.20754e+14 4.50472e+34 6.76784e+19 4.30698e+38 
7.21207e+14 4.51827e+34 6.7854e+19 4.30951e+38 
7.21659e+14 4.53183e+34 6.80297e+19 4.31204e+38 
7.22112e+14 4.5454e+34 6.82054e+19 4.31457e+38 
7.22565e+14 4.55897e+34 6.8381e+19 4.3171e+38 
7.23019e+14 4.57255e+34 6.85566e+19 4.31963e+38 
7.23472e+14 4.58615e+34 6.87321e+19 4.32216e+38 
7.23926e+14 4.59975e+34 6.89076e+19 4.32469e+38 
7.2438e+14 4.61336e+34 6.90831e+19 4.32723e+38 
7.24835e+14 4.62697e+34 6.92586e+19 4.32976e+38 
7.2529e+14 4.6406e+34 6.94341e+19 4.3323e+38 
7.25745e+14 4.65423e+34 6.96095e+19 4.33484e+38 
7.262e+14 4.66788e+34 6.97849e+19 4.33737e+38 
7.26656e+14 4.68153e+34 6.99603e+19 4.33991e+38 
7.27112e+14 4.69519e+34 7.01356e+19 4.34245e+38 
7.27568e+14 4.70886e+34 7.03109e+19 4.345e+38 
7.28025e+14 4.72253e+34 7.04862e+19 4.34754e+38 
7.28482e+14 4.73622e+34 7.06615e+19 4.35008e+38 
7.28939e+14 4.74991e+34 7.08367e+19 4.35263e+38 
7.29396e+14 4.76362e+34 7.10119e+19 4.35518e+38 
7.29854e+14 4.77733e+34 7.11871e+19 4.35772e+38 
7.30312e+14 4.79105e+34 7.13623e+19 4.36027e+38 
7.3077e+14 4.80478e+34 7.15374e+19 4.36282e+38 
7.31229e+14 4.81852e+34 7.17125e+19 4.36537e+38 
7.31687e+14 4.83226e+34 7.18876e+19 4.36792e+38 
7.32147e+14 4.84602e+34 7.20626e+19 4.37048e+38 
7.32606e+14 4.85978e+34 7.22377e+19 4.37303e+38 
7.33066e+14 4.87355e+34 7.24127e+19 4.37559e+38 
7.33526e+14 4.88733e+34 7.25876e+19 4.37814e+38 
7.33986e+14 4.90112e+34 7.27626e+19 4.3807e+38 
7.34446e+14 4.91492e+34 7.29375e+19 4.38326e+38 
7.34907e+14 4.92873e+34 7.31124e+19 4.38582e+38 
7.35368e+14 4.94254e+34 7.32872e+19 4.38838e+38 
7.3583e+14 4.95637e+34 7.34621e+19 4.39094e+38 
7.36292e+14 4.9702e+34 7.36369e+19 4.3935e+38 
7.36754e+14 4.98404e+34 7.38117e+19 4.39607e+38 
7.37216e+14 4.99789e+34 7.39864e+19 4.39863e+38 
7.37679e+14 5.01175e+34 7.41612e+19 4.4012e+38 
7.38141e+14 5.02561e+34 7.43359e+19 4.40377e+38 
7.38605e+14 5.03949e+34 7.45106e+19 4.40633e+38 
7.39068e+14 5.05338e+34 7.46852e+19 4.4089e+38 
7.39532e+14 5.06727e+34 7.48598e+19 4.41147e+38 
7.39996e+14 5.08117e+34 7.50344e+19 4.41405e+38 
7.4046e+14 5.09508e+34 7.5209e+19 4.41662e+38 
7.40925e+14 5.109e+34 7.53836e+19 4.41919e+38 
7.4139e+14 5.12293e+34 7.55581e+19 4.42177e+38 
7.41855e+14 5.13687e+34 7.57326e+19 4.42435e+38 
7.42321e+14 5.15081e+34 7.59071e+19 4.42692e+38 
7.42786e+14 5.16477e+34 7.60815e+19 4.4295e+38 
7.43252e+14 5.17873e+34 7.62559e+19 4.43208e+38 
7.43719e+14 5.1927e+34 7.64303e+19 4.43466e+38 
7.44185e+14 5.20668e+34 7.66047e+19 4.43724e+38 
7.44652e+14 5.22067e+34 7.6779e+19 4.43983e+38 
7.4512e+14 5.23467e+34 7.69533e+19 4.44241e+38 
7.45587e+14 5.24868e+34 7.71276e+19 4.445e+38 
7.46055e+14 5.2627e+34 7.73019e+19 4.44758e+38 
7.46523e+14 5.27672e+34 7.74761e+19 4.45017e+38 
7.46992e+14 5.29075e+34 7.76503e+19 4.45276e+38 
7.4746e+14 5.3048e+34 7.78245e+19 4.45535e+38 
7.47929e+14 5.31885e+34 7.79987e+19 4.45794e+38 
7.48399e+14 5.33291e+34 7.81728e+19 4.46053e+38 
7.48868e+14 5.34698e+34 7.83469e+19 4.46312e+38 
7.49338e+14 5.36105e+34 7.8521e+19 4.46572e+38 
7.49808e+14 5.37514e+34 7.86951e+19 4.46831e+38 
7.50279e+14 5.38924e+34 7.88691e+19 4.47091e+38 
7.5075e+14 5.40334e+34 7.90431e+19 4.47351e+38 
7.51221e+14 5.41745e+34 7.92171e+19 4.47611e+38 
7.51692e+14 5.43158e+34 7.9391e+19 4.47871e+38 
7.52164e+14 5.44571e+34 7.9565e+19 4.48131e+38 
7.52636e+14 5.45985e+34 7.97389e+19 4.48391e+38 
7.53108e+14 5.47399e+34 7.99128e+19 4.48651e+38 
7.53581e+14 5.48815e+34 8.00866e+19 4.48912e+38 
7.54054e+14 5.50232e+34 8.02604e+19 4.49172e+38 
7.54527e+14 5.51649e+34 8.04342e+19 4.49433e+38 
7.55e+14 5.53068e+34 8.0608e+19 4.49694e+38 
7.55474e+14 5.54487e+34 8.07818e+19 4.49954e+38 
7.55948e+14 5.55907e+34 8.09555e+19 4.50215e+38 
7.56422e+14 5.57328e+34 8.11292e+19 4.50477e+38 
7.56897e+14 5.5875e+34 8.13029e+19 4.50738e+38 
7.57372e+14 5.60173e+34 8.14765e+19 4.50999e+38 
7.57847e+14 5.61597e+34 8.16502e+19 4.51261e+38 
7.58323e+14 5.63022e+34 8.18238e+19 4.51522e+38 
7.58799e+14 5.64447e+34 8.19973e+19 4.51784e+38 
7.59275e+14 5.65873e+34 8.21709e+19 4.52046e+38 
7.59751e+14 5.67301e+34 8.23444e+19 4.52308e+38 
7.60228e+14 5.68729e+34 8.25179e+19 4.5257e+38 
7.60705e+14 5.70158e+34 8.26914e+19 4.52832e+38 
7.61182e+14 5.71588e+34 8.28648e+19 4.53094e+38 
7.6166e+14 5.73019e+34 8.30382e+19 4.53356e+38 
7.62138e+14 5.74451e+34 8.32116e+19 4.53619e+38 
7.62616e+14 5.75884e+34 8.3385e+19 4.53881e+38 
7.63095e+14 5.77317e+34 8.35584e+19 4.54144e+38 
7.63573e+14 5.78752e+34 8.37317e+19 4.54407e+38 
7.64053e+14 5.80187e+34 8.3905e+19 4.5467e+38 
7.64532e+14 5.81624e+34 8.40783e+19 4.54933e+38 
7.65012e+14 5.83061e+34 8.42515e+19 4.55196e+38 
7.65492e+14 5.84499e+34 8.44247e+19 4.55459e+38 
7.65972e+14 5.85938e+34 8.45979e+19 4.55723e+38 
7.66453e+14 5.87378e+34 8.47711e+19 4.55986e+38 
7.66934e+14 5.88819e+34 8.49443e+19 4.5625e+38 
7.67415e+14 5.9026e+34 8.51174e+19 4.56514e+38 
7.67896e+14 5.91703e+34 8.52905e+19 4.56777e+38 
7.68378e+14 5.93147e+34 8.54636e+19 4.57041e+38 
7.6886e+14 5.94591e+34 8.56366e+19 4.57305e+38 
7.69343e+14 5.96036e+34 8.58096e+19 4.5757e+38 
7.69826e+14 5.97483e+34 8.59826e+19 4.57834e+38 
7.70309e+14 5.9893e+34 8.61556e+19 4.58098e+38 
7.70792e+14 6.00378e+34 8.63286e+19 4.58363e+38 
7.71276e+14 6.01827e+34 8.65015e+19 4.58628e+38 
7.7176e+14 6.03277e+34 8.66744e+19 4.58892e+38 
7.72244e+14 6.04727e+34 8.68473e+19 4.59157e+38 
7.72729e+14 6.06179e+34 8.70201e+19 4.59422e+38 
7.73213e+14 6.07632e+34 8.7193e+19 4.59687e+38 
7.73699e+14 6.09085e+34 8.73658e+19 4.59953e+38 
7.74184e+14 6.1054e+34 8.75385e+19 4.60218e+38 
7.7467e+14 6.11995e+34 8.77113e+19 4.60483e+38 
7.75156e+14 6.13451e+34 8.7884e+19 4.60749e+38 
7.75642e+14 6.14909e+34 8.80567e+19 4.61015e+38 
7.76129e+14 6.16367e+34 8.82294e+19 4.6128e+38 
7.76616e+14 6.17826e+34 8.84021e+19 4.61546e+38 
7.77103e+14 6.19286e+34 8.85747e+19 4.61812e+38 
7.77591e+14 6.20747e+34 8.87473e+19 4.62079e+38 
7.78079e+14 6.22208e+34 8.89199e+19 4.62345e+38 
7.78567e+14 6.23671e+34 8.90925e+19 4.62611e+38 
7.79056e+14 6.25135e+34 8.9265e+19 4.62878e+38 
7.79545e+14 6.26599e+34 8.94375e+19 4.63144e+38 
7.80034e+14 6.28065e+34 8.961e+19 4.63411e+38 
7.80523e+14 6.29531e+34 8.97825e+19 4.63678e+38 
7.81013e+14 6.30998e+34 8.99549e+19 4.63945e+38 
7.81503e+14 6.32466e+34 9.01273e+19 4.64212e+38 
7.81993e+14 6.33935e+34 9.02997e+19 4.64479e+38 
7.82484e+14 6.35406e+34 9.04721e+19 4.64747e+38 
7.82975e+14 6.36876e+34 9.06444e+19 4.65014e+38 
7.83466e+14 6.38348e+34 9.08167e+19 4.65281e+38 
7.83958e+14 6.39821e+34 9.0989e+19 4.65549e+38 
7.8445e+14 6.41295e+34 9.11613e+19 4.65817e+38 
7.84942e+14 6.4277e+34 9.13335e+19 4.66085e+38 
7.85435e+14 6.44245e+34 9.15058e+19 4.66353e+38 
7.85928e+14 6.45722e+34 9.1678e+19 4.66621e+38 
7.86421e+14 6.47199e+34 9.18501e+19 4.66889e+38 
7.86914e+14 6.48677e+34 9.20223e+19 4.67158e+38 
7.87408e+14 6.50157e+34 9.21944e+19 4.67426e+38 
7.87902e+14 6.51637e+34 9.23665e+19 4.67695e+38 
7.88396e+14 6.53118e+34 9.25386e+19 4.67963e+38 
7.88891e+14 6.546e+34 9.27107e+19 4.68232e+38 
7.89386e+14 6.56083e+34 9.28827e+19 4.68501e+38 
7.89882e+14 6.57567e+34 9.30547e+19 4.6877e+38 
7.90377e+14 6.59052e+34 9.32267e+19 4.69039e+38 
7.90873e+14 6.60538e+34 9.33986e+19 4.69309e+38 
7.91369e+14 6.62025e+34 9.35706e+19 4.69578e+38 
7.91866e+14 6.63512e+34 9.37425e+19 4.69848e+38 
7.92363e+14 6.65001e+34 9.39144e+19 4.70117e+38 
7.9286e+14 6.6649e+34 9.40862e+19 4.70387e+38 
7.93358e+14 6.67981e+34 9.42581e+19 4.70657e+38 
7.93855e+14 6.69472e+34 9.44299e+19 4.70927e+38 
7.94354e+14 6.70965e+34 9.46017e+19 4.71197e+38 
7.94852e+14 6.72458e+34 9.47735e+19 4.71467e+38 
7.95351e+14 6.73952e+34 9.49452e+19 4.71738e+38 
7.9585e+14 6.75447e+34 9.51169e+19 4.72008e+38 
7.96349e+14 6.76943e+34 9.52886e+19 4.72279e+38 
7.96849e+14 6.7844e+34 9.54603e+19 4.7255e+38 
7.97349e+14 6.79938e+34 9.5632e+19 4.7282e+38 
7.97849e+14 6.81437e+34 9.58036e+19 4.73091e+38 
7.9835e+14 6.82937e+34 9.59752e+19 4.73362e+38 
7.98851e+14 6.84438e+34 9.61468e+19 4.73634e+38 
7.99352e+14 6.8594e+34 9.63184e+19 4.73905e+38 
7.99854e+14 6.87442e+34 9.64899e+19 4.74176e+38 
8.00356e+14 6.88946e+34 9.66614e+19 4.74448e+38 
8.00858e+14 6.9045e+34 9.68329e+19 4.7472e+38 
8.0136e+14 6.91956e+34 9.70044e+19 4.74991e+38 
8.01863e+14 6.93462e+34 9.71758e+19 4.75263e+38 
8.02366e+14 6.9497e+34 9.73472e+19 4.75535e+38 
8.0287e+14 6.96478e+34 9.75186e+19 4.75807e+38 
8.03374e+14 6.97987e+34 9.769e+19 4.7608e+38 
8.03878e+14 6.99498e+34 9.78613e+19 4.76352e+38 
8.04382e+14 7.01009e+34 9.80327e+19 4.76625e+38 
8.04887e+14 7.02521e+34 9.8204e+19 4.76897e+38 
8.05392e+14 7.04034e+34 9.83753e+19 4.7717e+38 
8.05897e+14 7.05548e+34 9.85465e+19 4.77443e+38 
8.06403e+14 7.07063e+34 9.87177e+19 4.77716e+38 
8.06909e+14 7.08579e+34 9.8889e+19 4.77989e+38 
8.07415e+14 7.10096e+34 9.90601e+19 4.78262e+38 
8.07922e+14 7.11614e+34 9.92313e+19 4.78535e+38 
8.08429e+14 7.13132e+34 9.94025e+19 4.78809e+38 
8.08936e+14 7.14652e+34 9.95736e+19 4.79082e+38 
8.09444e+14 7.16173e+34 9.97447e+19 4.79356e+38 
8.09952e+14 7.17694e+34 9.99157e+19 4.7963e+38 
8.1046e+14 7.19217e+34 1.00087e+20 4.79904e+38 
8.10969e+14 7.20741e+34 1.00258e+20 4.80178e+38 
8.11477e+14 7.22265e+34 1.00429e+20 4.80452e+38 
8.11987e+14 7.23791e+34 1.006e+20 4.80726e+38 
8.12496e+14 7.25317e+34 1.00771e+20 4.81001e+38 
8.13006e+14 7.26844e+34 1.00942e+20 4.81275e+38 
8.13516e+14 7.28373e+34 1.01113e+20 4.8155e+38 
8.14027e+14 7.29902e+34 1.01284e+20 4.81825e+38 
8.14537e+14 7.31432e+34 1.01454e+20 4.82099e+38 
8.15048e+14 7.32963e+34 1.01625e+20 4.82374e+38 
8.1556e+14 7.34496e+34 1.01796e+20 4.8265e+38 
8.16072e+14 7.36029e+34 1.01967e+20 4.82925e+38 
8.16584e+14 7.37563e+34 1.02138e+20 4.832e+38 
8.17096e+14 7.39098e+34 1.02308e+20 4.83476e+38 
8.17609e+14 7.40634e+34 1.02479e+20 4.83751e+38 
8.18122e+14 7.42171e+34 1.0265e+20 4.84027e+38 
8.18635e+14 7.43709e+34 1.02821e+20 4.84303e+38 
8.19149e+14 7.45248e+34 1.02991e+20 4.84579e+38 
8.19663e+14 7.46788e+34 1.03162e+20 4.84855e+38 
8.20177e+14 7.48329e+34 1.03332e+20 4.85131e+38 
8.20692e+14 7.4987e+34 1.03503e+20 4.85408e+38 
8.21207e+14 7.51413e+34 1.03674e+20 4.85684e+38 
8.21722e+14 7.52957e+34 1.03844e+20 4.85961e+38 
8.22238e+14 7.54502e+34 1.04015e+20 4.86237e+38 
8.22754e+14 7.56047e+34 1.04185e+20 4.86514e+38 
8.2327e+14 7.57594e+34 1.04356e+20 4.86791e+38 
8.23787e+14 7.59142e+34 1.04526e+20 4.87068e+38 
8.24304e+14 7.6069e+34 1.04697e+20 4.87345e+38 
8.24821e+14 7.6224e+34 1.04867e+20 4.87623e+38 
8.25338e+14 7.6379e+34 1.05037e+20 4.879e+38 
8.25856e+14 7.65342e+34 1.05208e+20 4.88178e+38 
8.26374e+14 7.66894e+34 1.05378e+20 4.88455e+38 
8.26893e+14 7.68448e+34 1.05548e+20 4.88733e+38 
8.27412e+14 7.70002e+34 1.05719e+20 4.89011e+38 
8.27931e+14 7.71558e+34 1.05889e+20 4.89289e+38 
8.28451e+14 7.73114e+34 1.06059e+20 4.89567e+38 
8.2897e+14 7.74672e+34 1.0623e+20 4.89845e+38 
8.29491e+14 7.7623e+34 1.064e+20 4.90124e+38 
8.30011e+14 7.77789e+34 1.0657e+20 4.90402e+38 
8.30532e+14 7.7935e+34 1.0674e+20 4.90681e+38 
8.31053e+14 7.80911e+34 1.0691e+20 4.9096e+38 
8.31575e+14 7.82473e+34 1.0708e+20 4.91239e+38 
8.32096e+14 7.84036e+34 1.0725e+20 4.91518e+38 
8.32618e+14 7.85601e+34 1.07421e+20 4.91797e+38 
8.33141e+14 7.87166e+34 1.07591e+20 4.92076e+38 
8.33664e+14 7.88732e+34 1.07761e+20 4.92355e+38 
8.34187e+14 7.90299e+34 1.07931e+20 4.92635e+38 
8.3471e+14 7.91867e+34 1.08101e+20 4.92914e+38 
8.35234e+14 7.93436e+34 1.08271e+20 4.93194e+38 
8.35758e+14 7.95007e+34 1.08441e+20 4.93474e+38 
8.36283e+14 7.96578e+34 1.08611e+20 4.93754e+38 
8.36807e+14 7.9815e+34 1.0878e+20 4.94034e+38 
8.37332e+14 7.99723e+34 1.0895e+20 4.94314e+38 
8.37858e+14 8.01297e+34 1.0912e+20 4.94595e+38 
8.38384e+14 8.02872e+34 1.0929e+20 4.94875e+38 
8.3891e+14 8.04448e+34 1.0946e+20 4.95156e+38 
8.39436e+14 8.06025e+34 1.0963e+20 4.95436e+38 
8.39963e+14 8.07603e+34 1.09799e+20 4.95717e+38 
8.4049e+14 8.09182e+34 1.09969e+20 4.95998e+38 
8.41017e+14 8.10762e+34 1.10139e+20 4.96279e+38 
8.41545e+14 8.12343e+34 1.10309e+20 4.96561e+38 
8.42073e+14 8.13925e+34 1.10478e+20 4.96842e+38 
8.42601e+14 8.15508e+34 1.10648e+20 4.97123e+38 
8.4313e+14 8.17092e+34 1.10818e+20 4.97405e+38 
8.43659e+14 8.18677e+34 1.10987e+20 4.97687e+38 
8.44189e+14 8.20263e+34 1.11157e+20 4.97969e+38 
8.44718e+14 8.2185e+34 1.11326e+20 4.98251e+38 
8.45248e+14 8.23438e+34 1.11496e+20 4.98533e+38 
8.45779e+14 8.25027e+34 1.11666e+20 4.98815e+38 
8.46309e+14 8.26617e+34 1.11835e+20 4.99097e+38 
8.46841e+14 8.28208e+34 1.12005e+20 4.9938e+38 
8.47372e+14 8.298e+34 1.12174e+20 4.99662e+38 
8.47904e+14 8.31393e+34 1.12343e+20 4.99945e+38 
8.48436e+14 8.32987e+34 1.12513e+20 5.00228e+38 
8.48968e+14 8.34582e+34 1.12682e+20 5.00511e+38 
8.49501e+14 8.36177e+34 1.12852e+20 5.00794e+38 
8.50034e+14 8.37774e+34 1.13021e+20 5.01077e+38 
8.50567e+14 8.39372e+34 1.1319e+20 5.0136e+38 
8.51101e+14 8.40971e+34 1.1336e+20 5.01644e+38 
8.51635e+14 8.42571e+34 1.13529e+20 5.01927e+38 
8.52169e+14 8.44172e+34 1.13698e+20 5.02211e+38 
8.52704e+14 8.45774e+34 1.13868e+20 5.02495e+38 
8.53239e+14 8.47377e+34 1.14037e+20 5.02779e+38 
8.53775e+14 8.48981e+34 1.14206e+20 5.03063e+38 
8.5431e+14 8.50586e+34 1.14375e+20 5.03347e+38 
8.54846e+14 8.52192e+34 1.14544e+20 5.03631e+38 
8.55383e+14 8.53799e+34 1.14714e+20 5.03916e+38 
8.5592e+14 8.55407e+34 1.14883e+20 5.042e+38 
8.56457e+14 8.57016e+34 1.15052e+20 5.04485e+38 
8.56994e+14 8.58626e+34 1.15221e+20 5.0477e+38 
8.57532e+14 8.60237e+34 1.1539e+20 5.05055e+38 
8.5807e+14 8.61849e+34 1.15559e+20 5.0534e+38 
8.58608e+14 8.63462e+34 1.15728e+20 5.05625e+38 
8.59147e+14 8.65076e+34 1.15897e+20 5.0591e+38 
8.59686e+14 8.66691e+34 1.16066e+20 5.06196e+38 
8.60226e+14 8.68307e+34 1.16235e+20 5.06481e+38 
8.60765e+14 8.69925e+34 1.16404e+20 5.06767e+38 
8.61306e+14 8.71543e+34 1.16573e+20 5.07053e+38 
8.61846e+14 8.73162e+34 1.16742e+20 5.07339e+38 
8.62387e+14 8.74782e+34 1.16911e+20 5.07625e+38 
8.62928e+14 8.76403e+34 1.17079e+20 5.07911e+38 
8.63469e+14 8.78025e+34 1.17248e+20 5.08197e+38 
8.64011e+14 8.79649e+34 1.17417e+20 5.08484e+38 
8.64553e+14 8.81273e+34 1.17586e+20 5.0877e+38 
8.65096e+14 8.82898e+34 1.17755e+20 5.09057e+38 
8.65639e+14 8.84524e+34 1.17923e+20 5.09344e+38 
8.66182e+14 8.86152e+34 1.18092e+20 5.09631e+38 
8.66725e+14 8.8778e+34 1.18261e+20 5.09918e+38 
8.67269e+14 8.89409e+34 1.1843e+20 5.10205e+38 
8.67813e+14 8.9104e+34 1.18598e+20 5.10493e+38 
8.68358e+14 8.92671e+34 1.18767e+20 5.1078e+38 
8.68903e+14 8.94303e+34 1.18936e+20 5.11068e+38 
8.69448e+14 8.95937e+34 1.19104e+20 5.11355e+38 
8.69994e+14 8.97571e+34 1.19273e+20 5.11643e+38 
8.7054e+14 8.99207e+34 1.19441e+20 5.11931e+38 
8.71086e+14 9.00843e+34 1.1961e+20 5.12219e+38 
8.71632e+14 9.02481e+34 1.19778e+20 5.12507e+38 
8.72179e+14 9.04119e+34 1.19947e+20 5.12796e+38 
8.72727e+14 9.05759e+34 1.20115e+20 5.13084e+38 
8.73274e+14 9.07399e+34 1.20284e+20 5.13373e+38 
8.73822e+14 9.09041e+34 1.20452e+20 5.13662e+38 
8.74371e+14 9.10684e+34 1.20621e+20 5.1395e+38 
8.74919e+14 9.12327e+34 1.20789e+20 5.14239e+38 
8.75468e+14 9.13972e+34 1.20957e+20 5.14528e+38 
8.76018e+14 9.15618e+34 1.21126e+20 5.14818e+38 
8.76567e+14 9.17265e+34 1.21294e+20 5.15107e+38 
8.77117e+14 9.18912e+34 1.21462e+20 5.15397e+38 
8.77668e+14 9.20561e+34 1.21631e+20 5.15686e+38 
8.78218e+14 9.22211e+34 1.21799e+20 5.15976e+38 
8.7877e+14 9.23862e+34 1.21967e+20 5.16266e+38 
8.79321e+14 9.25514e+34 1.22136e+20 5.16556e+38 
8.79873e+14 9.27167e+34 1.22304e+20 5.16846e+38 
8.80425e+14 9.28821e+34 1.22472e+20 5.17136e+38 
8.80977e+14 9.30476e+34 1.2264e+20 5.17427e+38 
8.8153e+14 9.32132e+34 1.22808e+20 5.17717e+38 
8.82083e+14 9.3379e+34 1.22976e+20 5.18008e+38 
8.82637e+14 9.35448e+34 1.23145e+20 5.18298e+38 
8.83191e+14 9.37107e+34 1.23313e+20 5.18589e+38 
8.83745e+14 9.38767e+34 1.23481e+20 5.1888e+38 
8.84299e+14 9.40429e+34 1.23649e+20 5.19172e+38 
8.84854e+14 9.42091e+34 1.23817e+20 5.19463e+38 
8.85409e+14 9.43754e+34 1.23985e+20 5.19754e+38 
8.85965e+14 9.45419e+34 1.24153e+20 5.20046e+38 
8.86521e+14 9.47084e+34 1.24321e+20 5.20337e+38 
8.87077e+14 9.48751e+34 1.24489e+20 5.20629e+38 
8.87634e+14 9.50418e+34 1.24657e+20 5.20921e+38 
8.88191e+14 9.52087e+34 1.24825e+20 5.21213e+38 
8.88748e+14 9.53757e+34 1.24992e+20 5.21505e+38 
8.89306e+14 9.55427e+34 1.2516e+20 5.21798e+38 
8.89864e+14 9.57099e+34 1.25328e+20 5.2209e+38 
8.90422e+14 9.58772e+34 1.25496e+20 5.22383e+38 
8.90981e+14 9.60446e+34 1.25664e+20 5.22675e+38 
8.9154e+14 9.62121e+34 1.25832e+20 5.22968e+38 
8.92099e+14 9.63797e+34 1.25999e+20 5.23261e+38 
8.92659e+14 9.65474e+34 1.26167e+20 5.23554e+38 
8.93219e+14 9.67152e+34 1.26335e+20 5.23847e+38 
8.9378e+14 9.68831e+34 1.26503e+20 5.24141e+38 
8.94341e+14 9.70511e+34 1.2667e+20 5.24434e+38 
8.94902e+14 9.72192e+34 1.26838e+20 5.24728e+38 
8.95463e+14 9.73875e+34 1.27006e+20 5.25022e+38 
8.96025e+14 9.75558e+34 1.27173e+20 5.25315e+38 
8.96588e+14 9.77242e+34 1.27341e+20 5.25609e+38 
8.9715e+14 9.78928e+34 1.27508e+20 5.25903e+38 
8.97713e+14 9.80614e+34 1.27676e+20 5.26198e+38 
8.98276e+14 9.82302e+34 1.27844e+20 5.26492e+38 
8.9884e+14 9.83991e+34 1.28011e+20 5.26787e+38 
8.99404e+14 9.8568e+34 1.28179e+20 5.27081e+38 
8.99968e+14 9.87371e+34 1.28346e+20 5.27376e+38 
9.00533e+14 9.89063e+34 1.28514e+20 5.27671e+38 
9.01098e+14 9.90756e+34 1.28681e+20 5.27966e+38 
9.01664e+14 9.9245e+34 1.28848e+20 5.28261e+38 
9.02229e+14 9.94145e+34 1.29016e+20 5.28556e+38 
9.02796e+14 9.95841e+34 1.29183e+20 5.28852e+38 
9.03362e+14 9.97538e+34 1.29351e+20 5.29147e+38 
9.03929e+14 9.99236e+34 1.29518e+20 5.29443e+38 
9.04496e+14 1.00094e+35 1.29685e+20 5.29739e+38 
9.05064e+14 1.00264e+35 1.29853e+20 5.30035e+38 
9.05632e+14 1.00434e+35 1.3002e+20 5.30331e+38 
9.062e+14 1.00604e+35 1.30187e+20 5.30627e+38 
9.06769e+14 1.00774e+35 1.30354e+20 5.30923e+38 
9.07338e+14 1.00945e+35 1.30522e+20 5.3122e+38 
9.07907e+14 1.01115e+35 1.30689e+20 5.31516e+38 
9.08477e+14 1.01286e+35 1.30856e+20 5.31813e+38 
9.09047e+14 1.01457e+35 1.31023e+20 5.3211e+38 
9.09617e+14 1.01628e+35 1.3119e+20 5.32407e+38 
9.10188e+14 1.01799e+35 1.31358e+20 5.32704e+38 
9.10759e+14 1.0197e+35 1.31525e+20 5.33001e+38 
9.1133e+14 1.02141e+35 1.31692e+20 5.33299e+38 
9.11902e+14 1.02312e+35 1.31859e+20 5.33596e+38 
9.12475e+14 1.02484e+35 1.32026e+20 5.33894e+38 
9.13047e+14 1.02655e+35 1.32193e+20 5.34192e+38 
9.1362e+14 1.02827e+35 1.3236e+20 5.34489e+38 
9.14193e+14 1.02999e+35 1.32527e+20 5.34787e+38 
9.14767e+14 1.03171e+35 1.32694e+20 5.35086e+38 
9.15341e+14 1.03342e+35 1.32861e+20 5.35384e+38 
9.15915e+14 1.03515e+35 1.33028e+20 5.35682e+38 
9.1649e+14 1.03687e+35 1.33195e+20 5.35981e+38 
9.17065e+14 1.03859e+35 1.33362e+20 5.3628e+38 
9.17641e+14 1.04031e+35 1.33529e+20 5.36578e+38 
9.18216e+14 1.04204e+35 1.33696e+20 5.36877e+38 
9.18793e+14 1.04377e+35 1.33862e+20 5.37176e+38 
9.19369e+14 1.04549e+35 1.34029e+20 5.37476e+38 
9.19946e+14 1.04722e+35 1.34196e+20 5.37775e+38 
9.20523e+14 1.04895e+35 1.34363e+20 5.38075e+38 
9.21101e+14 1.05068e+35 1.3453e+20 5.38374e+38 
9.21679e+14 1.05241e+35 1.34696e+20 5.38674e+38 
9.22257e+14 1.05414e+35 1.34863e+20 5.38974e+38 
9.22836e+14 1.05588e+35 1.3503e+20 5.39274e+38 
9.23415e+14 1.05761e+35 1.35196e+20 5.39574e+38 
9.23994e+14 1.05935e+35 1.35363e+20 5.39874e+38 
9.24574e+14 1.06109e+35 1.3553e+20 5.40175e+38 
9.25154e+14 1.06282e+35 1.35696e+20 5.40475e+38 
9.25735e+14 1.06456e+35 1.35863e+20 5.40776e+38 
9.26316e+14 1.0663e+35 1.3603e+20 5.41077e+38 
9.26897e+14 1.06804e+35 1.36196e+20 5.41378e+38 
9.27479e+14 1.06979e+35 1.36363e+20 5.41679e+38 
9.28061e+14 1.07153e+35 1.36529e+20 5.4198e+38 
9.28643e+14 1.07328e+35 1.36696e+20 5.42281e+38 
9.29226e+14 1.07502e+35 1.36862e+20 5.42583e+38 
9.29809e+14 1.07677e+35 1.37029e+20 5.42884e+38 
9.30392e+14 1.07852e+35 1.37195e+20 5.43186e+38 
9.30976e+14 1.08027e+35 1.37362e+20 5.43488e+38 
9.3156e+14 1.08202e+35 1.37528e+20 5.4379e+38 
9.32145e+14 1.08377e+35 1.37695e+20 5.44092e+38 
9.3273e+14 1.08552e+35 1.37861e+20 5.44394e+38 
9.33315e+14 1.08727e+35 1.38027e+20 5.44697e+38 
9.33901e+14 1.08903e+35 1.38194e+20 5.44999e+38 
9.34487e+14 1.09078e+35 1.3836e+20 5.45302e+38 
9.35073e+14 1.09254e+35 1.38526e+20 5.45605e+38 
9.3566e+14 1.0943e+35 1.38693e+20 5.45908e+38 
9.36247e+14 1.09606e+35 1.38859e+20 5.46211e+38 
9.36834e+14 1.09782e+35 1.39025e+20 5.46514e+38 
9.37422e+14 1.09958e+35 1.39191e+20 5.46817e+38 
9.3801e+14 1.10134e+35 1.39358e+20 5.47121e+38 
9.38599e+14 1.1031e+35 1.39524e+20 5.47425e+38 
9.39188e+14 1.10487e+35 1.3969e+20 5.47728e+38 
9.39777e+14 1.10663e+35 1.39856e+20 5.48032e+38 
9.40367e+14 1.1084e+35 1.40022e+20 5.48336e+38 
9.40957e+14 1.11017e+35 1.40189e+20 5.4864e+38 
9.41547e+14 1.11194e+35 1.40355e+20 5.48945e+38 
9.42138e+14 1.11371e+35 1.40521e+20 5.49249e+38 
9.42729e+14 1.11548e+35 1.40687e+20 5.49554e+38 
9.43321e+14 1.11725e+35 1.40853e+20 5.49858e+38 
9.43913e+14 1.11902e+35 1.41019e+20 5.50163e+38 
9.44505e+14 1.1208e+35 1.41185e+20 5.50468e+38 
9.45098e+14 1.12257e+35 1.41351e+20 5.50773e+38 
9.45691e+14 1.12435e+35 1.41517e+20 5.51078e+38 
9.46284e+14 1.12613e+35 1.41683e+20 5.51384e+38 
9.46878e+14 1.12791e+35 1.41849e+20 5.51689e+38 
9.47472e+14 1.12969e+35 1.42015e+20 5.51995e+38 
9.48067e+14 1.13147e+35 1.42181e+20 5.52301e+38 
9.48662e+14 1.13325e+35 1.42346e+20 5.52607e+38 
9.49257e+14 1.13503e+35 1.42512e+20 5.52913e+38 
9.49853e+14 1.13682e+35 1.42678e+20 5.53219e+38 
9.50449e+14 1.1386e+35 1.42844e+20 5.53525e+38 
9.51045e+14 1.14039e+35 1.4301e+20 5.53832e+38 
9.51642e+14 1.14218e+35 1.43176e+20 5.54138e+38 
9.52239e+14 1.14397e+35 1.43341e+20 5.54445e+38 
9.52836e+14 1.14576e+35 1.43507e+20 5.54752e+38 
9.53434e+14 1.14755e+35 1.43673e+20 5.55059e+38 
9.54033e+14 1.14934e+35 1.43839e+20 5.55366e+38 
9.54631e+14 1.15113e+35 1.44004e+20 5.55673e+38 
9.5523e+14 1.15293e+35 1.4417e+20 5.55981e+38 
9.5583e+14 1.15472e+35 1.44336e+20 5.56288e+38 
9.56429e+14 1.15652e+35 1.44501e+20 5.56596e+38 
9.5703e+14 1.15832e+35 1.44667e+20 5.56904e+38 
9.5763e+14 1.16012e+35 1.44833e+20 5.57212e+38 
9.58231e+14 1.16192e+35 1.44998e+20 5.5752e+38 
9.58832e+14 1.16372e+35 1.45164e+20 5.57828e+38 
9.59434e+14 1.16552e+35 1.45329e+20 5.58136e+38 
9.60036e+14 1.16732e+35 1.45495e+20 5.58445e+38 
9.60638e+14 1.16913e+35 1.4566e+20 5.58753e+38 
9.61241e+14 1.17094e+35 1.45826e+20 5.59062e+38 
9.61844e+14 1.17274e+35 1.45991e+20 5.59371e+38 
9.62448e+14 1.17455e+35 1.46157e+20 5.5968e+38 
9.63052e+14 1.17636e+35 1.46322e+20 5.59989e+38 
9.63656e+14 1.17817e+35 1.46488e+20 5.60299e+38 
9.64261e+14 1.17998e+35 1.46653e+20 5.60608e+38 
9.64866e+14 1.18179e+35 1.46819e+20 5.60918e+38 
9.65471e+14 1.18361e+35 1.46984e+20 5.61227e+38 
9.66077e+14 1.18542e+35 1.47149e+20 5.61537e+38 
9.66683e+14 1.18724e+35 1.47315e+20 5.61847e+38 
9.6729e+14 1.18906e+35 1.4748e+20 5.62157e+38 
9.67897e+14 1.19087e+35 1.47645e+20 5.62468e+38 
9.68504e+14 1.19269e+35 1.47811e+20 5.62778e+38 
9.69112e+14 1.19451e+35 1.47976e+20 5.63089e+38 
9.6972e+14 1.19634e+35 1.48141e+20 5.63399e+38 
9.70329e+14 1.19816e+35 1.48306e+20 5.6371e+38 
9.70937e+14 1.19998e+35 1.48472e+20 5.64021e+38 
9.71547e+14 1.20181e+35 1.48637e+20 5.64332e+38 
9.72156e+14 1.20364e+35 1.48802e+20 5.64643e+38 
9.72766e+14 1.20546e+35 1.48967e+20 5.64955e+38 
9.73377e+14 1.20729e+35 1.49132e+20 5.65266e+38 
9.73988e+14 1.20912e+35 1.49297e+20 5.65578e+38 
9.74599e+14 1.21095e+35 1.49463e+20 5.6589e+38 
9.7521e+14 1.21278e+35 1.49628e+20 5.66202e+38 
9.75822e+14 1.21462e+35 1.49793e+20 5.66514e+38 
9.76435e+14 1.21645e+35 1.49958e+20 5.66826e+38 
9.77047e+14 1.21829e+35 1.50123e+20 5.67138e+38 
9.7766e+14 1.22012e+35 1.50288e+20 5.67451e+38 
9.78274e+14 1.22196e+35 1.50453e+20 5.67763e+38 
9.78888e+14 1.2238e+35 1.50618e+20 5.68076e+38 
9.79502e+14 1.22564e+35 1.50783e+20 5.68389e+38 
9.80117e+14 1.22748e+35 1.50948e+20 5.68702e+38 
9.80732e+14 1.22933e+35 1.51113e+20 5.69015e+38 
9.81347e+14 1.23117e+35 1.51278e+20 5.69329e+38 
9.81963e+14 1.23301e+35 1.51442e+20 5.69642e+38 
9.82579e+14 1.23486e+35 1.51607e+20 5.69956e+38 
9.83195e+14 1.23671e+35 1.51772e+20 5.70269e+38 
9.83812e+14 1.23855e+35 1.51937e+20 5.70583e+38 
9.8443e+14 1.2404e+35 1.52102e+20 5.70897e+38 
9.85047e+14 1.24225e+35 1.52267e+20 5.71211e+38 
9.85666e+14 1.24411e+35 1.52431e+20 5.71526e+38 
9.86284e+14 1.24596e+35 1.52596e+20 5.7184e+38 
9.86903e+14 1.24781e+35 1.52761e+20 5.72155e+38 
9.87522e+14 1.24967e+35 1.52926e+20 5.72469e+38 
9.88142e+14 1.25153e+35 1.5309e+20 5.72784e+38 
9.88762e+14 1.25338e+35 1.53255e+20 5.73099e+38 
9.89382e+14 1.25524e+35 1.5342e+20 5.73414e+38 
9.90003e+14 1.2571e+35 1.53585e+20 5.7373e+38 
9.90624e+14 1.25896e+35 1.53749e+20 5.74045e+38 
9.91246e+14 1.26082e+35 1.53914e+20 5.74361e+38 
9.91868e+14 1.26269e+35 1.54078e+20 5.74676e+38 
9.9249e+14 1.26455e+35 1.54243e+20 5.74992e+38 
9.93113e+14 1.26642e+35 1.54408e+20 5.75308e+38 
9.93736e+14 1.26829e+35 1.54572e+20 5.75624e+38 
9.9436e+14 1.27015e+35 1.54737e+20 5.75941e+38 
9.94984e+14 1.27202e+35 1.54901e+20 5.76257e+38 
9.95608e+14 1.27389e+35 1.55066e+20 5.76573e+38 
9.96233e+14 1.27576e+35 1.5523e+20 5.7689e+38 
9.96858e+14 1.27764e+35 1.55395e+20 5.77207e+38 
9.97484e+14 1.27951e+35 1.55559e+20 5.77524e+38 
9.98109e+14 1.28139e+35 1.55724e+20 5.77841e+38 
9.98736e+14 1.28326e+35 1.55888e+20 5.78158e+38 
9.99362e+14 1.28514e+35 1.56053e+20 5.78476e+38 
9.9999e+14 1.28702e+35 1.56217e+20 5.78793e+38 
1.00062e+15 1.2889e+35 1.56381e+20 5.79111e+38 
1.00124e+15 1.29078e+35 1.56546e+20 5.79429e+38 
1.00187e+15 1.29266e+35 1.5671e+20 5.79747e+38 
1.0025e+15 1.29455e+35 1.56874e+20 5.80065e+38 
1.00313e+15 1.29643e+35 1.57039e+20 5.80383e+38 
1.00376e+15 1.29832e+35 1.57203e+20 5.80701e+38 
1.00439e+15 1.3002e+35 1.57367e+20 5.8102e+38 
1.00502e+15 1.30209e+35 1.57531e+20 5.81338e+38 
1.00565e+15 1.30398e+35 1.57696e+20 5.81657e+38 
1.00628e+15 1.30587e+35 1.5786e+20 5.81976e+38 
1.00691e+15 1.30776e+35 1.58024e+20 5.82295e+38 
1.00755e+15 1.30966e+35 1.58188e+20 5.82614e+38 
1.00818e+15 1.31155e+35 1.58353e+20 5.82934e+38 
1.00881e+15 1.31344e+35 1.58517e+20 5.83253e+38 
1.00944e+15 1.31534e+35 1.58681e+20 5.83573e+38 
1.01008e+15 1.31724e+35 1.58845e+20 5.83893e+38 
1.01071e+15 1.31914e+35 1.59009e+20 5.84213e+38 
1.01134e+15 1.32104e+35 1.59173e+20 5.84533e+38 
1.01198e+15 1.32294e+35 1.59337e+20 5.84853e+38 
1.01261e+15 1.32484e+35 1.59501e+20 5.85173e+38 
1.01325e+15 1.32674e+35 1.59665e+20 5.85494e+38 
1.01389e+15 1.32865e+35 1.59829e+20 5.85815e+38 
1.01452e+15 1.33056e+35 1.59993e+20 5.86135e+38 
1.01516e+15 1.33246e+35 1.60157e+20 5.86456e+38 
1.0158e+15 1.33437e+35 1.60321e+20 5.86777e+38 
1.01643e+15 1.33628e+35 1.60485e+20 5.87099e+38 
1.01707e+15 1.33819e+35 1.60649e+20 5.8742e+38 
1.01771e+15 1.3401e+35 1.60813e+20 5.87741e+38 
1.01835e+15 1.34202e+35 1.60977e+20 5.88063e+38 
1.01899e+15 1.34393e+35 1.61141e+20 5.88385e+38 
1.01963e+15 1.34585e+35 1.61305e+20 5.88707e+38 
1.02027e+15 1.34776e+35 1.61469e+20 5.89029e+38 
1.02091e+15 1.34968e+35 1.61632e+20 5.89351e+38 
1.02155e+15 1.3516e+35 1.61796e+20 5.89673e+38 
1.02219e+15 1.35352e+35 1.6196e+20 5.89996e+38 
1.02283e+15 1.35544e+35 1.62124e+20 5.90319e+38 
1.02347e+15 1.35736e+35 1.62288e+20 5.90641e+38 
1.02411e+15 1.35929e+35 1.62451e+20 5.90964e+38 
1.02476e+15 1.36121e+35 1.62615e+20 5.91287e+38 
1.0254e+15 1.36314e+35 1.62779e+20 5.91611e+38 
1.02604e+15 1.36507e+35 1.62943e+20 5.91934e+38 
1.02669e+15 1.367e+35 1.63106e+20 5.92257e+38 
1.02733e+15 1.36893e+35 1.6327e+20 5.92581e+38 
1.02797e+15 1.37086e+35 1.63434e+20 5.92905e+38 
1.02862e+15 1.37279e+35 1.63597e+20 5.93229e+38 
1.02926e+15 1.37472e+35 1.63761e+20 5.93553e+38 
1.02991e+15 1.37666e+35 1.63924e+20 5.93877e+38 
1.03056e+15 1.3786e+35 1.64088e+20 5.94201e+38 
1.0312e+15 1.38053e+35 1.64252e+20 5.94526e+38 
1.03185e+15 1.38247e+35 1.64415e+20 5.94851e+38 
1.0325e+15 1.38441e+35 1.64579e+20 5.95175e+38 
1.03315e+15 1.38635e+35 1.64742e+20 5.955e+38 
1.03379e+15 1.38829e+35 1.64906e+20 5.95826e+38 
1.03444e+15 1.39024e+35 1.65069e+20 5.96151e+38 
1.03509e+15 1.39218e+35 1.65233e+20 5.96476e+38 
1.03574e+15 1.39413e+35 1.65396e+20 5.96802e+38 
1.03639e+15 1.39607e+35 1.6556e+20 5.97127e+38 
1.03704e+15 1.39802e+35 1.65723e+20 5.97453e+38 
1.03769e+15 1.39997e+35 1.65886e+20 5.97779e+38 
1.03834e+15 1.40192e+35 1.6605e+20 5.98105e+38 
1.039e+15 1.40388e+35 1.66213e+20 5.98432e+38 
1.03965e+15 1.40583e+35 1.66377e+20 5.98758e+38 
1.0403e+15 1.40778e+35 1.6654e+20 5.99084e+38 
1.04095e+15 1.40974e+35 1.66703e+20 5.99411e+38 
1.04161e+15 1.4117e+35 1.66867e+20 5.99738e+38 
1.04226e+15 1.41365e+35 1.6703e+20 6.00065e+38 
1.04291e+15 1.41561e+35 1.67193e+20 6.00392e+38 
1.04357e+15 1.41757e+35 1.67356e+20 6.00719e+38 
1.04422e+15 1.41953e+35 1.6752e+20 6.01047e+38 
1.04488e+15 1.4215e+35 1.67683e+20 6.01374e+38 
1.04553e+15 1.42346e+35 1.67846e+20 6.01702e+38 
1.04619e+15 1.42543e+35 1.68009e+20 6.0203e+38 
1.04685e+15 1.42739e+35 1.68172e+20 6.02358e+38 
1.0475e+15 1.42936e+35 1.68336e+20 6.02686e+38 
1.04816e+15 1.43133e+35 1.68499e+20 6.03014e+38 
1.04882e+15 1.4333e+35 1.68662e+20 6.03343e+38 
1.04948e+15 1.43527e+35 1.68825e+20 6.03671e+38 
1.05013e+15 1.43725e+35 1.68988e+20 6.04e+38 
1.05079e+15 1.43922e+35 1.69151e+20 6.04329e+38 
1.05145e+15 1.4412e+35 1.69314e+20 6.04658e+38 
1.05211e+15 1.44317e+35 1.69477e+20 6.04987e+38 
1.05277e+15 1.44515e+35 1.6964e+20 6.05317e+38 
1.05343e+15 1.44713e+35 1.69803e+20 6.05646e+38 
1.05409e+15 1.44911e+35 1.69966e+20 6.05976e+38 
1.05476e+15 1.45109e+35 1.70129e+20 6.06306e+38 
1.05542e+15 1.45307e+35 1.70292e+20 6.06635e+38 
1.05608e+15 1.45506e+35 1.70455e+20 6.06965e+38 
1.05674e+15 1.45704e+35 1.70618e+20 6.07296e+38 
1.05741e+15 1.45903e+35 1.70781e+20 6.07626e+38 
1.05807e+15 1.46102e+35 1.70944e+20 6.07957e+38 
1.05873e+15 1.46301e+35 1.71107e+20 6.08287e+38 
1.0594e+15 1.465e+35 1.7127e+20 6.08618e+38 
1.06006e+15 1.46699e+35 1.71433e+20 6.08949e+38 
1.06073e+15 1.46898e+35 1.71595e+20 6.0928e+38 
1.06139e+15 1.47098e+35 1.71758e+20 6.09611e+38 
1.06206e+15 1.47297e+35 1.71921e+20 6.09943e+38 
1.06273e+15 1.47497e+35 1.72084e+20 6.10274e+38 
1.06339e+15 1.47696e+35 1.72247e+20 6.10606e+38 
1.06406e+15 1.47896e+35 1.72409e+20 6.10938e+38 
1.06473e+15 1.48096e+35 1.72572e+20 6.1127e+38 
1.0654e+15 1.48297e+35 1.72735e+20 6.11602e+38 
1.06606e+15 1.48497e+35 1.72898e+20 6.11934e+38 
1.06673e+15 1.48697e+35 1.7306e+20 6.12267e+38 
1.0674e+15 1.48898e+35 1.73223e+20 6.12599e+38 
1.06807e+15 1.49098e+35 1.73386e+20 6.12932e+38 
1.06874e+15 1.49299e+35 1.73548e+20 6.13265e+38 
1.06941e+15 1.495e+35 1.73711e+20 6.13598e+38 
1.07008e+15 1.49701e+35 1.73874e+20 6.13931e+38 
1.07076e+15 1.49902e+35 1.74036e+20 6.14264e+38 
1.07143e+15 1.50104e+35 1.74199e+20 6.14598e+38 
1.0721e+15 1.50305e+35 1.74361e+20 6.14931e+38 
1.07277e+15 1.50507e+35 1.74524e+20 6.15265e+38 
1.07345e+15 1.50708e+35 1.74687e+20 6.15599e+38 
1.07412e+15 1.5091e+35 1.74849e+20 6.15933e+38 
1.07479e+15 1.51112e+35 1.75012e+20 6.16267e+38 
1.07547e+15 1.51314e+35 1.75174e+20 6.16602e+38 
1.07614e+15 1.51516e+35 1.75337e+20 6.16936e+38 
1.07682e+15 1.51718e+35 1.75499e+20 6.17271e+38 
1.07749e+15 1.51921e+35 1.75661e+20 6.17606e+38 
1.07817e+15 1.52123e+35 1.75824e+20 6.17941e+38 
1.07885e+15 1.52326e+35 1.75986e+20 6.18276e+38 
1.07952e+15 1.52529e+35 1.76149e+20 6.18611e+38 
1.0802e+15 1.52732e+35 1.76311e+20 6.18946e+38 
1.08088e+15 1.52935e+35 1.76473e+20 6.19282e+38 
1.08156e+15 1.53138e+35 1.76636e+20 6.19618e+38 
1.08223e+15 1.53341e+35 1.76798e+20 6.19953e+38 
1.08291e+15 1.53545e+35 1.76961e+20 6.20289e+38 
1.08359e+15 1.53748e+35 1.77123e+20 6.20626e+38 
1.08427e+15 1.53952e+35 1.77285e+20 6.20962e+38 
1.08495e+15 1.54156e+35 1.77447e+20 6.21298e+38 
1.08563e+15 1.5436e+35 1.7761e+20 6.21635e+38 
1.08632e+15 1.54564e+35 1.77772e+20 6.21972e+38 
1.087e+15 1.54768e+35 1.77934e+20 6.22309e+38 
1.08768e+15 1.54973e+35 1.78096e+20 6.22646e+38 
1.08836e+15 1.55177e+35 1.78259e+20 6.22983e+38 
1.08905e+15 1.55382e+35 1.78421e+20 6.2332e+38 
1.08973e+15 1.55586e+35 1.78583e+20 6.23658e+38 
1.09041e+15 1.55791e+35 1.78745e+20 6.23995e+38 
1.0911e+15 1.55996e+35 1.78907e+20 6.24333e+38 
1.09178e+15 1.56201e+35 1.79069e+20 6.24671e+38 
1.09247e+15 1.56407e+35 1.79231e+20 6.25009e+38 
1.09315e+15 1.56612e+35 1.79394e+20 6.25348e+38 
1.09384e+15 1.56817e+35 1.79556e+20 6.25686e+38 
1.09452e+15 1.57023e+35 1.79718e+20 6.26025e+38 
1.09521e+15 1.57229e+35 1.7988e+20 6.26363e+38 
1.0959e+15 1.57435e+35 1.80042e+20 6.26702e+38 
1.09659e+15 1.57641e+35 1.80204e+20 6.27041e+38 
1.09727e+15 1.57847e+35 1.80366e+20 6.2738e+38 
1.09796e+15 1.58053e+35 1.80528e+20 6.2772e+38 
1.09865e+15 1.5826e+35 1.8069e+20 6.28059e+38 
1.09934e+15 1.58466e+35 1.80852e+20 6.28399e+38 
1.10003e+15 1.58673e+35 1.81014e+20 6.28739e+38 
1.10072e+15 1.58879e+35 1.81176e+20 6.29079e+38 
1.10141e+15 1.59086e+35 1.81338e+20 6.29419e+38 
1.1021e+15 1.59293e+35 1.81499e+20 6.29759e+38 
1.10279e+15 1.59501e+35 1.81661e+20 6.30099e+38 
1.10349e+15 1.59708e+35 1.81823e+20 6.3044e+38 
1.10418e+15 1.59915e+35 1.81985e+20 6.3078e+38 
1.10487e+15 1.60123e+35 1.82147e+20 6.31121e+38 
1.10556e+15 1.60331e+35 1.82309e+20 6.31462e+38 
1.10626e+15 1.60538e+35 1.82471e+20 6.31803e+38 
1.10695e+15 1.60746e+35 1.82632e+20 6.32145e+38 
1.10765e+15 1.60955e+35 1.82794e+20 6.32486e+38 
1.10834e+15 1.61163e+35 1.82956e+20 6.32828e+38 
1.10904e+15 1.61371e+35 1.83118e+20 6.3317e+38 
1.10973e+15 1.6158e+35 1.83279e+20 6.33512e+38 
1.11043e+15 1.61788e+35 1.83441e+20 6.33854e+38 
1.11113e+15 1.61997e+35 1.83603e+20 6.34196e+38 
1.11182e+15 1.62206e+35 1.83764e+20 6.34538e+38 
1.11252e+15 1.62415e+35 1.83926e+20 6.34881e+38 
1.11322e+15 1.62624e+35 1.84088e+20 6.35223e+38 
1.11392e+15 1.62833e+35 1.84249e+20 6.35566e+38 
1.11462e+15 1.63043e+35 1.84411e+20 6.35909e+38 
1.11532e+15 1.63252e+35 1.84573e+20 6.36252e+38 
1.11602e+15 1.63462e+35 1.84734e+20 6.36596e+38 
1.11672e+15 1.63672e+35 1.84896e+20 6.36939e+38 
1.11742e+15 1.63882e+35 1.85057e+20 6.37283e+38 
1.11812e+15 1.64092e+35 1.85219e+20 6.37626e+38 
1.11882e+15 1.64302e+35 1.85381e+20 6.3797e+38 
1.11952e+15 1.64512e+35 1.85542e+20 6.38314e+38 
1.12022e+15 1.64723e+35 1.85704e+20 6.38659e+38 
1.12093e+15 1.64933e+35 1.85865e+20 6.39003e+38 
1.12163e+15 1.65144e+35 1.86027e+20 6.39348e+38 
1.12233e+15 1.65355e+35 1.86188e+20 6.39692e+38 
1.12304e+15 1.65566e+35 1.86349e+20 6.40037e+38 
1.12374e+15 1.65777e+35 1.86511e+20 6.40382e+38 
1.12445e+15 1.65988e+35 1.86672e+20 6.40727e+38 
1.12515e+15 1.66199e+35 1.86834e+20 6.41073e+38 
1.12586e+15 1.66411e+35 1.86995e+20 6.41418e+38 
1.12657e+15 1.66623e+35 1.87157e+20 6.41764e+38 
1.12727e+15 1.66834e+35 1.87318e+20 6.42109e+38 
1.12798e+15 1.67046e+35 1.87479e+20 6.42455e+38 
1.12869e+15 1.67258e+35 1.87641e+20 6.42801e+38 
1.1294e+15 1.67471e+35 1.87802e+20 6.43148e+38 
1.13011e+15 1.67683e+35 1.87963e+20 6.43494e+38 
1.13082e+15 1.67895e+35 1.88124e+20 6.4384e+38 
1.13152e+15 1.68108e+35 1.88286e+20 6.44187e+38 
1.13223e+15 1.68321e+35 1.88447e+20 6.44534e+38 
1.13295e+15 1.68533e+35 1.88608e+20 6.44881e+38 
1.13366e+15 1.68746e+35 1.8877e+20 6.45228e+38 
1.13437e+15 1.6896e+35 1.88931e+20 6.45576e+38 
1.13508e+15 1.69173e+35 1.89092e+20 6.45923e+38 
1.13579e+15 1.69386e+35 1.89253e+20 6.46271e+38 
1.1365e+15 1.696e+35 1.89414e+20 6.46618e+38 
1.13722e+15 1.69813e+35 1.89575e+20 6.46966e+38 
1.13793e+15 1.70027e+35 1.89737e+20 6.47314e+38 
1.13865e+15 1.70241e+35 1.89898e+20 6.47663e+38 
1.13936e+15 1.70455e+35 1.90059e+20 6.48011e+38 
1.14007e+15 1.70669e+35 1.9022e+20 6.4836e+38 
1.14079e+15 1.70884e+35 1.90381e+20 6.48708e+38 
1.14151e+15 1.71098e+35 1.90542e+20 6.49057e+38 
1.14222e+15 1.71313e+35 1.90703e+20 6.49406e+38 
1.14294e+15 1.71527e+35 1.90864e+20 6.49755e+38 
1.14366e+15 1.71742e+35 1.91025e+20 6.50105e+38 
1.14437e+15 1.71957e+35 1.91186e+20 6.50454e+38 
1.14509e+15 1.72172e+35 1.91347e+20 6.50804e+38 
1.14581e+15 1.72388e+35 1.91508e+20 6.51154e+38 
1.14653e+15 1.72603e+35 1.91669e+20 6.51504e+38 
1.14725e+15 1.72819e+35 1.9183e+20 6.51854e+38 
1.14797e+15 1.73034e+35 1.91991e+20 6.52204e+38 
1.14869e+15 1.7325e+35 1.92152e+20 6.52555e+38 
1.14941e+15 1.73466e+35 1.92313e+20 6.52905e+38 
1.15013e+15 1.73682e+35 1.92474e+20 6.53256e+38 
1.15085e+15 1.73898e+35 1.92635e+20 6.53607e+38 
1.15157e+15 1.74115e+35 1.92796e+20 6.53958e+38 
1.1523e+15 1.74331e+35 1.92956e+20 6.54309e+38 
1.15302e+15 1.74548e+35 1.93117e+20 6.54661e+38 
1.15374e+15 1.74764e+35 1.93278e+20 6.55012e+38 
1.15447e+15 1.74981e+35 1.93439e+20 6.55364e+38 
1.15519e+15 1.75198e+35 1.936e+20 6.55716e+38 
1.15592e+15 1.75415e+35 1.93761e+20 6.56068e+38 
1.15664e+15 1.75633e+35 1.93921e+20 6.5642e+38 
1.15737e+15 1.7585e+35 1.94082e+20 6.56772e+38 
1.15809e+15 1.76068e+35 1.94243e+20 6.57125e+38 
1.15882e+15 1.76285e+35 1.94404e+20 6.57477e+38 
1.15955e+15 1.76503e+35 1.94564e+20 6.5783e+38 
1.16028e+15 1.76721e+35 1.94725e+20 6.58183e+38 
1.161e+15 1.76939e+35 1.94886e+20 6.58536e+38 
1.16173e+15 1.77158e+35 1.95046e+20 6.58889e+38 
1.16246e+15 1.77376e+35 1.95207e+20 6.59243e+38 
1.16319e+15 1.77595e+35 1.95368e+20 6.59597e+38 
1.16392e+15 1.77813e+35 1.95528e+20 6.5995e+38 
1.16465e+15 1.78032e+35 1.95689e+20 6.60304e+38 
1.16538e+15 1.78251e+35 1.95849e+20 6.60658e+38 
1.16611e+15 1.7847e+35 1.9601e+20 6.61012e+38 
1.16684e+15 1.78689e+35 1.96171e+20 6.61367e+38 
1.16758e+15 1.78909e+35 1.96331e+20 6.61721e+38 
1.16831e+15 1.79128e+35 1.96492e+20 6.62076e+38 
1.16904e+15 1.79348e+35 1.96652e+20 6.62431e+38 
1.16978e+15 1.79567e+35 1.96813e+20 6.62786e+38 
1.17051e+15 1.79787e+35 1.96973e+20 6.63141e+38 
1.17124e+15 1.80007e+35 1.97134e+20 6.63497e+38 
1.17198e+15 1.80228e+35 1.97294e+20 6.63852e+38 
1.17272e+15 1.80448e+35 1.97455e+20 6.64208e+38 
1.17345e+15 1.80668e+35 1.97615e+20 6.64564e+38 
1.17419e+15 1.80889e+35 1.97776e+20 6.6492e+38 
1.17492e+15 1.8111e+35 1.97936e+20 6.65276e+38 
1.17566e+15 1.81331e+35 1.98096e+20 6.65632e+38 
1.1764e+15 1.81552e+35 1.98257e+20 6.65988e+38 
1.17714e+15 1.81773e+35 1.98417e+20 6.66345e+38 
1.17788e+15 1.81994e+35 1.98578e+20 6.66702e+38 
1.17862e+15 1.82215e+35 1.98738e+20 6.67059e+38 
1.17935e+15 1.82437e+35 1.98898e+20 6.67416e+38 
1.18009e+15 1.82659e+35 1.99059e+20 6.67773e+38 
1.18084e+15 1.82881e+35 1.99219e+20 6.68131e+38 
1.18158e+15 1.83103e+35 1.99379e+20 6.68488e+38 
1.18232e+15 1.83325e+35 1.9954e+20 6.68846e+38 
1.18306e+15 1.83547e+35 1.997e+20 6.69204e+38 
1.1838e+15 1.83769e+35 1.9986e+20 6.69562e+38 
1.18454e+15 1.83992e+35 2.0002e+20 6.6992e+38 
1.18529e+15 1.84215e+35 2.00181e+20 6.70279e+38 
1.18603e+15 1.84437e+35 2.00341e+20 6.70637e+38 
1.18678e+15 1.8466e+35 2.00501e+20 6.70996e+38 
1.18752e+15 1.84883e+35 2.00661e+20 6.71355e+38 
1.18827e+15 1.85107e+35 2.00821e+20 6.71714e+38 
1.18901e+15 1.8533e+35 2.00981e+20 6.72073e+38 
1.18976e+15 1.85554e+35 2.01142e+20 6.72432e+38 
1.1905e+15 1.85777e+35 2.01302e+20 6.72792e+38 
1.19125e+15 1.86001e+35 2.01462e+20 6.73151e+38 
1.192e+15 1.86225e+35 2.01622e+20 6.73511e+38 
1.19275e+15 1.86449e+35 2.01782e+20 6.73871e+38 
1.19349e+15 1.86673e+35 2.01942e+20 6.74232e+38 
1.19424e+15 1.86898e+35 2.02102e+20 6.74592e+38 
1.19499e+15 1.87122e+35 2.02262e+20 6.74952e+38 
1.19574e+15 1.87347e+35 2.02422e+20 6.75313e+38 
1.19649e+15 1.87572e+35 2.02582e+20 6.75674e+38 
1.19724e+15 1.87796e+35 2.02742e+20 6.76035e+38 
1.198e+15 1.88022e+35 2.02902e+20 6.76396e+38 
1.19875e+15 1.88247e+35 2.03062e+20 6.76757e+38 
1.1995e+15 1.88472e+35 2.03222e+20 6.77119e+38 
1.20025e+15 1.88698e+35 2.03382e+20 6.7748e+38 
1.20101e+15 1.88923e+35 2.03542e+20 6.77842e+38 
1.20176e+15 1.89149e+35 2.03702e+20 6.78204e+38 
1.20251e+15 1.89375e+35 2.03862e+20 6.78566e+38 
1.20327e+15 1.89601e+35 2.04022e+20 6.78928e+38 
1.20402e+15 1.89827e+35 2.04182e+20 6.79291e+38 
1.20478e+15 1.90053e+35 2.04342e+20 6.79653e+38 
1.20553e+15 1.9028e+35 2.04501e+20 6.80016e+38 
1.20629e+15 1.90507e+35 2.04661e+20 6.80379e+38 
1.20705e+15 1.90733e+35 2.04821e+20 6.80742e+38 
1.2078e+15 1.9096e+35 2.04981e+20 6.81105e+38 
1.20856e+15 1.91187e+35 2.05141e+20 6.81469e+38 
1.20932e+15 1.91414e+35 2.05301e+20 6.81832e+38 
1.21008e+15 1.91642e+35 2.0546e+20 6.82196e+38 
1.21084e+15 1.91869e+35 2.0562e+20 6.8256e+38 
1.2116e+15 1.92097e+35 2.0578e+20 6.82924e+38 
1.21236e+15 1.92325e+35 2.0594e+20 6.83288e+38 
1.21312e+15 1.92553e+35 2.06099e+20 6.83653e+38 
1.21388e+15 1.92781e+35 2.06259e+20 6.84017e+38 
1.21464e+15 1.93009e+35 2.06419e+20 6.84382e+38 
1.2154e+15 1.93237e+35 2.06578e+20 6.84747e+38 
1.21617e+15 1.93466e+35 2.06738e+20 6.85112e+38 
1.21693e+15 1.93694e+35 2.06898e+20 6.85477e+38 
1.21769e+15 1.93923e+35 2.07057e+20 6.85843e+38 
1.21846e+15 1.94152e+35 2.07217e+20 6.86208e+38 
1.21922e+15 1.94381e+35 2.07377e+20 6.86574e+38 
1.21999e+15 1.9461e+35 2.07536e+20 6.8694e+38 
1.22075e+15 1.9484e+35 2.07696e+20 6.87306e+38 
1.22152e+15 1.95069e+35 2.07855e+20 6.87672e+38 
1.22229e+15 1.95299e+35 2.08015e+20 6.88038e+38 
1.22305e+15 1.95528e+35 2.08175e+20 6.88405e+38 
1.22382e+15 1.95758e+35 2.08334e+20 6.88772e+38 
1.22459e+15 1.95988e+35 2.08494e+20 6.89139e+38 
1.22536e+15 1.96219e+35 2.08653e+20 6.89506e+38 
1.22613e+15 1.96449e+35 2.08813e+20 6.89873e+38 
1.2269e+15 1.96679e+35 2.08972e+20 6.9024e+38 
1.22767e+15 1.9691e+35 2.09132e+20 6.90608e+38 
1.22844e+15 1.97141e+35 2.09291e+20 6.90975e+38 
1.22921e+15 1.97372e+35 2.09451e+20 6.91343e+38 
1.22998e+15 1.97603e+35 2.0961e+20 6.91711e+38 
1.23075e+15 1.97834e+35 2.09769e+20 6.92079e+38 
1.23152e+15 1.98065e+35 2.09929e+20 6.92448e+38 
1.23229e+15 1.98297e+35 2.10088e+20 6.92816e+38 
1.23307e+15 1.98529e+35 2.10248e+20 6.93185e+38 
1.23384e+15 1.9876e+35 2.10407e+20 6.93554e+38 
1.23462e+15 1.98992e+35 2.10566e+20 6.93923e+38 
1.23539e+15 1.99224e+35 2.10726e+20 6.94292e+38 
1.23617e+15 1.99457e+35 2.10885e+20 6.94661e+38 
1.23694e+15 1.99689e+35 2.11044e+20 6.95031e+38 
1.23772e+15 1.99922e+35 2.11204e+20 6.95401e+38 
1.23849e+15 2.00154e+35 2.11363e+20 6.9577e+38 
1.23927e+15 2.00387e+35 2.11522e+20 6.9614e+38 
1.24005e+15 2.0062e+35 2.11681e+20 6.96511e+38 
1.24083e+15 2.00853e+35 2.11841e+20 6.96881e+38 
1.24161e+15 2.01086e+35 2.12e+20 6.97251e+38 
1.24238e+15 2.0132e+35 2.12159e+20 6.97622e+38 
1.24316e+15 2.01553e+35 2.12318e+20 6.97993e+38 
1.24394e+15 2.01787e+35 2.12478e+20 6.98364e+38 
1.24472e+15 2.02021e+35 2.12637e+20 6.98735e+38 
1.24551e+15 2.02255e+35 2.12796e+20 6.99107e+38 
1.24629e+15 2.02489e+35 2.12955e+20 6.99478e+38 
1.24707e+15 2.02723e+35 2.13114e+20 6.9985e+38 
1.24785e+15 2.02958e+35 2.13273e+20 7.00222e+38 
1.24863e+15 2.03192e+35 2.13433e+20 7.00594e+38 
1.24942e+15 2.03427e+35 2.13592e+20 7.00966e+38 
1.2502e+15 2.03662e+35 2.13751e+20 7.01338e+38 
1.25099e+15 2.03897e+35 2.1391e+20 7.01711e+38 
1.25177e+15 2.04132e+35 2.14069e+20 7.02083e+38 
1.25256e+15 2.04367e+35 2.14228e+20 7.02456e+38 
1.25334e+15 2.04603e+35 2.14387e+20 7.02829e+38 
1.25413e+15 2.04839e+35 2.14546e+20 7.03202e+38 
1.25492e+15 2.05074e+35 2.14705e+20 7.03576e+38 
1.2557e+15 2.0531e+35 2.14864e+20 7.03949e+38 
1.25649e+15 2.05546e+35 2.15023e+20 7.04323e+38 
1.25728e+15 2.05782e+35 2.15182e+20 7.04697e+38 
1.25807e+15 2.06019e+35 2.15341e+20 7.05071e+38 
1.25886e+15 2.06255e+35 2.155e+20 7.05445e+38 
1.25965e+15 2.06492e+35 2.15659e+20 7.0582e+38 
1.26044e+15 2.06729e+35 2.15818e+20 7.06194e+38 
1.26123e+15 2.06966e+35 2.15977e+20 7.06569e+38 
1.26202e+15 2.07203e+35 2.16136e+20 7.06944e+38 
1.26281e+15 2.0744e+35 2.16295e+20 7.07319e+38 
1.26361e+15 2.07677e+35 2.16453e+20 7.07694e+38 
1.2644e+15 2.07915e+35 2.16612e+20 7.08069e+38 
1.26519e+15 2.08153e+35 2.16771e+20 7.08445e+38 
1.26599e+15 2.08391e+35 2.1693e+20 7.08821e+38 
1.26678e+15 2.08628e+35 2.17089e+20 7.09196e+38 
1.26758e+15 2.08867e+35 2.17248e+20 7.09573e+38 
1.26837e+15 2.09105e+35 2.17406e+20 7.09949e+38 
1.26917e+15 2.09343e+35 2.17565e+20 7.10325e+38 
1.26996e+15 2.09582e+35 2.17724e+20 7.10702e+38 
1.27076e+15 2.09821e+35 2.17883e+20 7.11078e+38 
1.27156e+15 2.1006e+35 2.18042e+20 7.11455e+38 
1.27236e+15 2.10299e+35 2.182e+20 7.11832e+38 
1.27315e+15 2.10538e+35 2.18359e+20 7.1221e+38 
1.27395e+15 2.10777e+35 2.18518e+20 7.12587e+38 
1.27475e+15 2.11017e+35 2.18676e+20 7.12965e+38 
1.27555e+15 2.11256e+35 2.18835e+20 7.13342e+38 
1.27635e+15 2.11496e+35 2.18994e+20 7.1372e+38 
1.27715e+15 2.11736e+35 2.19152e+20 7.14099e+38 
1.27795e+15 2.11976e+35 2.19311e+20 7.14477e+38 
1.27876e+15 2.12216e+35 2.1947e+20 7.14855e+38 
1.27956e+15 2.12457e+35 2.19628e+20 7.15234e+38 
1.28036e+15 2.12697e+35 2.19787e+20 7.15613e+38 
1.28117e+15 2.12938e+35 2.19946e+20 7.15992e+38 
1.28197e+15 2.13179e+35 2.20104e+20 7.16371e+38 
1.28277e+15 2.1342e+35 2.20263e+20 7.1675e+38 
1.28358e+15 2.13661e+35 2.20421e+20 7.17129e+38 
1.28438e+15 2.13902e+35 2.2058e+20 7.17509e+38 
1.28519e+15 2.14144e+35 2.20738e+20 7.17889e+38 
1.286e+15 2.14385e+35 2.20897e+20 7.18269e+38 
1.2868e+15 2.14627e+35 2.21056e+20 7.18649e+38 
1.28761e+15 2.14869e+35 2.21214e+20 7.19029e+38 
1.28842e+15 2.15111e+35 2.21373e+20 7.1941e+38 
1.28923e+15 2.15353e+35 2.21531e+20 7.19791e+38 
1.29004e+15 2.15595e+35 2.21689e+20 7.20171e+38 
1.29085e+15 2.15838e+35 2.21848e+20 7.20552e+38 
1.29166e+15 2.16081e+35 2.22006e+20 7.20934e+38 
1.29247e+15 2.16323e+35 2.22165e+20 7.21315e+38 
1.29328e+15 2.16566e+35 2.22323e+20 7.21696e+38 
1.29409e+15 2.1681e+35 2.22482e+20 7.22078e+38 
1.2949e+15 2.17053e+35 2.2264e+20 7.2246e+38 
1.29571e+15 2.17296e+35 2.22798e+20 7.22842e+38 
1.29653e+15 2.1754e+35 2.22957e+20 7.23224e+38 
1.29734e+15 2.17784e+35 2.23115e+20 7.23607e+38 
1.29815e+15 2.18027e+35 2.23273e+20 7.23989e+38 
1.29897e+15 2.18271e+35 2.23432e+20 7.24372e+38 
1.29978e+15 2.18516e+35 2.2359e+20 7.24755e+38 
1.3006e+15 2.1876e+35 2.23748e+20 7.25138e+38 
1.30142e+15 2.19004e+35 2.23907e+20 7.25521e+38 
1.30223e+15 2.19249e+35 2.24065e+20 7.25905e+38 
1.30305e+15 2.19494e+35 2.24223e+20 7.26288e+38 
1.30387e+15 2.19739e+35 2.24382e+20 7.26672e+38 
1.30468e+15 2.19984e+35 2.2454e+20 7.27056e+38 
1.3055e+15 2.20229e+35 2.24698e+20 7.2744e+38 
1.30632e+15 2.20475e+35 2.24856e+20 7.27824e+38 
1.30714e+15 2.2072e+35 2.25014e+20 7.28209e+38 
1.30796e+15 2.20966e+35 2.25173e+20 7.28593e+38 
1.30878e+15 2.21212e+35 2.25331e+20 7.28978e+38 
1.3096e+15 2.21458e+35 2.25489e+20 7.29363e+38 
1.31043e+15 2.21704e+35 2.25647e+20 7.29748e+38 
1.31125e+15 2.2195e+35 2.25805e+20 7.30134e+38 
1.31207e+15 2.22197e+35 2.25963e+20 7.30519e+38 
1.31289e+15 2.22444e+35 2.26122e+20 7.30905e+38 
1.31372e+15 2.2269e+35 2.2628e+20 7.31291e+38 
1.31454e+15 2.22937e+35 2.26438e+20 7.31677e+38 
1.31537e+15 2.23184e+35 2.26596e+20 7.32063e+38 
1.31619e+15 2.23432e+35 2.26754e+20 7.32449e+38 
1.31702e+15 2.23679e+35 2.26912e+20 7.32836e+38 
1.31785e+15 2.23927e+35 2.2707e+20 7.33223e+38 
1.31867e+15 2.24174e+35 2.27228e+20 7.3361e+38 
1.3195e+15 2.24422e+35 2.27386e+20 7.33997e+38 
1.32033e+15 2.2467e+35 2.27544e+20 7.34384e+38 
1.32116e+15 2.24919e+35 2.27702e+20 7.34771e+38 
1.32199e+15 2.25167e+35 2.2786e+20 7.35159e+38 
1.32281e+15 2.25415e+35 2.28018e+20 7.35547e+38 
1.32364e+15 2.25664e+35 2.28176e+20 7.35935e+38 
1.32448e+15 2.25913e+35 2.28334e+20 7.36323e+38 
1.32531e+15 2.26162e+35 2.28492e+20 7.36711e+38 
1.32614e+15 2.26411e+35 2.2865e+20 7.371e+38 
1.32697e+15 2.2666e+35 2.28808e+20 7.37488e+38 
1.3278e+15 2.2691e+35 2.28966e+20 7.37877e+38 
1.32864e+15 2.27159e+35 2.29124e+20 7.38266e+38 
1.32947e+15 2.27409e+35 2.29282e+20 7.38655e+38 
1.3303e+15 2.27659e+35 2.29439e+20 7.39045e+38 
1.33114e+15 2.27909e+35 2.29597e+20 7.39434e+38 
1.33197e+15 2.28159e+35 2.29755e+20 7.39824e+38 
1.33281e+15 2.2841e+35 2.29913e+20 7.40214e+38 
1.33365e+15 2.2866e+35 2.30071e+20 7.40604e+38 
1.33448e+15 2.28911e+35 2.30229e+20 7.40994e+38 
1.33532e+15 2.29162e+35 2.30386e+20 7.41384e+38 
1.33616e+15 2.29413e+35 2.30544e+20 7.41775e+38 
1.337e+15 2.29664e+35 2.30702e+20 7.42166e+38 
1.33784e+15 2.29916e+35 2.3086e+20 7.42557e+38 
1.33867e+15 2.30167e+35 2.31018e+20 7.42948e+38 
1.33951e+15 2.30419e+35 2.31175e+20 7.43339e+38 
1.34036e+15 2.3067e+35 2.31333e+20 7.43731e+38 
1.3412e+15 2.30922e+35 2.31491e+20 7.44122e+38 
1.34204e+15 2.31175e+35 2.31648e+20 7.44514e+38 
1.34288e+15 2.31427e+35 2.31806e+20 7.44906e+38 
1.34372e+15 2.31679e+35 2.31964e+20 7.45298e+38 
1.34457e+15 2.31932e+35 2.32121e+20 7.45691e+38 
1.34541e+15 2.32185e+35 2.32279e+20 7.46083e+38 
1.34625e+15 2.32438e+35 2.32437e+20 7.46476e+38 
1.3471e+15 2.32691e+35 2.32594e+20 7.46869e+38 
1.34794e+15 2.32944e+35 2.32752e+20 7.47262e+38 
1.34879e+15 2.33197e+35 2.3291e+20 7.47655e+38 
1.34964e+15 2.33451e+35 2.33067e+20 7.48048e+38 
1.35048e+15 2.33705e+35 2.33225e+20 7.48442e+38 
1.35133e+15 2.33958e+35 2.33382e+20 7.48836e+38 
1.35218e+15 2.34212e+35 2.3354e+20 7.4923e+38 
1.35303e+15 2.34467e+35 2.33698e+20 7.49624e+38 
1.35388e+15 2.34721e+35 2.33855e+20 7.50018e+38 
1.35473e+15 2.34976e+35 2.34013e+20 7.50413e+38 
1.35558e+15 2.3523e+35 2.3417e+20 7.50807e+38 
1.35643e+15 2.35485e+35 2.34328e+20 7.51202e+38 
1.35728e+15 2.3574e+35 2.34485e+20 7.51597e+38 
1.35813e+15 2.35995e+35 2.34643e+20 7.51992e+38 
1.35898e+15 2.3625e+35 2.348e+20 7.52388e+38 
1.35983e+15 2.36506e+35 2.34958e+20 7.52783e+38 
1.36069e+15 2.36762e+35 2.35115e+20 7.53179e+38 
1.36154e+15 2.37017e+35 2.35272e+20 7.53575e+38 
1.3624e+15 2.37273e+35 2.3543e+20 7.53971e+38 
1.36325e+15 2.37529e+35 2.35587e+20 7.54367e+38 
1.36411e+15 2.37786e+35 2.35745e+20 7.54764e+38 
1.36496e+15 2.38042e+35 2.35902e+20 7.55161e+38 
1.36582e+15 2.38299e+35 2.36059e+20 7.55557e+38 
1.36668e+15 2.38555e+35 2.36217e+20 7.55954e+38 
1.36753e+15 2.38812e+35 2.36374e+20 7.56351e+38 
1.36839e+15 2.39069e+35 2.36532e+20 7.56749e+38 
1.36925e+15 2.39327e+35 2.36689e+20 7.57146e+38 
1.37011e+15 2.39584e+35 2.36846e+20 7.57544e+38 
1.37097e+15 2.39842e+35 2.37004e+20 7.57942e+38 
1.37183e+15 2.40099e+35 2.37161e+20 7.5834e+38 
1.37269e+15 2.40357e+35 2.37318e+20 7.58738e+38 
1.37355e+15 2.40615e+35 2.37475e+20 7.59137e+38 
1.37441e+15 2.40874e+35 2.37633e+20 7.59535e+38 
1.37528e+15 2.41132e+35 2.3779e+20 7.59934e+38 
1.37614e+15 2.4139e+35 2.37947e+20 7.60333e+38 
1.377e+15 2.41649e+35 2.38104e+20 7.60732e+38 
1.37787e+15 2.41908e+35 2.38262e+20 7.61132e+38 
1.37873e+15 2.42167e+35 2.38419e+20 7.61531e+38 
1.3796e+15 2.42426e+35 2.38576e+20 7.61931e+38 
1.38046e+15 2.42686e+35 2.38733e+20 7.62331e+38 
1.38133e+15 2.42945e+35 2.3889e+20 7.62731e+38 
1.38219e+15 2.43205e+35 2.39048e+20 7.63131e+38 
1.38306e+15 2.43465e+35 2.39205e+20 7.63531e+38 
1.38393e+15 2.43725e+35 2.39362e+20 7.63932e+38 
1.3848e+15 2.43985e+35 2.39519e+20 7.64333e+38 
1.38567e+15 2.44245e+35 2.39676e+20 7.64734e+38 
1.38654e+15 2.44506e+35 2.39833e+20 7.65135e+38 
1.38741e+15 2.44766e+35 2.3999e+20 7.65536e+38 
1.38828e+15 2.45027e+35 2.40147e+20 7.65938e+38 
1.38915e+15 2.45288e+35 2.40304e+20 7.66339e+38 
1.39002e+15 2.45549e+35 2.40462e+20 7.66741e+38 
1.39089e+15 2.4581e+35 2.40619e+20 7.67143e+38 
1.39176e+15 2.46072e+35 2.40776e+20 7.67546e+38 
1.39264e+15 2.46333e+35 2.40933e+20 7.67948e+38 
1.39351e+15 2.46595e+35 2.4109e+20 7.68351e+38 
1.39439e+15 2.46857e+35 2.41247e+20 7.68753e+38 
1.39526e+15 2.47119e+35 2.41404e+20 7.69156e+38 
1.39614e+15 2.47382e+35 2.41561e+20 7.6956e+38 
1.39701e+15 2.47644e+35 2.41718e+20 7.69963e+38 
1.39789e+15 2.47907e+35 2.41875e+20 7.70366e+38 
1.39877e+15 2.4817e+35 2.42032e+20 7.7077e+38 
1.39964e+15 2.48432e+35 2.42188e+20 7.71174e+38 
1.40052e+15 2.48696e+35 2.42345e+20 7.71578e+38 
1.4014e+15 2.48959e+35 2.42502e+20 7.71982e+38 
1.40228e+15 2.49222e+35 2.42659e+20 7.72387e+38 
1.40316e+15 2.49486e+35 2.42816e+20 7.72791e+38 
1.40404e+15 2.4975e+35 2.42973e+20 7.73196e+38 
1.40492e+15 2.50014e+35 2.4313e+20 7.73601e+38 
1.4058e+15 2.50278e+35 2.43287e+20 7.74006e+38 
1.40669e+15 2.50542e+35 2.43444e+20 7.74412e+38 
1.40757e+15 2.50806e+35 2.436e+20 7.74817e+38 
1.40845e+15 2.51071e+35 2.43757e+20 7.75223e+38 
1.40934e+15 2.51336e+35 2.43914e+20 7.75629e+38 
1.41022e+15 2.51601e+35 2.44071e+20 7.76035e+38 
1.4111e+15 2.51866e+35 2.44228e+20 7.76441e+38 
1.41199e+15 2.52131e+35 2.44384e+20 7.76848e+38 
1.41288e+15 2.52397e+35 2.44541e+20 7.77254e+38 
1.41376e+15 2.52662e+35 2.44698e+20 7.77661e+38 
1.41465e+15 2.52928e+35 2.44855e+20 7.78068e+38 
1.41554e+15 2.53194e+35 2.45012e+20 7.78475e+38 
1.41643e+15 2.5346e+35 2.45168e+20 7.78882e+38 
1.41731e+15 2.53726e+35 2.45325e+20 7.7929e+38 
1.4182e+15 2.53993e+35 2.45482e+20 7.79698e+38 
1.41909e+15 2.54259e+35 2.45638e+20 7.80106e+38 
1.41998e+15 2.54526e+35 2.45795e+20 7.80514e+38 
1.42088e+15 2.54793e+35 2.45952e+20 7.80922e+38 
1.42177e+15 2.5506e+35 2.46108e+20 7.81331e+38 
1.42266e+15 2.55327e+35 2.46265e+20 7.81739e+38 
1.42355e+15 2.55595e+35 2.46422e+20 7.82148e+38 
1.42444e+15 2.55862e+35 2.46578e+20 7.82557e+38 
1.42534e+15 2.5613e+35 2.46735e+20 7.82966e+38 
1.42623e+15 2.56398e+35 2.46892e+20 7.83376e+38 
1.42713e+15 2.56666e+35 2.47048e+20 7.83785e+38 
1.42802e+15 2.56935e+35 2.47205e+20 7.84195e+38 
1.42892e+15 2.57203e+35 2.47361e+20 7.84605e+38 
1.42982e+15 2.57472e+35 2.47518e+20 7.85015e+38 
1.43071e+15 2.5774e+35 2.47674e+20 7.85426e+38 
1.43161e+15 2.58009e+35 2.47831e+20 7.85836e+38 
1.43251e+15 2.58278e+35 2.47987e+20 7.86247e+38 
1.43341e+15 2.58548e+35 2.48144e+20 7.86658e+38 
1.43431e+15 2.58817e+35 2.48301e+20 7.87069e+38 
1.43521e+15 2.59087e+35 2.48457e+20 7.8748e+38 
1.43611e+15 2.59357e+35 2.48614e+20 7.87891e+38 
1.43701e+15 2.59627e+35 2.4877e+20 7.88303e+38 
1.43791e+15 2.59897e+35 2.48926e+20 7.88715e+38 
1.43881e+15 2.60167e+35 2.49083e+20 7.89127e+38 
1.43972e+15 2.60438e+35 2.49239e+20 7.89539e+38 
1.44062e+15 2.60708e+35 2.49396e+20 7.89951e+38 
1.44152e+15 2.60979e+35 2.49552e+20 7.90364e+38 
1.44243e+15 2.6125e+35 2.49709e+20 7.90777e+38 
1.44333e+15 2.61521e+35 2.49865e+20 7.9119e+38 
1.44424e+15 2.61792e+35 2.50021e+20 7.91603e+38 
1.44515e+15 2.62064e+35 2.50178e+20 7.92016e+38 
1.44605e+15 2.62336e+35 2.50334e+20 7.9243e+38 
1.44696e+15 2.62607e+35 2.50491e+20 7.92843e+38 
1.44787e+15 2.62879e+35 2.50647e+20 7.93257e+38 
1.44878e+15 2.63152e+35 2.50803e+20 7.93671e+38 
1.44969e+15 2.63424e+35 2.5096e+20 7.94086e+38 
1.45059e+15 2.63697e+35 2.51116e+20 7.945e+38 
1.45151e+15 2.63969e+35 2.51272e+20 7.94915e+38 
1.45242e+15 2.64242e+35 2.51428e+20 7.9533e+38 
1.45333e+15 2.64515e+35 2.51585e+20 7.95745e+38 
1.45424e+15 2.64788e+35 2.51741e+20 7.9616e+38 
1.45515e+15 2.65062e+35 2.51897e+20 7.96575e+38 
1.45606e+15 2.65335e+35 2.52054e+20 7.96991e+38 
1.45698e+15 2.65609e+35 2.5221e+20 7.97406e+38 
1.45789e+15 2.65883e+35 2.52366e+20 7.97822e+38 
1.45881e+15 2.66157e+35 2.52522e+20 7.98239e+38 
1.45972e+15 2.66431e+35 2.52678e+20 7.98655e+38 
1.46064e+15 2.66706e+35 2.52835e+20 7.99071e+38 
1.46156e+15 2.6698e+35 2.52991e+20 7.99488e+38 
1.46247e+15 2.67255e+35 2.53147e+20 7.99905e+38 
1.46339e+15 2.6753e+35 2.53303e+20 8.00322e+38 
1.46431e+15 2.67805e+35 2.53459e+20 8.00739e+38 
1.46523e+15 2.6808e+35 2.53615e+20 8.01157e+38 
1.46615e+15 2.68356e+35 2.53772e+20 8.01574e+38 
1.46707e+15 2.68631e+35 2.53928e+20 8.01992e+38 
1.46799e+15 2.68907e+35 2.54084e+20 8.0241e+38 
1.46891e+15 2.69183e+35 2.5424e+20 8.02829e+38 
1.46983e+15 2.69459e+35 2.54396e+20 8.03247e+38 
1.47075e+15 2.69735e+35 2.54552e+20 8.03666e+38 
1.47168e+15 2.70012e+35 2.54708e+20 8.04084e+38 
1.4726e+15 2.70289e+35 2.54864e+20 8.04503e+38 
1.47352e+15 2.70565e+35 2.5502e+20 8.04922e+38 
1.47445e+15 2.70842e+35 2.55176e+20 8.05342e+38 
1.47537e+15 2.7112e+35 2.55332e+20 8.05761e+38 
1.4763e+15 2.71397e+35 2.55488e+20 8.06181e+38 
1.47722e+15 2.71674e+35 2.55644e+20 8.06601e+38 
1.47815e+15 2.71952e+35 2.558e+20 8.07021e+38 
1.47908e+15 2.7223e+35 2.55956e+20 8.07441e+38 
1.48001e+15 2.72508e+35 2.56112e+20 8.07862e+38 
1.48094e+15 2.72786e+35 2.56268e+20 8.08283e+38 
1.48187e+15 2.73065e+35 2.56424e+20 8.08704e+38 
1.4828e+15 2.73343e+35 2.5658e+20 8.09125e+38 
1.48373e+15 2.73622e+35 2.56736e+20 8.09546e+38 
1.48466e+15 2.73901e+35 2.56892e+20 8.09967e+38 
1.48559e+15 2.7418e+35 2.57048e+20 8.10389e+38 
1.48652e+15 2.74459e+35 2.57204e+20 8.10811e+38 
1.48745e+15 2.74739e+35 2.5736e+20 8.11233e+38 
1.48839e+15 2.75018e+35 2.57516e+20 8.11655e+38 
1.48932e+15 2.75298e+35 2.57672e+20 8.12078e+38 
1.49025e+15 2.75578e+35 2.57827e+20 8.125e+38 
1.49119e+15 2.75858e+35 2.57983e+20 8.12923e+38 
1.49213e+15 2.76139e+35 2.58139e+20 8.13346e+38 
1.49306e+15 2.76419e+35 2.58295e+20 8.13769e+38 
1.494e+15 2.767e+35 2.58451e+20 8.14192e+38 
1.49494e+15 2.76981e+35 2.58607e+20 8.14616e+38 
1.49587e+15 2.77262e+35 2.58762e+20 8.1504e+38 
1.49681e+15 2.77543e+35 2.58918e+20 8.15464e+38 
1.49775e+15 2.77824e+35 2.59074e+20 8.15888e+38 
1.49869e+15 2.78106e+35 2.5923e+20 8.16312e+38 
1.49963e+15 2.78388e+35 2.59386e+20 8.16737e+38 
1.50057e+15 2.78669e+35 2.59541e+20 8.17162e+38 
1.50152e+15 2.78952e+35 2.59697e+20 8.17586e+38 
1.50246e+15 2.79234e+35 2.59853e+20 8.18012e+38 
1.5034e+15 2.79516e+35 2.60008e+20 8.18437e+38 
1.50434e+15 2.79799e+35 2.60164e+20 8.18862e+38 
1.50529e+15 2.80082e+35 2.6032e+20 8.19288e+38 
1.50623e+15 2.80365e+35 2.60476e+20 8.19714e+38 
1.50718e+15 2.80648e+35 2.60631e+20 8.2014e+38 
1.50812e+15 2.80931e+35 2.60787e+20 8.20566e+38 
1.50907e+15 2.81215e+35 2.60943e+20 8.20993e+38 
1.51002e+15 2.81498e+35 2.61098e+20 8.21419e+38 
1.51096e+15 2.81782e+35 2.61254e+20 8.21846e+38 
1.51191e+15 2.82066e+35 2.6141e+20 8.22273e+38 
1.51286e+15 2.8235e+35 2.61565e+20 8.227e+38 
1.51381e+15 2.82635e+35 2.61721e+20 8.23128e+38 
1.51476e+15 2.82919e+35 2.61876e+20 8.23556e+38 
1.51571e+15 2.83204e+35 2.62032e+20 8.23983e+38 
1.51666e+15 2.83489e+35 2.62187e+20 8.24411e+38 
1.51761e+15 2.83774e+35 2.62343e+20 8.2484e+38 
1.51857e+15 2.84059e+35 2.62499e+20 8.25268e+38 
1.51952e+15 2.84345e+35 2.62654e+20 8.25697e+38 
1.52047e+15 2.84631e+35 2.6281e+20 8.26125e+38 
1.52143e+15 2.84916e+35 2.62965e+20 8.26554e+38 
1.52238e+15 2.85202e+35 2.63121e+20 8.26984e+38 
1.52334e+15 2.85489e+35 2.63276e+20 8.27413e+38 
1.52429e+15 2.85775e+35 2.63432e+20 8.27842e+38 
1.52525e+15 2.86062e+35 2.63587e+20 8.28272e+38 
1.52621e+15 2.86348e+35 2.63743e+20 8.28702e+38 
1.52716e+15 2.86635e+35 2.63898e+20 8.29132e+38 
1.52812e+15 2.86922e+35 2.64054e+20 8.29563e+38 
1.52908e+15 2.8721e+35 2.64209e+20 8.29993e+38 
1.53004e+15 2.87497e+35 2.64365e+20 8.30424e+38 
1.531e+15 2.87785e+35 2.6452e+20 8.30855e+38 
1.53196e+15 2.88072e+35 2.64675e+20 8.31286e+38 
1.53292e+15 2.8836e+35 2.64831e+20 8.31717e+38 
1.53388e+15 2.88649e+35 2.64986e+20 8.32149e+38 
1.53485e+15 2.88937e+35 2.65142e+20 8.32581e+38 
1.53581e+15 2.89225e+35 2.65297e+20 8.33013e+38 
1.53677e+15 2.89514e+35 2.65452e+20 8.33445e+38 
1.53774e+15 2.89803e+35 2.65608e+20 8.33877e+38 
1.5387e+15 2.90092e+35 2.65763e+20 8.3431e+38 
1.53967e+15 2.90381e+35 2.65918e+20 8.34742e+38 
1.54063e+15 2.90671e+35 2.66074e+20 8.35175e+38 
1.5416e+15 2.9096e+35 2.66229e+20 8.35608e+38 
1.54257e+15 2.9125e+35 2.66384e+20 8.36042e+38 
1.54354e+15 2.9154e+35 2.6654e+20 8.36475e+38 
1.5445e+15 2.9183e+35 2.66695e+20 8.36909e+38 
1.54547e+15 2.92121e+35 2.6685e+20 8.37343e+38 
1.54644e+15 2.92411e+35 2.67005e+20 8.37777e+38 
1.54741e+15 2.92702e+35 2.67161e+20 8.38211e+38 
1.54838e+15 2.92993e+35 2.67316e+20 8.38645e+38 
1.54936e+15 2.93284e+35 2.67471e+20 8.3908e+38 
1.55033e+15 2.93575e+35 2.67626e+20 8.39515e+38 
1.5513e+15 2.93867e+35 2.67782e+20 8.3995e+38 
1.55227e+15 2.94158e+35 2.67937e+20 8.40385e+38 
1.55325e+15 2.9445e+35 2.68092e+20 8.40821e+38 
1.55422e+15 2.94742e+35 2.68247e+20 8.41257e+38 
1.5552e+15 2.95034e+35 2.68402e+20 8.41692e+38 
1.55617e+15 2.95327e+35 2.68558e+20 8.42128e+38 
1.55715e+15 2.95619e+35 2.68713e+20 8.42565e+38 
1.55813e+15 2.95912e+35 2.68868e+20 8.43001e+38 
1.55911e+15 2.96205e+35 2.69023e+20 8.43438e+38 
1.56008e+15 2.96498e+35 2.69178e+20 8.43875e+38 
1.56106e+15 2.96791e+35 2.69333e+20 8.44312e+38 
1.56204e+15 2.97085e+35 2.69488e+20 8.44749e+38 
1.56302e+15 2.97378e+35 2.69643e+20 8.45186e+38 
1.564e+15 2.97672e+35 2.69799e+20 8.45624e+38 
1.56498e+15 2.97966e+35 2.69954e+20 8.46062e+38 
1.56597e+15 2.9826e+35 2.70109e+20 8.465e+38 
1.56695e+15 2.98555e+35 2.70264e+20 8.46938e+38 
1.56793e+15 2.98849e+35 2.70419e+20 8.47377e+38 
1.56892e+15 2.99144e+35 2.70574e+20 8.47815e+38 
1.5699e+15 2.99439e+35 2.70729e+20 8.48254e+38 
1.57089e+15 2.99734e+35 2.70884e+20 8.48693e+38 
1.57187e+15 3.00029e+35 2.71039e+20 8.49132e+38 
1.57286e+15 3.00325e+35 2.71194e+20 8.49572e+38 
1.57384e+15 3.0062e+35 2.71349e+20 8.50012e+38 
1.57483e+15 3.00916e+35 2.71504e+20 8.50451e+38 
1.57582e+15 3.01212e+35 2.71659e+20 8.50891e+38 
1.57681e+15 3.01509e+35 2.71814e+20 8.51332e+38 
1.5778e+15 3.01805e+35 2.71969e+20 8.51772e+38 
1.57879e+15 3.02102e+35 2.72124e+20 8.52213e+38 
1.57978e+15 3.02398e+35 2.72279e+20 8.52654e+38 
1.58077e+15 3.02695e+35 2.72434e+20 8.53095e+38 
1.58176e+15 3.02993e+35 2.72588e+20 8.53536e+38 
1.58276e+15 3.0329e+35 2.72743e+20 8.53977e+38 
1.58375e+15 3.03587e+35 2.72898e+20 8.54419e+38 
1.58474e+15 3.03885e+35 2.73053e+20 8.54861e+38 
1.58574e+15 3.04183e+35 2.73208e+20 8.55303e+38 
1.58673e+15 3.04481e+35 2.73363e+20 8.55745e+38 
1.58773e+15 3.04779e+35 2.73518e+20 8.56188e+38 
1.58872e+15 3.05078e+35 2.73673e+20 8.5663e+38 
1.58972e+15 3.05377e+35 2.73827e+20 8.57073e+38 
1.59072e+15 3.05675e+35 2.73982e+20 8.57516e+38 
1.59172e+15 3.05974e+35 2.74137e+20 8.5796e+38 
1.59272e+15 3.06274e+35 2.74292e+20 8.58403e+38 
1.59371e+15 3.06573e+35 2.74447e+20 8.58847e+38 
1.59471e+15 3.06873e+35 2.74602e+20 8.59291e+38 
1.59572e+15 3.07172e+35 2.74756e+20 8.59735e+38 
1.59672e+15 3.07472e+35 2.74911e+20 8.60179e+38 
1.59772e+15 3.07773e+35 2.75066e+20 8.60623e+38 
1.59872e+15 3.08073e+35 2.75221e+20 8.61068e+38 
1.59972e+15 3.08373e+35 2.75375e+20 8.61513e+38 
1.60073e+15 3.08674e+35 2.7553e+20 8.61958e+38 
1.60173e+15 3.08975e+35 2.75685e+20 8.62403e+38 
1.60274e+15 3.09276e+35 2.7584e+20 8.62849e+38 
1.60374e+15 3.09578e+35 2.75994e+20 8.63294e+38 
1.60475e+15 3.09879e+35 2.76149e+20 8.6374e+38 
1.60576e+15 3.10181e+35 2.76304e+20 8.64186e+38 
1.60676e+15 3.10483e+35 2.76458e+20 8.64633e+38 
1.60777e+15 3.10785e+35 2.76613e+20 8.65079e+38 
1.60878e+15 3.11087e+35 2.76768e+20 8.65526e+38 
1.60979e+15 3.11389e+35 2.76922e+20 8.65973e+38 
1.6108e+15 3.11692e+35 2.77077e+20 8.6642e+38 
1.61181e+15 3.11995e+35 2.77232e+20 8.66867e+38 
1.61282e+15 3.12298e+35 2.77386e+20 8.67315e+38 
1.61383e+15 3.12601e+35 2.77541e+20 8.67762e+38 
1.61485e+15 3.12904e+35 2.77695e+20 8.6821e+38 
1.61586e+15 3.13208e+35 2.7785e+20 8.68659e+38 
1.61687e+15 3.13512e+35 2.78005e+20 8.69107e+38 
1.61789e+15 3.13816e+35 2.78159e+20 8.69555e+38 
1.6189e+15 3.1412e+35 2.78314e+20 8.70004e+38 
1.61992e+15 3.14424e+35 2.78468e+20 8.70453e+38 
1.62094e+15 3.14728e+35 2.78623e+20 8.70902e+38 
1.62195e+15 3.15033e+35 2.78777e+20 8.71352e+38 
1.62297e+15 3.15338e+35 2.78932e+20 8.71801e+38 
1.62399e+15 3.15643e+35 2.79086e+20 8.72251e+38 
1.62501e+15 3.15949e+35 2.79241e+20 8.72701e+38 
1.62603e+15 3.16254e+35 2.79395e+20 8.73151e+38 
1.62705e+15 3.1656e+35 2.7955e+20 8.73601e+38 
1.62807e+15 3.16866e+35 2.79704e+20 8.74052e+38 
1.62909e+15 3.17172e+35 2.79859e+20 8.74503e+38 
1.63011e+15 3.17478e+35 2.80013e+20 8.74954e+38 
1.63114e+15 3.17784e+35 2.80168e+20 8.75405e+38 
1.63216e+15 3.18091e+35 2.80322e+20 8.75856e+38 
1.63318e+15 3.18398e+35 2.80477e+20 8.76308e+38 
1.63421e+15 3.18705e+35 2.80631e+20 8.7676e+38 
1.63523e+15 3.19012e+35 2.80785e+20 8.77212e+38 
1.63626e+15 3.19319e+35 2.8094e+20 8.77664e+38 
1.63729e+15 3.19627e+35 2.81094e+20 8.78117e+38 
1.63832e+15 3.19935e+35 2.81249e+20 8.78569e+38 
1.63934e+15 3.20243e+35 2.81403e+20 8.79022e+38 
1.64037e+15 3.20551e+35 2.81557e+20 8.79475e+38 
1.6414e+15 3.20859e+35 2.81712e+20 8.79928e+38 
1.64243e+15 3.21168e+35 2.81866e+20 8.80382e+38 
1.64346e+15 3.21477e+35 2.8202e+20 8.80836e+38 
1.64449e+15 3.21786e+35 2.82175e+20 8.81289e+38 
1.64552e+15 3.22095e+35 2.82329e+20 8.81744e+38 
1.64656e+15 3.22404e+35 2.82483e+20 8.82198e+38 
1.64759e+15 3.22714e+35 2.82638e+20 8.82652e+38 
1.64862e+15 3.23023e+35 2.82792e+20 8.83107e+38 
1.64966e+15 3.23333e+35 2.82946e+20 8.83562e+38 
1.65069e+15 3.23643e+35 2.83101e+20 8.84017e+38 
1.65173e+15 3.23954e+35 2.83255e+20 8.84472e+38 
1.65277e+15 3.24264e+35 2.83409e+20 8.84928e+38 
1.6538e+15 3.24575e+35 2.83563e+20 8.85384e+38 
1.65484e+15 3.24886e+35 2.83718e+20 8.8584e+38 
1.65588e+15 3.25197e+35 2.83872e+20 8.86296e+38 
1.65692e+15 3.25508e+35 2.84026e+20 8.86752e+38 
1.65796e+15 3.2582e+35 2.8418e+20 8.87209e+38 
1.659e+15 3.26131e+35 2.84334e+20 8.87666e+38 
1.66004e+15 3.26443e+35 2.84489e+20 8.88123e+38 
1.66108e+15 3.26755e+35 2.84643e+20 8.8858e+38 
1.66212e+15 3.27067e+35 2.84797e+20 8.89037e+38 
1.66317e+15 3.2738e+35 2.84951e+20 8.89495e+38 
1.66421e+15 3.27692e+35 2.85105e+20 8.89953e+38 
1.66525e+15 3.28005e+35 2.85259e+20 8.90411e+38 
1.6663e+15 3.28318e+35 2.85414e+20 8.90869e+38 
1.66734e+15 3.28632e+35 2.85568e+20 8.91327e+38 
1.66839e+15 3.28945e+35 2.85722e+20 8.91786e+38 
1.66944e+15 3.29259e+35 2.85876e+20 8.92245e+38 
1.67049e+15 3.29573e+35 2.8603e+20 8.92704e+38 
1.67153e+15 3.29887e+35 2.86184e+20 8.93163e+38 
1.67258e+15 3.30201e+35 2.86338e+20 8.93623e+38 
1.67363e+15 3.30515e+35 2.86492e+20 8.94082e+38 
1.67468e+15 3.3083e+35 2.86646e+20 8.94542e+38 
1.67573e+15 3.31145e+35 2.868e+20 8.95003e+38 
1.67678e+15 3.3146e+35 2.86955e+20 8.95463e+38 
1.67784e+15 3.31775e+35 2.87109e+20 8.95923e+38 
1.67889e+15 3.3209e+35 2.87263e+20 8.96384e+38 
1.67994e+15 3.32406e+35 2.87417e+20 8.96845e+38 
1.681e+15 3.32722e+35 2.87571e+20 8.97306e+38 
1.68205e+15 3.33038e+35 2.87725e+20 8.97768e+38 
1.68311e+15 3.33354e+35 2.87879e+20 8.98229e+38 
1.68416e+15 3.3367e+35 2.88033e+20 8.98691e+38 
1.68522e+15 3.33987e+35 2.88187e+20 8.99153e+38 
1.68628e+15 3.34304e+35 2.88341e+20 8.99615e+38 
1.68734e+15 3.34621e+35 2.88495e+20 9.00078e+38 
1.68839e+15 3.34938e+35 2.88648e+20 9.0054e+38 
1.68945e+15 3.35255e+35 2.88802e+20 9.01003e+38 
1.69051e+15 3.35573e+35 2.88956e+20 9.01466e+38 
1.69158e+15 3.35891e+35 2.8911e+20 9.0193e+38 
1.69264e+15 3.36209e+35 2.89264e+20 9.02393e+38 
1.6937e+15 3.36527e+35 2.89418e+20 9.02857e+38 
1.69476e+15 3.36845e+35 2.89572e+20 9.03321e+38 
1.69583e+15 3.37164e+35 2.89726e+20 9.03785e+38 
1.69689e+15 3.37483e+35 2.8988e+20 9.04249e+38 
1.69795e+15 3.37802e+35 2.90034e+20 9.04714e+38 
1.69902e+15 3.38121e+35 2.90188e+20 9.05179e+38 
1.70009e+15 3.3844e+35 2.90341e+20 9.05644e+38 
1.70115e+15 3.3876e+35 2.90495e+20 9.06109e+38 
1.70222e+15 3.3908e+35 2.90649e+20 9.06574e+38 
1.70329e+15 3.394e+35 2.90803e+20 9.0704e+38 
1.70436e+15 3.3972e+35 2.90957e+20 9.07506e+38 
1.70543e+15 3.4004e+35 2.91111e+20 9.07972e+38 
1.7065e+15 3.40361e+35 2.91264e+20 9.08438e+38 
1.70757e+15 3.40682e+35 2.91418e+20 9.08904e+38 
1.70864e+15 3.41003e+35 2.91572e+20 9.09371e+38 
1.70971e+15 3.41324e+35 2.91726e+20 9.09838e+38 
1.71078e+15 3.41645e+35 2.91879e+20 9.10305e+38 
1.71186e+15 3.41967e+35 2.92033e+20 9.10772e+38 
1.71293e+15 3.42289e+35 2.92187e+20 9.1124e+38 
1.71401e+15 3.42611e+35 2.92341e+20 9.11708e+38 
1.71508e+15 3.42933e+35 2.92494e+20 9.12176e+38 
1.71616e+15 3.43255e+35 2.92648e+20 9.12644e+38 
1.71723e+15 3.43578e+35 2.92802e+20 9.13112e+38 
1.71831e+15 3.43901e+35 2.92956e+20 9.13581e+38 
1.71939e+15 3.44224e+35 2.93109e+20 9.1405e+38 
1.72047e+15 3.44547e+35 2.93263e+20 9.14519e+38 
1.72155e+15 3.4487e+35 2.93417e+20 9.14988e+38 
1.72263e+15 3.45194e+35 2.9357e+20 9.15457e+38 
1.72371e+15 3.45518e+35 2.93724e+20 9.15927e+38 
1.72479e+15 3.45842e+35 2.93878e+20 9.16397e+38 
1.72587e+15 3.46166e+35 2.94031e+20 9.16867e+38 
1.72696e+15 3.4649e+35 2.94185e+20 9.17337e+38 
1.72804e+15 3.46815e+35 2.94338e+20 9.17808e+38 
1.72912e+15 3.4714e+35 2.94492e+20 9.18279e+38 
1.73021e+15 3.47465e+35 2.94646e+20 9.1875e+38 
1.7313e+15 3.4779e+35 2.94799e+20 9.19221e+38 
1.73238e+15 3.48116e+35 2.94953e+20 9.19692e+38 
1.73347e+15 3.48441e+35 2.95106e+20 9.20164e+38 
1.73456e+15 3.48767e+35 2.9526e+20 9.20636e+38 
1.73565e+15 3.49093e+35 2.95414e+20 9.21108e+38 
1.73673e+15 3.4942e+35 2.95567e+20 9.2158e+38 
1.73782e+15 3.49746e+35 2.95721e+20 9.22052e+38 
1.73891e+15 3.50073e+35 2.95874e+20 9.22525e+38 
1.74001e+15 3.504e+35 2.96028e+20 9.22998e+38 
1.7411e+15 3.50727e+35 2.96181e+20 9.23471e+38 
1.74219e+15 3.51054e+35 2.96335e+20 9.23944e+38 
1.74328e+15 3.51382e+35 2.96488e+20 9.24418e+38 
1.74438e+15 3.51709e+35 2.96642e+20 9.24892e+38 
1.74547e+15 3.52037e+35 2.96795e+20 9.25366e+38 
1.74657e+15 3.52365e+35 2.96949e+20 9.2584e+38 
1.74766e+15 3.52694e+35 2.97102e+20 9.26314e+38 
1.74876e+15 3.53022e+35 2.97256e+20 9.26789e+38 
1.74986e+15 3.53351e+35 2.97409e+20 9.27264e+38 
1.75095e+15 3.5368e+35 2.97563e+20 9.27739e+38 
1.75205e+15 3.54009e+35 2.97716e+20 9.28214e+38 
1.75315e+15 3.54338e+35 2.9787e+20 9.2869e+38 
1.75425e+15 3.54668e+35 2.98023e+20 9.29165e+38 
1.75535e+15 3.54998e+35 2.98176e+20 9.29641e+38 
1.75646e+15 3.55328e+35 2.9833e+20 9.30117e+38 
1.75756e+15 3.55658e+35 2.98483e+20 9.30594e+38 
1.75866e+15 3.55988e+35 2.98637e+20 9.3107e+38 
1.75976e+15 3.56319e+35 2.9879e+20 9.31547e+38 
1.76087e+15 3.5665e+35 2.98943e+20 9.32024e+38 
1.76197e+15 3.56981e+35 2.99097e+20 9.32501e+38 
1.76308e+15 3.57312e+35 2.9925e+20 9.32979e+38 
1.76418e+15 3.57643e+35 2.99403e+20 9.33456e+38 
1.76529e+15 3.57975e+35 2.99557e+20 9.33934e+38 
1.7664e+15 3.58307e+35 2.9971e+20 9.34412e+38 
1.76751e+15 3.58639e+35 2.99863e+20 9.34891e+38 
1.76862e+15 3.58971e+35 3.00017e+20 9.35369e+38 
1.76973e+15 3.59304e+35 3.0017e+20 9.35848e+38 
1.77084e+15 3.59636e+35 3.00323e+20 9.36327e+38 
1.77195e+15 3.59969e+35 3.00477e+20 9.36806e+38 
1.77306e+15 3.60302e+35 3.0063e+20 9.37286e+38 
1.77417e+15 3.60636e+35 3.00783e+20 9.37765e+38 
1.77529e+15 3.60969e+35 3.00936e+20 9.38245e+38 
1.7764e+15 3.61303e+35 3.0109e+20 9.38725e+38 
1.77751e+15 3.61637e+35 3.01243e+20 9.39206e+38 
1.77863e+15 3.61971e+35 3.01396e+20 9.39686e+38 
1.77975e+15 3.62305e+35 3.01549e+20 9.40167e+38 
1.78086e+15 3.6264e+35 3.01702e+20 9.40648e+38 
1.78198e+15 3.62975e+35 3.01856e+20 9.41129e+38 
1.7831e+15 3.6331e+35 3.02009e+20 9.4161e+38 
1.78422e+15 3.63645e+35 3.02162e+20 9.42092e+38 
1.78534e+15 3.6398e+35 3.02315e+20 9.42574e+38 
1.78646e+15 3.64316e+35 3.02468e+20 9.43056e+38 
1.78758e+15 3.64652e+35 3.02622e+20 9.43538e+38 
1.7887e+15 3.64988e+35 3.02775e+20 9.44021e+38 
1.78982e+15 3.65324e+35 3.02928e+20 9.44503e+38 
1.79095e+15 3.65661e+35 3.03081e+20 9.44986e+38 
1.79207e+15 3.65997e+35 3.03234e+20 9.45469e+38 
1.79319e+15 3.66334e+35 3.03387e+20 9.45953e+38 
1.79432e+15 3.66671e+35 3.0354e+20 9.46436e+38 
1.79545e+15 3.67009e+35 3.03694e+20 9.4692e+38 
1.79657e+15 3.67346e+35 3.03847e+20 9.47404e+38 
1.7977e+15 3.67684e+35 3.04e+20 9.47889e+38 
1.79883e+15 3.68022e+35 3.04153e+20 9.48373e+38 
1.79996e+15 3.6836e+35 3.04306e+20 9.48858e+38 
1.80109e+15 3.68698e+35 3.04459e+20 9.49343e+38 
1.80222e+15 3.69037e+35 3.04612e+20 9.49828e+38 
1.80335e+15 3.69376e+35 3.04765e+20 9.50313e+38 
1.80448e+15 3.69715e+35 3.04918e+20 9.50799e+38 
1.80561e+15 3.70054e+35 3.05071e+20 9.51285e+38 
1.80674e+15 3.70393e+35 3.05224e+20 9.51771e+38 
1.80788e+15 3.70733e+35 3.05377e+20 9.52257e+38 
1.80901e+15 3.71073e+35 3.0553e+20 9.52743e+38 
1.81015e+15 3.71413e+35 3.05683e+20 9.5323e+38 
1.81128e+15 3.71753e+35 3.05836e+20 9.53717e+38 
1.81242e+15 3.72094e+35 3.05989e+20 9.54204e+38 
1.81356e+15 3.72434e+35 3.06142e+20 9.54692e+38 
1.81469e+15 3.72775e+35 3.06295e+20 9.55179e+38 
1.81583e+15 3.73116e+35 3.06448e+20 9.55667e+38 
1.81697e+15 3.73458e+35 3.06601e+20 9.56155e+38 
1.81811e+15 3.73799e+35 3.06754e+20 9.56643e+38 
1.81925e+15 3.74141e+35 3.06907e+20 9.57132e+38 
1.82039e+15 3.74483e+35 3.0706e+20 9.5762e+38 
1.82154e+15 3.74825e+35 3.07213e+20 9.58109e+38 
1.82268e+15 3.75168e+35 3.07366e+20 9.58599e+38 
1.82382e+15 3.7551e+35 3.07519e+20 9.59088e+38 
1.82497e+15 3.75853e+35 3.07672e+20 9.59577e+38 
1.82611e+15 3.76196e+35 3.07824e+20 9.60067e+38 
1.82726e+15 3.7654e+35 3.07977e+20 9.60557e+38 
1.82841e+15 3.76883e+35 3.0813e+20 9.61048e+38 
1.82955e+15 3.77227e+35 3.08283e+20 9.61538e+38 
1.8307e+15 3.77571e+35 3.08436e+20 9.62029e+38 
1.83185e+15 3.77915e+35 3.08589e+20 9.6252e+38 
1.833e+15 3.78259e+35 3.08742e+20 9.63011e+38 
1.83415e+15 3.78604e+35 3.08894e+20 9.63502e+38 
1.8353e+15 3.78949e+35 3.09047e+20 9.63994e+38 
1.83645e+15 3.79294e+35 3.092e+20 9.64486e+38 
1.8376e+15 3.79639e+35 3.09353e+20 9.64978e+38 
1.83876e+15 3.79984e+35 3.09506e+20 9.6547e+38 
1.83991e+15 3.8033e+35 3.09658e+20 9.65963e+38 
1.84107e+15 3.80676e+35 3.09811e+20 9.66456e+38 
1.84222e+15 3.81022e+35 3.09964e+20 9.66948e+38 
1.84338e+15 3.81368e+35 3.10117e+20 9.67442e+38 
1.84453e+15 3.81715e+35 3.1027e+20 9.67935e+38 
1.84569e+15 3.82061e+35 3.10422e+20 9.68429e+38 
1.84685e+15 3.82408e+35 3.10575e+20 9.68923e+38 
1.84801e+15 3.82756e+35 3.10728e+20 9.69417e+38 
1.84917e+15 3.83103e+35 3.1088e+20 9.69911e+38 
1.85033e+15 3.83451e+35 3.11033e+20 9.70406e+38 
1.85149e+15 3.83798e+35 3.11186e+20 9.709e+38 
1.85265e+15 3.84147e+35 3.11339e+20 9.71395e+38 
1.85381e+15 3.84495e+35 3.11491e+20 9.71891e+38 
1.85498e+15 3.84843e+35 3.11644e+20 9.72386e+38 
1.85614e+15 3.85192e+35 3.11797e+20 9.72882e+38 
1.85731e+15 3.85541e+35 3.11949e+20 9.73378e+38 
1.85847e+15 3.8589e+35 3.12102e+20 9.73874e+38 
1.85964e+15 3.86239e+35 3.12255e+20 9.7437e+38 
1.8608e+15 3.86589e+35 3.12407e+20 9.74867e+38 
1.86197e+15 3.86939e+35 3.1256e+20 9.75364e+38 
1.86314e+15 3.87289e+35 3.12713e+20 9.75861e+38 
1.86431e+15 3.87639e+35 3.12865e+20 9.76358e+38 
1.86548e+15 3.8799e+35 3.13018e+20 9.76855e+38 
1.86665e+15 3.8834e+35 3.1317e+20 9.77353e+38 
1.86782e+15 3.88691e+35 3.13323e+20 9.77851e+38 
1.86899e+15 3.89042e+35 3.13476e+20 9.78349e+38 
1.87017e+15 3.89394e+35 3.13628e+20 9.78848e+38 
1.87134e+15 3.89745e+35 3.13781e+20 9.79346e+38 
1.87251e+15 3.90097e+35 3.13933e+20 9.79845e+38 
1.87369e+15 3.90449e+35 3.14086e+20 9.80344e+38 
1.87486e+15 3.90801e+35 3.14238e+20 9.80844e+38 
1.87604e+15 3.91154e+35 3.14391e+20 9.81343e+38 
1.87722e+15 3.91506e+35 3.14544e+20 9.81843e+38 
1.8784e+15 3.91859e+35 3.14696e+20 9.82343e+38 
1.87957e+15 3.92212e+35 3.14849e+20 9.82843e+38 
1.88075e+15 3.92566e+35 3.15001e+20 9.83344e+38 
1.88193e+15 3.92919e+35 3.15154e+20 9.83844e+38 
1.88311e+15 3.93273e+35 3.15306e+20 9.84345e+38 
1.8843e+15 3.93627e+35 3.15459e+20 9.84847e+38 
1.88548e+15 3.93981e+35 3.15611e+20 9.85348e+38 
1.88666e+15 3.94336e+35 3.15764e+20 9.8585e+38 
1.88785e+15 3.9469e+35 3.15916e+20 9.86351e+38 
1.88903e+15 3.95045e+35 3.16068e+20 9.86854e+38 
1.89022e+15 3.954e+35 3.16221e+20 9.87356e+38 
1.8914e+15 3.95756e+35 3.16373e+20 9.87858e+38 
1.89259e+15 3.96111e+35 3.16526e+20 9.88361e+38 
1.89378e+15 3.96467e+35 3.16678e+20 9.88864e+38 
1.89496e+15 3.96823e+35 3.16831e+20 9.89367e+38 
1.89615e+15 3.97179e+35 3.16983e+20 9.89871e+38 
1.89734e+15 3.97536e+35 3.17135e+20 9.90374e+38 
1.89853e+15 3.97892e+35 3.17288e+20 9.90878e+38 
1.89973e+15 3.98249e+35 3.1744e+20 9.91383e+38 
1.90092e+15 3.98606e+35 3.17593e+20 9.91887e+38 
1.90211e+15 3.98964e+35 3.17745e+20 9.92392e+38 
1.9033e+15 3.99321e+35 3.17897e+20 9.92896e+38 
1.9045e+15 3.99679e+35 3.1805e+20 9.93401e+38 
1.90569e+15 4.00037e+35 3.18202e+20 9.93907e+38 
1.90689e+15 4.00395e+35 3.18354e+20 9.94412e+38 
1.90809e+15 4.00754e+35 3.18507e+20 9.94918e+38 
1.90928e+15 4.01113e+35 3.18659e+20 9.95424e+38 
1.91048e+15 4.01471e+35 3.18811e+20 9.9593e+38 
1.91168e+15 4.01831e+35 3.18964e+20 9.96437e+38 
1.91288e+15 4.0219e+35 3.19116e+20 9.96943e+38 
1.91408e+15 4.0255e+35 3.19268e+20 9.9745e+38 
1.91528e+15 4.02909e+35 3.19421e+20 9.97958e+38 
1.91648e+15 4.03269e+35 3.19573e+20 9.98465e+38 
1.91768e+15 4.0363e+35 3.19725e+20 9.98973e+38 
1.91889e+15 4.0399e+35 3.19877e+20 9.9948e+38 
1.92009e+15 4.04351e+35 3.2003e+20 9.99989e+38 
1.9213e+15 4.04712e+35 3.20182e+20 1.0005e+39 
1.9225e+15 4.05073e+35 3.20334e+20 1.00101e+39 
1.92371e+15 4.05434e+35 3.20486e+20 1.00151e+39 
1.92492e+15 4.05796e+35 3.20639e+20 1.00202e+39 
1.92612e+15 4.06158e+35 3.20791e+20 1.00253e+39 
1.92733e+15 4.0652e+35 3.20943e+20 1.00304e+39 
1.92854e+15 4.06882e+35 3.21095e+20 1.00355e+39 
1.92975e+15 4.07245e+35 3.21247e+20 1.00406e+39 
1.93096e+15 4.07608e+35 3.214e+20 1.00457e+39 
1.93217e+15 4.07971e+35 3.21552e+20 1.00508e+39 
1.93339e+15 4.08334e+35 3.21704e+20 1.00559e+39 
1.9346e+15 4.08697e+35 3.21856e+20 1.0061e+39 
1.93581e+15 4.09061e+35 3.22008e+20 1.00661e+39 
1.93703e+15 4.09425e+35 3.2216e+20 1.00713e+39 
1.93824e+15 4.09789e+35 3.22313e+20 1.00764e+39 
1.93946e+15 4.10153e+35 3.22465e+20 1.00815e+39 
1.94068e+15 4.10518e+35 3.22617e+20 1.00866e+39 
1.9419e+15 4.10883e+35 3.22769e+20 1.00917e+39 
1.94311e+15 4.11248e+35 3.22921e+20 1.00969e+39 
1.94433e+15 4.11613e+35 3.23073e+20 1.0102e+39 
1.94555e+15 4.11979e+35 3.23225e+20 1.01071e+39 
1.94677e+15 4.12344e+35 3.23377e+20 1.01123e+39 
1.948e+15 4.1271e+35 3.23529e+20 1.01174e+39 
1.94922e+15 4.13077e+35 3.23682e+20 1.01225e+39 
1.95044e+15 4.13443e+35 3.23834e+20 1.01277e+39 
1.95166e+15 4.1381e+35 3.23986e+20 1.01328e+39 
1.95289e+15 4.14177e+35 3.24138e+20 1.0138e+39 
1.95411e+15 4.14544e+35 3.2429e+20 1.01431e+39 
1.95534e+15 4.14911e+35 3.24442e+20 1.01482e+39 
1.95657e+15 4.15279e+35 3.24594e+20 1.01534e+39 
1.9578e+15 4.15646e+35 3.24746e+20 1.01586e+39 
1.95902e+15 4.16014e+35 3.24898e+20 1.01637e+39 
1.96025e+15 4.16383e+35 3.2505e+20 1.01689e+39 
1.96148e+15 4.16751e+35 3.25202e+20 1.0174e+39 
1.96271e+15 4.1712e+35 3.25354e+20 1.01792e+39 
1.96395e+15 4.17489e+35 3.25506e+20 1.01844e+39 
1.96518e+15 4.17858e+35 3.25658e+20 1.01895e+39 
1.96641e+15 4.18227e+35 3.2581e+20 1.01947e+39 
1.96765e+15 4.18597e+35 3.25962e+20 1.01999e+39 
1.96888e+15 4.18967e+35 3.26114e+20 1.0205e+39 
1.97012e+15 4.19337e+35 3.26266e+20 1.02102e+39 
1.97135e+15 4.19708e+35 3.26418e+20 1.02154e+39 
1.97259e+15 4.20078e+35 3.26569e+20 1.02206e+39 
1.97383e+15 4.20449e+35 3.26721e+20 1.02258e+39 
1.97507e+15 4.2082e+35 3.26873e+20 1.0231e+39 
1.9763e+15 4.21191e+35 3.27025e+20 1.02361e+39 
1.97754e+15 4.21563e+35 3.27177e+20 1.02413e+39 
1.97879e+15 4.21935e+35 3.27329e+20 1.02465e+39 
1.98003e+15 4.22307e+35 3.27481e+20 1.02517e+39 
1.98127e+15 4.22679e+35 3.27633e+20 1.02569e+39 
1.98251e+15 4.23051e+35 3.27785e+20 1.02621e+39 
1.98376e+15 4.23424e+35 3.27937e+20 1.02673e+39 
1.985e+15 4.23797e+35 3.28088e+20 1.02725e+39 
1.98625e+15 4.2417e+35 3.2824e+20 1.02777e+39 
1.98749e+15 4.24543e+35 3.28392e+20 1.02829e+39 
1.98874e+15 4.24917e+35 3.28544e+20 1.02882e+39 
1.98999e+15 4.25291e+35 3.28696e+20 1.02934e+39 
1.99124e+15 4.25665e+35 3.28848e+20 1.02986e+39 
1.99249e+15 4.26039e+35 3.28999e+20 1.03038e+39 
1.99374e+15 4.26414e+35 3.29151e+20 1.0309e+39 
1.99499e+15 4.26789e+35 3.29303e+20 1.03143e+39 
1.99624e+15 4.27164e+35 3.29455e+20 1.03195e+39 
1.99749e+15 4.27539e+35 3.29607e+20 1.03247e+39 
1.99875e+15 4.27914e+35 3.29758e+20 1.033e+39 
2e+15 4.2829e+35 3.2991e+20 1.03352e+39 
