2000
8.5562e+14 1.08846e+31 1.27215e+16 5.15434e+38 
8.55656e+14 2.17692e+31 2.54423e+16 5.15455e+38 
8.55692e+14 3.26539e+31 3.81624e+16 5.15477e+38 
8.55729e+14 4.35385e+31 5.08817e+16 5.15499e+38 
8.55765e+14 5.44231e+31 6.36003e+16 5.15521e+38 
8.55801e+14 6.53077e+31 7.63182e+16 5.15543e+38 
8.55838e+14 7.61923e+31 8.90354e+16 5.15565e+38 
8.55874e+14 8.70769e+31 1.01752e+17 5.15587e+38 
8.5591e+14 9.79616e+31 1.14468e+17 5.15609e+38 
8.55947e+14 1.08846e+32 1.27183e+17 5.15631e+38 
8.59588e+14 1.19985e+33 1.39802e+18 5.17822e+38 
8.59953e+14 1.30921e+33 1.52501e+18 5.18042e+38 
8.60319e+14 1.41861e+33 1.65198e+18 5.18262e+38 
8.60684e+14 1.52806e+33 1.77893e+18 5.18481e+38 
8.61049e+14 1.63755e+33 1.90586e+18 5.18701e+38 
8.61415e+14 1.7471e+33 2.03277e+18 5.18921e+38 
8.61781e+14 1.85668e+33 2.15967e+18 5.19141e+38 
8.62147e+14 1.96632e+33 2.28655e+18 5.19361e+38 
8.62513e+14 2.076e+33 2.41341e+18 5.19581e+38 
8.62879e+14 2.18573e+33 2.54025e+18 5.19801e+38 
8.63246e+14 2.2955e+33 2.66708e+18 5.20021e+38 
8.63612e+14 2.40532e+33 2.79388e+18 5.20241e+38 
8.63979e+14 2.51519e+33 2.92067e+18 5.20461e+38 
8.64346e+14 2.62511e+33 3.04745e+18 5.20681e+38 
8.64713e+14 2.73507e+33 3.1742e+18 5.20902e+38 
8.6508e+14 2.84507e+33 3.30094e+18 5.21122e+38 
8.65447e+14 2.95513e+33 3.42766e+18 5.21343e+38 
8.65815e+14 3.06523e+33 3.55436e+18 5.21563e+38 
8.66183e+14 3.17538e+33 3.68104e+18 5.21784e+38 
8.6655e+14 3.28557e+33 3.80771e+18 5.22004e+38 
8.66918e+14 3.39581e+33 3.93436e+18 5.22225e+38 
8.67287e+14 3.5061e+33 4.06099e+18 5.22446e+38 
8.67655e+14 3.61644e+33 4.1876e+18 5.22667e+38 
8.68023e+14 3.72682e+33 4.3142e+18 5.22888e+38 
8.68392e+14 3.83725e+33 4.44077e+18 5.23109e+38 
8.68761e+14 3.94772e+33 4.56733e+18 5.2333e+38 
8.6913e+14 4.05825e+33 4.69388e+18 5.23551e+38 
8.69499e+14 4.16881e+33 4.8204e+18 5.23772e+38 
8.69868e+14 4.27943e+33 4.94691e+18 5.23993e+38 
8.70237e+14 4.39009e+33 5.0734e+18 5.24214e+38 
8.70607e+14 4.50081e+33 5.19987e+18 5.24436e+38 
8.70977e+14 4.61156e+33 5.32633e+18 5.24657e+38 
8.71346e+14 4.72237e+33 5.45277e+18 5.24879e+38 
8.71716e+14 4.83322e+33 5.57919e+18 5.251e+38 
8.72087e+14 4.94412e+33 5.70559e+18 5.25322e+38 
8.72457e+14 5.05506e+33 5.83198e+18 5.25543e+38 
8.72827e+14 5.16606e+33 5.95835e+18 5.25765e+38 
8.73198e+14 5.2771e+33 6.0847e+18 5.25987e+38 
8.73569e+14 5.38818e+33 6.21103e+18 5.26209e+38 
8.7394e+14 5.49932e+33 6.33735e+18 5.26431e+38 
8.74311e+14 5.6105e+33 6.46364e+18 5.26653e+38 
8.74682e+14 5.72173e+33 6.58993e+18 5.26875e+38 
8.75054e+14 5.833e+33 6.71619e+18 5.27097e+38 
8.75425e+14 5.94433e+33 6.84244e+18 5.27319e+38 
8.75797e+14 6.0557e+33 6.96867e+18 5.27541e+38 
8.76169e+14 6.16711e+33 7.09488e+18 5.27764e+38 
8.76541e+14 6.27858e+33 7.22107e+18 5.27986e+38 
8.76913e+14 6.39009e+33 7.34725e+18 5.28208e+38 
8.77286e+14 6.50165e+33 7.47341e+18 5.28431e+38 
8.77658e+14 6.61326e+33 7.59955e+18 5.28653e+38 
8.78031e+14 6.72491e+33 7.72568e+18 5.28876e+38 
8.78404e+14 6.83662e+33 7.85179e+18 5.29099e+38 
8.78777e+14 6.94836e+33 7.97788e+18 5.29321e+38 
8.7915e+14 7.06016e+33 8.10395e+18 5.29544e+38 
8.79523e+14 7.17201e+33 8.23001e+18 5.29767e+38 
8.79897e+14 7.2839e+33 8.35605e+18 5.2999e+38 
8.8027e+14 7.39584e+33 8.48207e+18 5.30213e+38 
8.80644e+14 7.50782e+33 8.60807e+18 5.30436e+38 
8.81018e+14 7.61986e+33 8.73406e+18 5.30659e+38 
8.81392e+14 7.73194e+33 8.86003e+18 5.30882e+38 
8.81766e+14 7.84407e+33 8.98599e+18 5.31106e+38 
8.82141e+14 7.95625e+33 9.11192e+18 5.31329e+38 
8.82516e+14 8.06847e+33 9.23784e+18 5.31552e+38 
8.8289e+14 8.18074e+33 9.36374e+18 5.31776e+38 
8.83265e+14 8.29306e+33 9.48963e+18 5.31999e+38 
8.8364e+14 8.40543e+33 9.6155e+18 5.32223e+38 
8.84016e+14 8.51785e+33 9.74135e+18 5.32446e+38 
8.84391e+14 8.63031e+33 9.86718e+18 5.3267e+38 
8.84766e+14 8.74282e+33 9.993e+18 5.32894e+38 
8.85142e+14 8.85538e+33 1.01188e+19 5.33118e+38 
8.85518e+14 8.96799e+33 1.02446e+19 5.33341e+38 
8.85894e+14 9.08064e+33 1.03703e+19 5.33565e+38 
8.8627e+14 9.19334e+33 1.04961e+19 5.33789e+38 
8.86647e+14 9.30609e+33 1.06218e+19 5.34013e+38 
8.87023e+14 9.41889e+33 1.07475e+19 5.34238e+38 
8.874e+14 9.53174e+33 1.08732e+19 5.34462e+38 
8.87777e+14 9.64463e+33 1.09989e+19 5.34686e+38 
8.88154e+14 9.75757e+33 1.11246e+19 5.3491e+38 
8.88531e+14 9.87056e+33 1.12502e+19 5.35135e+38 
8.88908e+14 9.9836e+33 1.13759e+19 5.35359e+38 
8.89286e+14 1.00967e+34 1.15015e+19 5.35584e+38 
8.89663e+14 1.02098e+34 1.16271e+19 5.35808e+38 
8.90041e+14 1.0323e+34 1.17527e+19 5.36033e+38 
8.90419e+14 1.04362e+34 1.18782e+19 5.36258e+38 
8.90797e+14 1.05495e+34 1.20038e+19 5.36482e+38 
8.91175e+14 1.06628e+34 1.21293e+19 5.36707e+38 
8.91554e+14 1.07762e+34 1.22548e+19 5.36932e+38 
8.91932e+14 1.08896e+34 1.23803e+19 5.37157e+38 
8.92311e+14 1.10031e+34 1.25058e+19 5.37382e+38 
8.9269e+14 1.11166e+34 1.26312e+19 5.37607e+38 
8.93069e+14 1.12302e+34 1.27567e+19 5.37832e+38 
8.93448e+14 1.13438e+34 1.28821e+19 5.38058e+38 
8.93828e+14 1.14575e+34 1.30075e+19 5.38283e+38 
8.94207e+14 1.15712e+34 1.31329e+19 5.38508e+38 
8.94587e+14 1.16849e+34 1.32583e+19 5.38734e+38 
8.94967e+14 1.17987e+34 1.33837e+19 5.38959e+38 
8.95347e+14 1.19126e+34 1.3509e+19 5.39185e+38 
8.95727e+14 1.20265e+34 1.36343e+19 5.3941e+38 
8.96108e+14 1.21405e+34 1.37596e+19 5.39636e+38 
8.96488e+14 1.22545e+34 1.38849e+19 5.39862e+38 
8.96869e+14 1.23685e+34 1.40102e+19 5.40088e+38 
8.9725e+14 1.24826e+34 1.41355e+19 5.40313e+38 
8.97631e+14 1.25968e+34 1.42607e+19 5.40539e+38 
8.98012e+14 1.2711e+34 1.43859e+19 5.40765e+38 
8.98393e+14 1.28252e+34 1.45112e+19 5.40991e+38 
8.98775e+14 1.29395e+34 1.46364e+19 5.41218e+38 
8.99156e+14 1.30538e+34 1.47615e+19 5.41444e+38 
8.99538e+14 1.31682e+34 1.48867e+19 5.4167e+38 
8.9992e+14 1.32827e+34 1.50118e+19 5.41896e+38 
9.00302e+14 1.33971e+34 1.5137e+19 5.42123e+38 
9.00685e+14 1.35117e+34 1.52621e+19 5.42349e+38 
9.01067e+14 1.36263e+34 1.53872e+19 5.42576e+38 
9.0145e+14 1.37409e+34 1.55123e+19 5.42802e+38 
9.01833e+14 1.38556e+34 1.56373e+19 5.43029e+38 
9.02216e+14 1.39703e+34 1.57624e+19 5.43256e+38 
9.02599e+14 1.40851e+34 1.58874e+19 5.43482e+38 
9.02982e+14 1.41999e+34 1.60124e+19 5.43709e+38 
9.03365e+14 1.43148e+34 1.61374e+19 5.43936e+38 
9.03749e+14 1.44297e+34 1.62624e+19 5.44163e+38 
9.04133e+14 1.45447e+34 1.63873e+19 5.4439e+38 
9.04517e+14 1.46597e+34 1.65123e+19 5.44617e+38 
9.04901e+14 1.47748e+34 1.66372e+19 5.44844e+38 
9.05285e+14 1.48899e+34 1.67621e+19 5.45072e+38 
9.0567e+14 1.50051e+34 1.6887e+19 5.45299e+38 
9.06054e+14 1.51203e+34 1.70119e+19 5.45526e+38 
9.06439e+14 1.52356e+34 1.71368e+19 5.45754e+38 
9.06824e+14 1.53509e+34 1.72616e+19 5.45981e+38 
9.07209e+14 1.54662e+34 1.73865e+19 5.46209e+38 
9.07594e+14 1.55817e+34 1.75113e+19 5.46436e+38 
9.0798e+14 1.56971e+34 1.76361e+19 5.46664e+38 
9.08365e+14 1.58126e+34 1.77609e+19 5.46892e+38 
9.08751e+14 1.59282e+34 1.78856e+19 5.4712e+38 
9.09137e+14 1.60438e+34 1.80104e+19 5.47347e+38 
9.09523e+14 1.61595e+34 1.81351e+19 5.47575e+38 
9.09909e+14 1.62752e+34 1.82598e+19 5.47803e+38 
9.10295e+14 1.63909e+34 1.83845e+19 5.48031e+38 
9.10682e+14 1.65067e+34 1.85092e+19 5.4826e+38 
9.11069e+14 1.66226e+34 1.86339e+19 5.48488e+38 
9.11456e+14 1.67385e+34 1.87585e+19 5.48716e+38 
9.11843e+14 1.68544e+34 1.88832e+19 5.48944e+38 
9.1223e+14 1.69704e+34 1.90078e+19 5.49173e+38 
9.12617e+14 1.70865e+34 1.91324e+19 5.49401e+38 
9.13005e+14 1.72026e+34 1.9257e+19 5.4963e+38 
9.13393e+14 1.73188e+34 1.93816e+19 5.49858e+38 
9.1378e+14 1.7435e+34 1.95061e+19 5.50087e+38 
9.14168e+14 1.75512e+34 1.96307e+19 5.50316e+38 
9.14557e+14 1.76675e+34 1.97552e+19 5.50544e+38 
9.14945e+14 1.77839e+34 1.98797e+19 5.50773e+38 
9.15334e+14 1.79003e+34 2.00042e+19 5.51002e+38 
9.15722e+14 1.80167e+34 2.01286e+19 5.51231e+38 
9.16111e+14 1.81332e+34 2.02531e+19 5.5146e+38 
9.165e+14 1.82497e+34 2.03775e+19 5.51689e+38 
9.16889e+14 1.83663e+34 2.0502e+19 5.51919e+38 
9.17279e+14 1.8483e+34 2.06264e+19 5.52148e+38 
9.17668e+14 1.85997e+34 2.07508e+19 5.52377e+38 
9.18058e+14 1.87164e+34 2.08752e+19 5.52607e+38 
9.18448e+14 1.88332e+34 2.09995e+19 5.52836e+38 
9.18838e+14 1.89501e+34 2.11239e+19 5.53065e+38 
9.19228e+14 1.9067e+34 2.12482e+19 5.53295e+38 
9.19618e+14 1.91839e+34 2.13725e+19 5.53525e+38 
9.20009e+14 1.93009e+34 2.14968e+19 5.53754e+38 
9.20399e+14 1.94179e+34 2.16211e+19 5.53984e+38 
9.2079e+14 1.9535e+34 2.17454e+19 5.54214e+38 
9.21181e+14 1.96522e+34 2.18696e+19 5.54444e+38 
9.21573e+14 1.97694e+34 2.19938e+19 5.54674e+38 
9.21964e+14 1.98866e+34 2.21181e+19 5.54904e+38 
9.22355e+14 2.00039e+34 2.22423e+19 5.55134e+38 
9.22747e+14 2.01212e+34 2.23665e+19 5.55364e+38 
9.23139e+14 2.02386e+34 2.24906e+19 5.55594e+38 
9.23531e+14 2.03561e+34 2.26148e+19 5.55825e+38 
9.23923e+14 2.04736e+34 2.27389e+19 5.56055e+38 
9.24315e+14 2.05911e+34 2.2863e+19 5.56286e+38 
9.24708e+14 2.07087e+34 2.29871e+19 5.56516e+38 
9.25101e+14 2.08263e+34 2.31112e+19 5.56747e+38 
9.25493e+14 2.0944e+34 2.32353e+19 5.56977e+38 
9.25886e+14 2.10618e+34 2.33594e+19 5.57208e+38 
9.2628e+14 2.11795e+34 2.34834e+19 5.57439e+38 
9.26673e+14 2.12974e+34 2.36074e+19 5.57669e+38 
9.27066e+14 2.14153e+34 2.37315e+19 5.579e+38 
9.2746e+14 2.15332e+34 2.38555e+19 5.58131e+38 
9.27854e+14 2.16512e+34 2.39794e+19 5.58362e+38 
9.28248e+14 2.17692e+34 2.41034e+19 5.58593e+38 
9.28642e+14 2.18873e+34 2.42274e+19 5.58825e+38 
9.29037e+14 2.20055e+34 2.43513e+19 5.59056e+38 
9.29431e+14 2.21237e+34 2.44752e+19 5.59287e+38 
9.29826e+14 2.22419e+34 2.45991e+19 5.59518e+38 
9.30221e+14 2.23602e+34 2.4723e+19 5.5975e+38 
9.30616e+14 2.24785e+34 2.48469e+19 5.59981e+38 
9.31011e+14 2.25969e+34 2.49707e+19 5.60213e+38 
9.31406e+14 2.27154e+34 2.50946e+19 5.60445e+38 
9.31802e+14 2.28339e+34 2.52184e+19 5.60676e+38 
9.32197e+14 2.29524e+34 2.53422e+19 5.60908e+38 
9.32593e+14 2.3071e+34 2.5466e+19 5.6114e+38 
9.32989e+14 2.31896e+34 2.55898e+19 5.61372e+38 
9.33385e+14 2.33083e+34 2.57135e+19 5.61604e+38 
9.33782e+14 2.34271e+34 2.58373e+19 5.61836e+38 
9.34178e+14 2.35459e+34 2.5961e+19 5.62068e+38 
9.34575e+14 2.36647e+34 2.60847e+19 5.623e+38 
9.34972e+14 2.37836e+34 2.62084e+19 5.62532e+38 
9.35369e+14 2.39026e+34 2.63321e+19 5.62764e+38 
9.35766e+14 2.40216e+34 2.64558e+19 5.62997e+38 
9.36164e+14 2.41406e+34 2.65794e+19 5.63229e+38 
9.36561e+14 2.42597e+34 2.6703e+19 5.63462e+38 
9.36959e+14 2.43788e+34 2.68267e+19 5.63694e+38 
9.37357e+14 2.4498e+34 2.69503e+19 5.63927e+38 
9.37755e+14 2.46173e+34 2.70739e+19 5.6416e+38 
9.38153e+14 2.47366e+34 2.71974e+19 5.64392e+38 
9.38551e+14 2.48559e+34 2.7321e+19 5.64625e+38 
9.3895e+14 2.49753e+34 2.74445e+19 5.64858e+38 
9.39349e+14 2.50948e+34 2.75681e+19 5.65091e+38 
9.39747e+14 2.52143e+34 2.76916e+19 5.65324e+38 
9.40147e+14 2.53339e+34 2.78151e+19 5.65557e+38 
9.40546e+14 2.54535e+34 2.79386e+19 5.6579e+38 
9.40945e+14 2.55731e+34 2.8062e+19 5.66023e+38 
9.41345e+14 2.56928e+34 2.81855e+19 5.66257e+38 
9.41744e+14 2.58126e+34 2.83089e+19 5.6649e+38 
9.42144e+14 2.59324e+34 2.84323e+19 5.66724e+38 
9.42544e+14 2.60522e+34 2.85557e+19 5.66957e+38 
9.42945e+14 2.61722e+34 2.86791e+19 5.67191e+38 
9.43345e+14 2.62921e+34 2.88025e+19 5.67424e+38 
9.43746e+14 2.64121e+34 2.89259e+19 5.67658e+38 
9.44147e+14 2.65322e+34 2.90492e+19 5.67892e+38 
9.44547e+14 2.66523e+34 2.91725e+19 5.68126e+38 
9.44949e+14 2.67725e+34 2.92958e+19 5.68359e+38 
9.4535e+14 2.68927e+34 2.94191e+19 5.68593e+38 
9.45751e+14 2.70129e+34 2.95424e+19 5.68827e+38 
9.46153e+14 2.71333e+34 2.96657e+19 5.69062e+38 
9.46555e+14 2.72536e+34 2.97889e+19 5.69296e+38 
9.46957e+14 2.73741e+34 2.99122e+19 5.6953e+38 
9.47359e+14 2.74945e+34 3.00354e+19 5.69764e+38 
9.47761e+14 2.7615e+34 3.01586e+19 5.69999e+38 
9.48163e+14 2.77356e+34 3.02818e+19 5.70233e+38 
9.48566e+14 2.78562e+34 3.0405e+19 5.70467e+38 
9.48969e+14 2.79769e+34 3.05281e+19 5.70702e+38 
9.49372e+14 2.80976e+34 3.06513e+19 5.70937e+38 
9.49775e+14 2.82184e+34 3.07744e+19 5.71171e+38 
9.50178e+14 2.83392e+34 3.08975e+19 5.71406e+38 
9.50582e+14 2.84601e+34 3.10206e+19 5.71641e+38 
9.50986e+14 2.85811e+34 3.11437e+19 5.71876e+38 
9.51389e+14 2.8702e+34 3.12668e+19 5.72111e+38 
9.51793e+14 2.88231e+34 3.13898e+19 5.72346e+38 
9.52198e+14 2.89442e+34 3.15128e+19 5.72581e+38 
9.52602e+14 2.90653e+34 3.16359e+19 5.72816e+38 
9.53006e+14 2.91865e+34 3.17589e+19 5.73051e+38 
9.53411e+14 2.93077e+34 3.18819e+19 5.73287e+38 
9.53816e+14 2.9429e+34 3.20048e+19 5.73522e+38 
9.54221e+14 2.95504e+34 3.21278e+19 5.73758e+38 
9.54626e+14 2.96718e+34 3.22508e+19 5.73993e+38 
9.55032e+14 2.97932e+34 3.23737e+19 5.74229e+38 
9.55437e+14 2.99147e+34 3.24966e+19 5.74464e+38 
9.55843e+14 3.00363e+34 3.26195e+19 5.747e+38 
9.56249e+14 3.01579e+34 3.27424e+19 5.74936e+38 
9.56655e+14 3.02795e+34 3.28653e+19 5.75172e+38 
9.57061e+14 3.04012e+34 3.29881e+19 5.75408e+38 
9.57468e+14 3.0523e+34 3.3111e+19 5.75644e+38 
9.57874e+14 3.06448e+34 3.32338e+19 5.7588e+38 
9.58281e+14 3.07666e+34 3.33566e+19 5.76116e+38 
9.58688e+14 3.08885e+34 3.34794e+19 5.76352e+38 
9.59095e+14 3.10105e+34 3.36022e+19 5.76588e+38 
9.59502e+14 3.11325e+34 3.3725e+19 5.76825e+38 
9.5991e+14 3.12546e+34 3.38477e+19 5.77061e+38 
9.60317e+14 3.13767e+34 3.39704e+19 5.77297e+38 
9.60725e+14 3.14989e+34 3.40932e+19 5.77534e+38 
9.61133e+14 3.16211e+34 3.42159e+19 5.77771e+38 
9.61541e+14 3.17434e+34 3.43386e+19 5.78007e+38 
9.6195e+14 3.18657e+34 3.44612e+19 5.78244e+38 
9.62358e+14 3.19881e+34 3.45839e+19 5.78481e+38 
9.62767e+14 3.21105e+34 3.47066e+19 5.78718e+38 
9.63176e+14 3.2233e+34 3.48292e+19 5.78955e+38 
9.63585e+14 3.23555e+34 3.49518e+19 5.79192e+38 
9.63994e+14 3.24781e+34 3.50744e+19 5.79429e+38 
9.64403e+14 3.26007e+34 3.5197e+19 5.79666e+38 
9.64813e+14 3.27234e+34 3.53196e+19 5.79903e+38 
9.65222e+14 3.28462e+34 3.54421e+19 5.8014e+38 
9.65632e+14 3.2969e+34 3.55647e+19 5.80378e+38 
9.66042e+14 3.30918e+34 3.56872e+19 5.80615e+38 
9.66452e+14 3.32147e+34 3.58097e+19 5.80853e+38 
9.66863e+14 3.33377e+34 3.59322e+19 5.8109e+38 
9.67273e+14 3.34607e+34 3.60547e+19 5.81328e+38 
9.67684e+14 3.35837e+34 3.61772e+19 5.81565e+38 
9.68095e+14 3.37068e+34 3.62996e+19 5.81803e+38 
9.68506e+14 3.383e+34 3.64221e+19 5.82041e+38 
9.68918e+14 3.39532e+34 3.65445e+19 5.82279e+38 
9.69329e+14 3.40765e+34 3.66669e+19 5.82517e+38 
9.69741e+14 3.41998e+34 3.67893e+19 5.82755e+38 
9.70152e+14 3.43232e+34 3.69117e+19 5.82993e+38 
9.70564e+14 3.44466e+34 3.70341e+19 5.83231e+38 
9.70977e+14 3.45701e+34 3.71564e+19 5.8347e+38 
9.71389e+14 3.46936e+34 3.72787e+19 5.83708e+38 
9.71801e+14 3.48172e+34 3.74011e+19 5.83946e+38 
9.72214e+14 3.49408e+34 3.75234e+19 5.84185e+38 
9.72627e+14 3.50645e+34 3.76457e+19 5.84423e+38 
9.7304e+14 3.51882e+34 3.77679e+19 5.84662e+38 
9.73453e+14 3.5312e+34 3.78902e+19 5.849e+38 
9.73866e+14 3.54358e+34 3.80125e+19 5.85139e+38 
9.7428e+14 3.55597e+34 3.81347e+19 5.85378e+38 
9.74694e+14 3.56837e+34 3.82569e+19 5.85617e+38 
9.75108e+14 3.58077e+34 3.83791e+19 5.85856e+38 
9.75522e+14 3.59317e+34 3.85013e+19 5.86095e+38 
9.75936e+14 3.60558e+34 3.86235e+19 5.86334e+38 
9.7635e+14 3.618e+34 3.87457e+19 5.86573e+38 
9.76765e+14 3.63042e+34 3.88678e+19 5.86812e+38 
9.7718e+14 3.64285e+34 3.89899e+19 5.87051e+38 
9.77595e+14 3.65528e+34 3.91121e+19 5.87291e+38 
9.7801e+14 3.66772e+34 3.92342e+19 5.8753e+38 
9.78425e+14 3.68016e+34 3.93563e+19 5.8777e+38 
9.78841e+14 3.6926e+34 3.94783e+19 5.88009e+38 
9.79256e+14 3.70506e+34 3.96004e+19 5.88249e+38 
9.79672e+14 3.71752e+34 3.97224e+19 5.88489e+38 
9.80088e+14 3.72998e+34 3.98445e+19 5.88728e+38 
9.80504e+14 3.74245e+34 3.99665e+19 5.88968e+38 
9.80921e+14 3.75492e+34 4.00885e+19 5.89208e+38 
9.81337e+14 3.7674e+34 4.02105e+19 5.89448e+38 
9.81754e+14 3.77988e+34 4.03324e+19 5.89688e+38 
9.82171e+14 3.79237e+34 4.04544e+19 5.89928e+38 
9.82588e+14 3.80487e+34 4.05764e+19 5.90168e+38 
9.83005e+14 3.81737e+34 4.06983e+19 5.90409e+38 
9.83423e+14 3.82988e+34 4.08202e+19 5.90649e+38 
9.8384e+14 3.84239e+34 4.09421e+19 5.90889e+38 
9.84258e+14 3.8549e+34 4.1064e+19 5.9113e+38 
9.84676e+14 3.86742e+34 4.11859e+19 5.9137e+38 
9.85094e+14 3.87995e+34 4.13077e+19 5.91611e+38 
9.85513e+14 3.89248e+34 4.14296e+19 5.91852e+38 
9.85931e+14 3.90502e+34 4.15514e+19 5.92092e+38 
9.8635e+14 3.91756e+34 4.16732e+19 5.92333e+38 
9.86769e+14 3.93011e+34 4.1795e+19 5.92574e+38 
9.87188e+14 3.94267e+34 4.19168e+19 5.92815e+38 
9.87607e+14 3.95522e+34 4.20386e+19 5.93056e+38 
9.88026e+14 3.96779e+34 4.21603e+19 5.93297e+38 
9.88446e+14 3.98036e+34 4.22821e+19 5.93538e+38 
9.88866e+14 3.99293e+34 4.24038e+19 5.93779e+38 
9.89285e+14 4.00551e+34 4.25255e+19 5.94021e+38 
9.89706e+14 4.0181e+34 4.26472e+19 5.94262e+38 
9.90126e+14 4.03069e+34 4.27689e+19 5.94503e+38 
9.90546e+14 4.04329e+34 4.28906e+19 5.94745e+38 
9.90967e+14 4.05589e+34 4.30122e+19 5.94986e+38 
9.91388e+14 4.06849e+34 4.31339e+19 5.95228e+38 
9.91809e+14 4.08111e+34 4.32555e+19 5.9547e+38 
9.9223e+14 4.09372e+34 4.33771e+19 5.95712e+38 
9.92651e+14 4.10635e+34 4.34987e+19 5.95953e+38 
9.93073e+14 4.11898e+34 4.36203e+19 5.96195e+38 
9.93494e+14 4.13161e+34 4.37419e+19 5.96437e+38 
9.93916e+14 4.14425e+34 4.38635e+19 5.96679e+38 
9.94338e+14 4.15689e+34 4.3985e+19 5.96922e+38 
9.94761e+14 4.16954e+34 4.41065e+19 5.97164e+38 
9.95183e+14 4.1822e+34 4.42281e+19 5.97406e+38 
9.95606e+14 4.19486e+34 4.43496e+19 5.97648e+38 
9.96028e+14 4.20752e+34 4.4471e+19 5.97891e+38 
9.96451e+14 4.2202e+34 4.45925e+19 5.98133e+38 
9.96875e+14 4.23287e+34 4.4714e+19 5.98376e+38 
9.97298e+14 4.24556e+34 4.48354e+19 5.98618e+38 
9.97721e+14 4.25824e+34 4.49569e+19 5.98861e+38 
9.98145e+14 4.27094e+34 4.50783e+19 5.99104e+38 
9.98569e+14 4.28363e+34 4.51997e+19 5.99347e+38 
9.98993e+14 4.29634e+34 4.53211e+19 5.9959e+38 
9.99417e+14 4.30905e+34 4.54424e+19 5.99833e+38 
9.99842e+14 4.32176e+34 4.55638e+19 6.00076e+38 
1.00027e+15 4.33448e+34 4.56852e+19 6.00319e+38 
1.00069e+15 4.34721e+34 4.58065e+19 6.00562e+38 
1.00112e+15 4.35994e+34 4.59278e+19 6.00805e+38 
1.00154e+15 4.37267e+34 4.60491e+19 6.01048e+38 
1.00197e+15 4.38541e+34 4.61704e+19 6.01292e+38 
1.00239e+15 4.39816e+34 4.62917e+19 6.01535e+38 
1.00282e+15 4.41091e+34 4.6413e+19 6.01779e+38 
1.00324e+15 4.42367e+34 4.65342e+19 6.02022e+38 
1.00367e+15 4.43643e+34 4.66554e+19 6.02266e+38 
1.0041e+15 4.4492e+34 4.67767e+19 6.0251e+38 
1.00452e+15 4.46198e+34 4.68979e+19 6.02754e+38 
1.00495e+15 4.47476e+34 4.70191e+19 6.02998e+38 
1.00538e+15 4.48754e+34 4.71402e+19 6.03242e+38 
1.0058e+15 4.50033e+34 4.72614e+19 6.03486e+38 
1.00623e+15 4.51313e+34 4.73826e+19 6.0373e+38 
1.00666e+15 4.52593e+34 4.75037e+19 6.03974e+38 
1.00708e+15 4.53873e+34 4.76248e+19 6.04218e+38 
1.00751e+15 4.55155e+34 4.77459e+19 6.04462e+38 
1.00794e+15 4.56436e+34 4.7867e+19 6.04707e+38 
1.00837e+15 4.57719e+34 4.79881e+19 6.04951e+38 
1.0088e+15 4.59002e+34 4.81092e+19 6.05196e+38 
1.00922e+15 4.60285e+34 4.82302e+19 6.0544e+38 
1.00965e+15 4.61569e+34 4.83513e+19 6.05685e+38 
1.01008e+15 4.62853e+34 4.84723e+19 6.0593e+38 
1.01051e+15 4.64138e+34 4.85933e+19 6.06175e+38 
1.01094e+15 4.65424e+34 4.87143e+19 6.06419e+38 
1.01137e+15 4.6671e+34 4.88353e+19 6.06664e+38 
1.0118e+15 4.67997e+34 4.89563e+19 6.06909e+38 
1.01223e+15 4.69284e+34 4.90773e+19 6.07155e+38 
1.01266e+15 4.70572e+34 4.91982e+19 6.074e+38 
1.01309e+15 4.7186e+34 4.93191e+19 6.07645e+38 
1.01352e+15 4.73149e+34 4.944e+19 6.0789e+38 
1.01395e+15 4.74438e+34 4.9561e+19 6.08136e+38 
1.01438e+15 4.75728e+34 4.96818e+19 6.08381e+38 
1.01481e+15 4.77018e+34 4.98027e+19 6.08627e+38 
1.01524e+15 4.78309e+34 4.99236e+19 6.08872e+38 
1.01567e+15 4.79601e+34 5.00444e+19 6.09118e+38 
1.0161e+15 4.80893e+34 5.01653e+19 6.09364e+38 
1.01653e+15 4.82186e+34 5.02861e+19 6.09609e+38 
1.01697e+15 4.83479e+34 5.04069e+19 6.09855e+38 
1.0174e+15 4.84773e+34 5.05277e+19 6.10101e+38 
1.01783e+15 4.86067e+34 5.06485e+19 6.10347e+38 
1.01826e+15 4.87362e+34 5.07692e+19 6.10593e+38 
1.01869e+15 4.88657e+34 5.089e+19 6.10839e+38 
1.01913e+15 4.89953e+34 5.10107e+19 6.11086e+38 
1.01956e+15 4.9125e+34 5.11315e+19 6.11332e+38 
1.01999e+15 4.92547e+34 5.12522e+19 6.11578e+38 
1.02043e+15 4.93845e+34 5.13729e+19 6.11825e+38 
1.02086e+15 4.95143e+34 5.14936e+19 6.12071e+38 
1.02129e+15 4.96442e+34 5.16142e+19 6.12318e+38 
1.02173e+15 4.97741e+34 5.17349e+19 6.12565e+38 
1.02216e+15 4.99041e+34 5.18555e+19 6.12811e+38 
1.02259e+15 5.00341e+34 5.19762e+19 6.13058e+38 
1.02303e+15 5.01642e+34 5.20968e+19 6.13305e+38 
1.02346e+15 5.02943e+34 5.22174e+19 6.13552e+38 
1.0239e+15 5.04245e+34 5.2338e+19 6.13799e+38 
1.02433e+15 5.05548e+34 5.24586e+19 6.14046e+38 
1.02477e+15 5.06851e+34 5.25791e+19 6.14293e+38 
1.0252e+15 5.08155e+34 5.26997e+19 6.14541e+38 
1.02564e+15 5.09459e+34 5.28202e+19 6.14788e+38 
1.02607e+15 5.10764e+34 5.29407e+19 6.15035e+38 
1.02651e+15 5.12069e+34 5.30612e+19 6.15283e+38 
1.02695e+15 5.13375e+34 5.31817e+19 6.1553e+38 
1.02738e+15 5.14682e+34 5.33022e+19 6.15778e+38 
1.02782e+15 5.15989e+34 5.34227e+19 6.16025e+38 
1.02825e+15 5.17296e+34 5.35432e+19 6.16273e+38 
1.02869e+15 5.18604e+34 5.36636e+19 6.16521e+38 
1.02913e+15 5.19913e+34 5.3784e+19 6.16769e+38 
1.02956e+15 5.21222e+34 5.39044e+19 6.17017e+38 
1.03e+15 5.22532e+34 5.40248e+19 6.17265e+38 
1.03044e+15 5.23843e+34 5.41452e+19 6.17513e+38 
1.03088e+15 5.25153e+34 5.42656e+19 6.17761e+38 
1.03131e+15 5.26465e+34 5.4386e+19 6.18009e+38 
1.03175e+15 5.27777e+34 5.45063e+19 6.18258e+38 
1.03219e+15 5.29089e+34 5.46267e+19 6.18506e+38 
1.03263e+15 5.30403e+34 5.4747e+19 6.18755e+38 
1.03307e+15 5.31716e+34 5.48673e+19 6.19003e+38 
1.03351e+15 5.33031e+34 5.49876e+19 6.19252e+38 
1.03395e+15 5.34345e+34 5.51079e+19 6.195e+38 
1.03438e+15 5.35661e+34 5.52281e+19 6.19749e+38 
1.03482e+15 5.36977e+34 5.53484e+19 6.19998e+38 
1.03526e+15 5.38293e+34 5.54686e+19 6.20247e+38 
1.0357e+15 5.3961e+34 5.55889e+19 6.20496e+38 
1.03614e+15 5.40928e+34 5.57091e+19 6.20745e+38 
1.03658e+15 5.42246e+34 5.58293e+19 6.20994e+38 
1.03702e+15 5.43565e+34 5.59495e+19 6.21243e+38 
1.03746e+15 5.44884e+34 5.60696e+19 6.21492e+38 
1.0379e+15 5.46204e+34 5.61898e+19 6.21742e+38 
1.03834e+15 5.47524e+34 5.631e+19 6.21991e+38 
1.03879e+15 5.48845e+34 5.64301e+19 6.22241e+38 
1.03923e+15 5.50167e+34 5.65502e+19 6.2249e+38 
1.03967e+15 5.51489e+34 5.66703e+19 6.2274e+38 
1.04011e+15 5.52812e+34 5.67904e+19 6.22989e+38 
1.04055e+15 5.54135e+34 5.69105e+19 6.23239e+38 
1.04099e+15 5.55459e+34 5.70306e+19 6.23489e+38 
1.04143e+15 5.56783e+34 5.71506e+19 6.23739e+38 
1.04188e+15 5.58108e+34 5.72707e+19 6.23989e+38 
1.04232e+15 5.59433e+34 5.73907e+19 6.24239e+38 
1.04276e+15 5.60759e+34 5.75107e+19 6.24489e+38 
1.0432e+15 5.62086e+34 5.76307e+19 6.24739e+38 
1.04365e+15 5.63413e+34 5.77507e+19 6.2499e+38 
1.04409e+15 5.64741e+34 5.78707e+19 6.2524e+38 
1.04453e+15 5.66069e+34 5.79907e+19 6.2549e+38 
1.04498e+15 5.67398e+34 5.81106e+19 6.25741e+38 
1.04542e+15 5.68727e+34 5.82305e+19 6.25991e+38 
1.04587e+15 5.70057e+34 5.83505e+19 6.26242e+38 
1.04631e+15 5.71388e+34 5.84704e+19 6.26493e+38 
1.04675e+15 5.72719e+34 5.85903e+19 6.26744e+38 
1.0472e+15 5.7405e+34 5.87102e+19 6.26994e+38 
1.04764e+15 5.75383e+34 5.883e+19 6.27245e+38 
1.04809e+15 5.76716e+34 5.89499e+19 6.27496e+38 
1.04853e+15 5.78049e+34 5.90698e+19 6.27747e+38 
1.04898e+15 5.79383e+34 5.91896e+19 6.27999e+38 
1.04942e+15 5.80717e+34 5.93094e+19 6.2825e+38 
1.04987e+15 5.82052e+34 5.94292e+19 6.28501e+38 
1.05032e+15 5.83388e+34 5.9549e+19 6.28752e+38 
1.05076e+15 5.84724e+34 5.96688e+19 6.29004e+38 
1.05121e+15 5.86061e+34 5.97886e+19 6.29255e+38 
1.05165e+15 5.87398e+34 5.99083e+19 6.29507e+38 
1.0521e+15 5.88736e+34 6.00281e+19 6.29759e+38 
1.05255e+15 5.90075e+34 6.01478e+19 6.3001e+38 
1.05299e+15 5.91414e+34 6.02675e+19 6.30262e+38 
1.05344e+15 5.92753e+34 6.03872e+19 6.30514e+38 
1.05389e+15 5.94093e+34 6.05069e+19 6.30766e+38 
1.05434e+15 5.95434e+34 6.06266e+19 6.31018e+38 
1.05478e+15 5.96776e+34 6.07463e+19 6.3127e+38 
1.05523e+15 5.98117e+34 6.08659e+19 6.31522e+38 
1.05568e+15 5.9946e+34 6.09855e+19 6.31775e+38 
1.05613e+15 6.00803e+34 6.11052e+19 6.32027e+38 
1.05658e+15 6.02146e+34 6.12248e+19 6.32279e+38 
1.05703e+15 6.03491e+34 6.13444e+19 6.32532e+38 
1.05747e+15 6.04835e+34 6.1464e+19 6.32784e+38 
1.05792e+15 6.06181e+34 6.15835e+19 6.33037e+38 
1.05837e+15 6.07527e+34 6.17031e+19 6.3329e+38 
1.05882e+15 6.08873e+34 6.18227e+19 6.33542e+38 
1.05927e+15 6.1022e+34 6.19422e+19 6.33795e+38 
1.05972e+15 6.11568e+34 6.20617e+19 6.34048e+38 
1.06017e+15 6.12916e+34 6.21812e+19 6.34301e+38 
1.06062e+15 6.14265e+34 6.23007e+19 6.34554e+38 
1.06107e+15 6.15614e+34 6.24202e+19 6.34807e+38 
1.06152e+15 6.16964e+34 6.25397e+19 6.35061e+38 
1.06197e+15 6.18314e+34 6.26591e+19 6.35314e+38 
1.06242e+15 6.19665e+34 6.27786e+19 6.35567e+38 
1.06288e+15 6.21017e+34 6.2898e+19 6.35821e+38 
1.06333e+15 6.22369e+34 6.30174e+19 6.36074e+38 
1.06378e+15 6.23722e+34 6.31369e+19 6.36328e+38 
1.06423e+15 6.25075e+34 6.32563e+19 6.36581e+38 
1.06468e+15 6.26429e+34 6.33756e+19 6.36835e+38 
1.06513e+15 6.27783e+34 6.3495e+19 6.37089e+38 
1.06559e+15 6.29138e+34 6.36144e+19 6.37343e+38 
1.06604e+15 6.30494e+34 6.37337e+19 6.37597e+38 
1.06649e+15 6.3185e+34 6.3853e+19 6.37851e+38 
1.06694e+15 6.33207e+34 6.39724e+19 6.38105e+38 
1.0674e+15 6.34564e+34 6.40917e+19 6.38359e+38 
1.06785e+15 6.35922e+34 6.4211e+19 6.38613e+38 
1.0683e+15 6.37281e+34 6.43302e+19 6.38868e+38 
1.06876e+15 6.3864e+34 6.44495e+19 6.39122e+38 
1.06921e+15 6.4e+34 6.45688e+19 6.39376e+38 
1.06967e+15 6.4136e+34 6.4688e+19 6.39631e+38 
1.07012e+15 6.42721e+34 6.48072e+19 6.39886e+38 
1.07057e+15 6.44082e+34 6.49265e+19 6.4014e+38 
1.07103e+15 6.45444e+34 6.50457e+19 6.40395e+38 
1.07148e+15 6.46807e+34 6.51649e+19 6.4065e+38 
1.07194e+15 6.4817e+34 6.5284e+19 6.40905e+38 
1.07239e+15 6.49533e+34 6.54032e+19 6.4116e+38 
1.07285e+15 6.50898e+34 6.55224e+19 6.41415e+38 
1.07331e+15 6.52263e+34 6.56415e+19 6.4167e+38 
1.07376e+15 6.53628e+34 6.57606e+19 6.41925e+38 
1.07422e+15 6.54994e+34 6.58797e+19 6.4218e+38 
1.07467e+15 6.56361e+34 6.59989e+19 6.42436e+38 
1.07513e+15 6.57728e+34 6.61179e+19 6.42691e+38 
1.07559e+15 6.59096e+34 6.6237e+19 6.42947e+38 
1.07604e+15 6.60464e+34 6.63561e+19 6.43202e+38 
1.0765e+15 6.61833e+34 6.64751e+19 6.43458e+38 
1.07696e+15 6.63202e+34 6.65942e+19 6.43714e+38 
1.07741e+15 6.64572e+34 6.67132e+19 6.43969e+38 
1.07787e+15 6.65943e+34 6.68322e+19 6.44225e+38 
1.07833e+15 6.67314e+34 6.69512e+19 6.44481e+38 
1.07879e+15 6.68686e+34 6.70702e+19 6.44737e+38 
1.07925e+15 6.70059e+34 6.71892e+19 6.44993e+38 
1.0797e+15 6.71432e+34 6.73082e+19 6.4525e+38 
1.08016e+15 6.72805e+34 6.74271e+19 6.45506e+38 
1.08062e+15 6.74179e+34 6.75461e+19 6.45762e+38 
1.08108e+15 6.75554e+34 6.7665e+19 6.46019e+38 
1.08154e+15 6.76929e+34 6.77839e+19 6.46275e+38 
1.082e+15 6.78305e+34 6.79028e+19 6.46532e+38 
1.08246e+15 6.79682e+34 6.80217e+19 6.46788e+38 
1.08292e+15 6.81059e+34 6.81406e+19 6.47045e+38 
1.08338e+15 6.82437e+34 6.82595e+19 6.47302e+38 
1.08384e+15 6.83815e+34 6.83783e+19 6.47559e+38 
1.0843e+15 6.85194e+34 6.84972e+19 6.47816e+38 
1.08476e+15 6.86573e+34 6.8616e+19 6.48073e+38 
1.08522e+15 6.87953e+34 6.87348e+19 6.4833e+38 
1.08568e+15 6.89334e+34 6.88536e+19 6.48587e+38 
1.08614e+15 6.90715e+34 6.89724e+19 6.48844e+38 
1.0866e+15 6.92097e+34 6.90912e+19 6.49101e+38 
1.08706e+15 6.93479e+34 6.921e+19 6.49359e+38 
1.08752e+15 6.94862e+34 6.93287e+19 6.49616e+38 
1.08799e+15 6.96246e+34 6.94475e+19 6.49874e+38 
1.08845e+15 6.9763e+34 6.95662e+19 6.50131e+38 
1.08891e+15 6.99014e+34 6.96849e+19 6.50389e+38 
1.08937e+15 7.004e+34 6.98036e+19 6.50647e+38 
1.08984e+15 7.01786e+34 6.99223e+19 6.50905e+38 
1.0903e+15 7.03172e+34 7.0041e+19 6.51163e+38 
1.09076e+15 7.04559e+34 7.01597e+19 6.51421e+38 
1.09122e+15 7.05947e+34 7.02783e+19 6.51679e+38 
1.09169e+15 7.07335e+34 7.0397e+19 6.51937e+38 
1.09215e+15 7.08724e+34 7.05156e+19 6.52195e+38 
1.09262e+15 7.10113e+34 7.06342e+19 6.52453e+38 
1.09308e+15 7.11503e+34 7.07528e+19 6.52712e+38 
1.09354e+15 7.12894e+34 7.08714e+19 6.5297e+38 
1.09401e+15 7.14285e+34 7.099e+19 6.53229e+38 
1.09447e+15 7.15677e+34 7.11086e+19 6.53487e+38 
1.09494e+15 7.17069e+34 7.12271e+19 6.53746e+38 
1.0954e+15 7.18462e+34 7.13457e+19 6.54005e+38 
1.09587e+15 7.19856e+34 7.14642e+19 6.54263e+38 
1.09633e+15 7.2125e+34 7.15827e+19 6.54522e+38 
1.0968e+15 7.22645e+34 7.17012e+19 6.54781e+38 
1.09726e+15 7.2404e+34 7.18197e+19 6.5504e+38 
1.09773e+15 7.25436e+34 7.19382e+19 6.55299e+38 
1.0982e+15 7.26832e+34 7.20567e+19 6.55559e+38 
1.09866e+15 7.2823e+34 7.21752e+19 6.55818e+38 
1.09913e+15 7.29627e+34 7.22936e+19 6.56077e+38 
1.0996e+15 7.31026e+34 7.2412e+19 6.56337e+38 
1.10006e+15 7.32424e+34 7.25305e+19 6.56596e+38 
1.10053e+15 7.33824e+34 7.26489e+19 6.56856e+38 
1.101e+15 7.35224e+34 7.27673e+19 6.57115e+38 
1.10147e+15 7.36625e+34 7.28857e+19 6.57375e+38 
1.10193e+15 7.38026e+34 7.30041e+19 6.57635e+38 
1.1024e+15 7.39428e+34 7.31224e+19 6.57895e+38 
1.10287e+15 7.4083e+34 7.32408e+19 6.58155e+38 
1.10334e+15 7.42233e+34 7.33591e+19 6.58415e+38 
1.10381e+15 7.43637e+34 7.34774e+19 6.58675e+38 
1.10427e+15 7.45041e+34 7.35958e+19 6.58935e+38 
1.10474e+15 7.46446e+34 7.37141e+19 6.59195e+38 
1.10521e+15 7.47852e+34 7.38324e+19 6.59456e+38 
1.10568e+15 7.49258e+34 7.39506e+19 6.59716e+38 
1.10615e+15 7.50664e+34 7.40689e+19 6.59977e+38 
1.10662e+15 7.52071e+34 7.41872e+19 6.60237e+38 
1.10709e+15 7.53479e+34 7.43054e+19 6.60498e+38 
1.10756e+15 7.54888e+34 7.44236e+19 6.60758e+38 
1.10803e+15 7.56297e+34 7.45418e+19 6.61019e+38 
1.1085e+15 7.57706e+34 7.46601e+19 6.6128e+38 
1.10897e+15 7.59117e+34 7.47783e+19 6.61541e+38 
1.10944e+15 7.60527e+34 7.48964e+19 6.61802e+38 
1.10991e+15 7.61939e+34 7.50146e+19 6.62063e+38 
1.11039e+15 7.63351e+34 7.51328e+19 6.62324e+38 
1.11086e+15 7.64763e+34 7.52509e+19 6.62586e+38 
1.11133e+15 7.66177e+34 7.53691e+19 6.62847e+38 
1.1118e+15 7.6759e+34 7.54872e+19 6.63108e+38 
1.11227e+15 7.69005e+34 7.56053e+19 6.6337e+38 
1.11275e+15 7.7042e+34 7.57234e+19 6.63631e+38 
1.11322e+15 7.71836e+34 7.58415e+19 6.63893e+38 
1.11369e+15 7.73252e+34 7.59596e+19 6.64155e+38 
1.11416e+15 7.74669e+34 7.60776e+19 6.64417e+38 
1.11464e+15 7.76086e+34 7.61957e+19 6.64678e+38 
1.11511e+15 7.77504e+34 7.63137e+19 6.6494e+38 
1.11558e+15 7.78923e+34 7.64317e+19 6.65202e+38 
1.11606e+15 7.80342e+34 7.65498e+19 6.65464e+38 
1.11653e+15 7.81762e+34 7.66678e+19 6.65727e+38 
1.11701e+15 7.83182e+34 7.67858e+19 6.65989e+38 
1.11748e+15 7.84603e+34 7.69037e+19 6.66251e+38 
1.11795e+15 7.86025e+34 7.70217e+19 6.66514e+38 
1.11843e+15 7.87447e+34 7.71397e+19 6.66776e+38 
1.1189e+15 7.8887e+34 7.72576e+19 6.67039e+38 
1.11938e+15 7.90293e+34 7.73755e+19 6.67301e+38 
1.11985e+15 7.91717e+34 7.74935e+19 6.67564e+38 
1.12033e+15 7.93142e+34 7.76114e+19 6.67827e+38 
1.12081e+15 7.94567e+34 7.77293e+19 6.6809e+38 
1.12128e+15 7.95993e+34 7.78472e+19 6.68353e+38 
1.12176e+15 7.9742e+34 7.7965e+19 6.68616e+38 
1.12223e+15 7.98847e+34 7.80829e+19 6.68879e+38 
1.12271e+15 8.00275e+34 7.82007e+19 6.69142e+38 
1.12319e+15 8.01703e+34 7.83186e+19 6.69405e+38 
1.12366e+15 8.03132e+34 7.84364e+19 6.69668e+38 
1.12414e+15 8.04561e+34 7.85542e+19 6.69932e+38 
1.12462e+15 8.05991e+34 7.8672e+19 6.70195e+38 
1.1251e+15 8.07422e+34 7.87898e+19 6.70459e+38 
1.12557e+15 8.08853e+34 7.89076e+19 6.70723e+38 
1.12605e+15 8.10285e+34 7.90254e+19 6.70986e+38 
1.12653e+15 8.11718e+34 7.91431e+19 6.7125e+38 
1.12701e+15 8.13151e+34 7.92609e+19 6.71514e+38 
1.12749e+15 8.14585e+34 7.93786e+19 6.71778e+38 
1.12797e+15 8.16019e+34 7.94963e+19 6.72042e+38 
1.12845e+15 8.17454e+34 7.9614e+19 6.72306e+38 
1.12892e+15 8.1889e+34 7.97317e+19 6.7257e+38 
1.1294e+15 8.20326e+34 7.98494e+19 6.72835e+38 
1.12988e+15 8.21763e+34 7.99671e+19 6.73099e+38 
1.13036e+15 8.232e+34 8.00848e+19 6.73363e+38 
1.13084e+15 8.24638e+34 8.02024e+19 6.73628e+38 
1.13132e+15 8.26077e+34 8.03201e+19 6.73892e+38 
1.1318e+15 8.27516e+34 8.04377e+19 6.74157e+38 
1.13228e+15 8.28956e+34 8.05553e+19 6.74422e+38 
1.13277e+15 8.30397e+34 8.06729e+19 6.74686e+38 
1.13325e+15 8.31838e+34 8.07905e+19 6.74951e+38 
1.13373e+15 8.33279e+34 8.09081e+19 6.75216e+38 
1.13421e+15 8.34722e+34 8.10257e+19 6.75481e+38 
1.13469e+15 8.36165e+34 8.11432e+19 6.75746e+38 
1.13517e+15 8.37608e+34 8.12608e+19 6.76012e+38 
1.13565e+15 8.39052e+34 8.13783e+19 6.76277e+38 
1.13614e+15 8.40497e+34 8.14958e+19 6.76542e+38 
1.13662e+15 8.41942e+34 8.16133e+19 6.76808e+38 
1.1371e+15 8.43388e+34 8.17308e+19 6.77073e+38 
1.13759e+15 8.44835e+34 8.18483e+19 6.77339e+38 
1.13807e+15 8.46282e+34 8.19658e+19 6.77604e+38 
1.13855e+15 8.4773e+34 8.20833e+19 6.7787e+38 
1.13903e+15 8.49178e+34 8.22007e+19 6.78136e+38 
1.13952e+15 8.50628e+34 8.23182e+19 6.78402e+38 
1.14e+15 8.52077e+34 8.24356e+19 6.78668e+38 
1.14049e+15 8.53528e+34 8.2553e+19 6.78934e+38 
1.14097e+15 8.54978e+34 8.26704e+19 6.792e+38 
1.14146e+15 8.5643e+34 8.27878e+19 6.79466e+38 
1.14194e+15 8.57882e+34 8.29052e+19 6.79733e+38 
1.14243e+15 8.59335e+34 8.30226e+19 6.79999e+38 
1.14291e+15 8.60788e+34 8.314e+19 6.80265e+38 
1.1434e+15 8.62242e+34 8.32573e+19 6.80532e+38 
1.14388e+15 8.63697e+34 8.33746e+19 6.80799e+38 
1.14437e+15 8.65152e+34 8.3492e+19 6.81065e+38 
1.14485e+15 8.66608e+34 8.36093e+19 6.81332e+38 
1.14534e+15 8.68064e+34 8.37266e+19 6.81599e+38 
1.14583e+15 8.69521e+34 8.38439e+19 6.81866e+38 
1.14631e+15 8.70979e+34 8.39612e+19 6.82133e+38 
1.1468e+15 8.72438e+34 8.40784e+19 6.824e+38 
1.14729e+15 8.73896e+34 8.41957e+19 6.82667e+38 
1.14777e+15 8.75356e+34 8.4313e+19 6.82934e+38 
1.14826e+15 8.76816e+34 8.44302e+19 6.83201e+38 
1.14875e+15 8.78277e+34 8.45474e+19 6.83469e+38 
1.14924e+15 8.79738e+34 8.46646e+19 6.83736e+38 
1.14972e+15 8.812e+34 8.47818e+19 6.84004e+38 
1.15021e+15 8.82663e+34 8.4899e+19 6.84271e+38 
1.1507e+15 8.84126e+34 8.50162e+19 6.84539e+38 
1.15119e+15 8.8559e+34 8.51334e+19 6.84807e+38 
1.15168e+15 8.87055e+34 8.52505e+19 6.85075e+38 
1.15217e+15 8.8852e+34 8.53677e+19 6.85343e+38 
1.15266e+15 8.89986e+34 8.54848e+19 6.85611e+38 
1.15315e+15 8.91452e+34 8.56019e+19 6.85879e+38 
1.15364e+15 8.92919e+34 8.57191e+19 6.86147e+38 
1.15413e+15 8.94387e+34 8.58362e+19 6.86415e+38 
1.15462e+15 8.95855e+34 8.59532e+19 6.86684e+38 
1.15511e+15 8.97324e+34 8.60703e+19 6.86952e+38 
1.1556e+15 8.98793e+34 8.61874e+19 6.8722e+38 
1.15609e+15 9.00264e+34 8.63044e+19 6.87489e+38 
1.15658e+15 9.01734e+34 8.64215e+19 6.87758e+38 
1.15707e+15 9.03206e+34 8.65385e+19 6.88026e+38 
1.15756e+15 9.04678e+34 8.66555e+19 6.88295e+38 
1.15805e+15 9.0615e+34 8.67726e+19 6.88564e+38 
1.15854e+15 9.07624e+34 8.68896e+19 6.88833e+38 
1.15904e+15 9.09098e+34 8.70065e+19 6.89102e+38 
1.15953e+15 9.10572e+34 8.71235e+19 6.89371e+38 
1.16002e+15 9.12047e+34 8.72405e+19 6.8964e+38 
1.16051e+15 9.13523e+34 8.73574e+19 6.8991e+38 
1.16101e+15 9.14999e+34 8.74744e+19 6.90179e+38 
1.1615e+15 9.16476e+34 8.75913e+19 6.90449e+38 
1.16199e+15 9.17954e+34 8.77082e+19 6.90718e+38 
1.16249e+15 9.19432e+34 8.78251e+19 6.90988e+38 
1.16298e+15 9.20911e+34 8.7942e+19 6.91257e+38 
1.16347e+15 9.22391e+34 8.80589e+19 6.91527e+38 
1.16397e+15 9.23871e+34 8.81758e+19 6.91797e+38 
1.16446e+15 9.25352e+34 8.82927e+19 6.92067e+38 
1.16496e+15 9.26833e+34 8.84095e+19 6.92337e+38 
1.16545e+15 9.28315e+34 8.85264e+19 6.92607e+38 
1.16595e+15 9.29798e+34 8.86432e+19 6.92877e+38 
1.16644e+15 9.31281e+34 8.876e+19 6.93147e+38 
1.16694e+15 9.32765e+34 8.88768e+19 6.93418e+38 
1.16743e+15 9.3425e+34 8.89936e+19 6.93688e+38 
1.16793e+15 9.35735e+34 8.91104e+19 6.93958e+38 
1.16842e+15 9.37221e+34 8.92272e+19 6.94229e+38 
1.16892e+15 9.38707e+34 8.93439e+19 6.945e+38 
1.16942e+15 9.40194e+34 8.94607e+19 6.9477e+38 
1.16991e+15 9.41682e+34 8.95774e+19 6.95041e+38 
1.17041e+15 9.4317e+34 8.96942e+19 6.95312e+38 
1.17091e+15 9.44659e+34 8.98109e+19 6.95583e+38 
1.1714e+15 9.46149e+34 8.99276e+19 6.95854e+38 
1.1719e+15 9.47639e+34 9.00443e+19 6.96125e+38 
1.1724e+15 9.4913e+34 9.0161e+19 6.96396e+38 
1.1729e+15 9.50621e+34 9.02777e+19 6.96668e+38 
1.17339e+15 9.52113e+34 9.03943e+19 6.96939e+38 
1.17389e+15 9.53606e+34 9.0511e+19 6.9721e+38 
1.17439e+15 9.551e+34 9.06276e+19 6.97482e+38 
1.17489e+15 9.56594e+34 9.07443e+19 6.97753e+38 
1.17539e+15 9.58088e+34 9.08609e+19 6.98025e+38 
1.17589e+15 9.59584e+34 9.09775e+19 6.98297e+38 
1.17639e+15 9.6108e+34 9.10941e+19 6.98569e+38 
1.17689e+15 9.62576e+34 9.12107e+19 6.98841e+38 
1.17739e+15 9.64073e+34 9.13273e+19 6.99113e+38 
1.17789e+15 9.65571e+34 9.14438e+19 6.99385e+38 
1.17839e+15 9.6707e+34 9.15604e+19 6.99657e+38 
1.17889e+15 9.68569e+34 9.16769e+19 6.99929e+38 
1.17939e+15 9.70069e+34 9.17935e+19 7.00201e+38 
1.17989e+15 9.71569e+34 9.191e+19 7.00474e+38 
1.18039e+15 9.7307e+34 9.20265e+19 7.00746e+38 
1.18089e+15 9.74572e+34 9.2143e+19 7.01019e+38 
1.18139e+15 9.76074e+34 9.22595e+19 7.01291e+38 
1.18189e+15 9.77577e+34 9.2376e+19 7.01564e+38 
1.1824e+15 9.79081e+34 9.24924e+19 7.01837e+38 
1.1829e+15 9.80585e+34 9.26089e+19 7.0211e+38 
1.1834e+15 9.8209e+34 9.27253e+19 7.02383e+38 
1.1839e+15 9.83595e+34 9.28418e+19 7.02656e+38 
1.18441e+15 9.85101e+34 9.29582e+19 7.02929e+38 
1.18491e+15 9.86608e+34 9.30746e+19 7.03202e+38 
1.18541e+15 9.88116e+34 9.3191e+19 7.03475e+38 
1.18591e+15 9.89624e+34 9.33074e+19 7.03749e+38 
1.18642e+15 9.91132e+34 9.34238e+19 7.04022e+38 
1.18692e+15 9.92642e+34 9.35401e+19 7.04296e+38 
1.18743e+15 9.94152e+34 9.36565e+19 7.04569e+38 
1.18793e+15 9.95662e+34 9.37728e+19 7.04843e+38 
1.18843e+15 9.97174e+34 9.38892e+19 7.05117e+38 
1.18894e+15 9.98686e+34 9.40055e+19 7.05391e+38 
1.18944e+15 1.0002e+35 9.41218e+19 7.05664e+38 
1.18995e+15 1.00171e+35 9.42381e+19 7.05938e+38 
1.19045e+15 1.00323e+35 9.43544e+19 7.06213e+38 
1.19096e+15 1.00474e+35 9.44707e+19 7.06487e+38 
1.19147e+15 1.00625e+35 9.4587e+19 7.06761e+38 
1.19197e+15 1.00777e+35 9.47032e+19 7.07035e+38 
1.19248e+15 1.00929e+35 9.48195e+19 7.0731e+38 
1.19298e+15 1.0108e+35 9.49357e+19 7.07584e+38 
1.19349e+15 1.01232e+35 9.50519e+19 7.07859e+38 
1.194e+15 1.01384e+35 9.51682e+19 7.08133e+38 
1.19451e+15 1.01536e+35 9.52844e+19 7.08408e+38 
1.19501e+15 1.01688e+35 9.54006e+19 7.08683e+38 
1.19552e+15 1.0184e+35 9.55168e+19 7.08958e+38 
1.19603e+15 1.01992e+35 9.56329e+19 7.09233e+38 
1.19654e+15 1.02144e+35 9.57491e+19 7.09508e+38 
1.19704e+15 1.02296e+35 9.58652e+19 7.09783e+38 
1.19755e+15 1.02449e+35 9.59814e+19 7.10058e+38 
1.19806e+15 1.02601e+35 9.60975e+19 7.10334e+38 
1.19857e+15 1.02753e+35 9.62136e+19 7.10609e+38 
1.19908e+15 1.02906e+35 9.63297e+19 7.10884e+38 
1.19959e+15 1.03058e+35 9.64458e+19 7.1116e+38 
1.2001e+15 1.03211e+35 9.65619e+19 7.11436e+38 
1.20061e+15 1.03364e+35 9.6678e+19 7.11711e+38 
1.20112e+15 1.03516e+35 9.67941e+19 7.11987e+38 
1.20163e+15 1.03669e+35 9.69101e+19 7.12263e+38 
1.20214e+15 1.03822e+35 9.70262e+19 7.12539e+38 
1.20265e+15 1.03975e+35 9.71422e+19 7.12815e+38 
1.20316e+15 1.04128e+35 9.72582e+19 7.13091e+38 
1.20367e+15 1.04281e+35 9.73743e+19 7.13367e+38 
1.20418e+15 1.04434e+35 9.74903e+19 7.13644e+38 
1.20469e+15 1.04587e+35 9.76063e+19 7.1392e+38 
1.2052e+15 1.04741e+35 9.77222e+19 7.14196e+38 
1.20571e+15 1.04894e+35 9.78382e+19 7.14473e+38 
1.20623e+15 1.05047e+35 9.79542e+19 7.14749e+38 
1.20674e+15 1.05201e+35 9.80701e+19 7.15026e+38 
1.20725e+15 1.05354e+35 9.81861e+19 7.15303e+38 
1.20776e+15 1.05508e+35 9.8302e+19 7.1558e+38 
1.20828e+15 1.05662e+35 9.84179e+19 7.15857e+38 
1.20879e+15 1.05815e+35 9.85338e+19 7.16134e+38 
1.2093e+15 1.05969e+35 9.86497e+19 7.16411e+38 
1.20982e+15 1.06123e+35 9.87656e+19 7.16688e+38 
1.21033e+15 1.06277e+35 9.88815e+19 7.16965e+38 
1.21084e+15 1.06431e+35 9.89973e+19 7.17243e+38 
1.21136e+15 1.06585e+35 9.91132e+19 7.1752e+38 
1.21187e+15 1.06739e+35 9.9229e+19 7.17798e+38 
1.21239e+15 1.06893e+35 9.93449e+19 7.18075e+38 
1.2129e+15 1.07047e+35 9.94607e+19 7.18353e+38 
1.21342e+15 1.07202e+35 9.95765e+19 7.18631e+38 
1.21393e+15 1.07356e+35 9.96923e+19 7.18908e+38 
1.21445e+15 1.07511e+35 9.98081e+19 7.19186e+38 
1.21496e+15 1.07665e+35 9.99239e+19 7.19464e+38 
1.21548e+15 1.0782e+35 1.0004e+20 7.19742e+38 
1.216e+15 1.07974e+35 1.00155e+20 7.20021e+38 
1.21651e+15 1.08129e+35 1.00271e+20 7.20299e+38 
1.21703e+15 1.08284e+35 1.00387e+20 7.20577e+38 
1.21755e+15 1.08439e+35 1.00503e+20 7.20856e+38 
1.21806e+15 1.08593e+35 1.00618e+20 7.21134e+38 
1.21858e+15 1.08748e+35 1.00734e+20 7.21413e+38 
1.2191e+15 1.08903e+35 1.0085e+20 7.21691e+38 
1.21962e+15 1.09059e+35 1.00965e+20 7.2197e+38 
1.22013e+15 1.09214e+35 1.01081e+20 7.22249e+38 
1.22065e+15 1.09369e+35 1.01197e+20 7.22528e+38 
1.22117e+15 1.09524e+35 1.01312e+20 7.22807e+38 
1.22169e+15 1.0968e+35 1.01428e+20 7.23086e+38 
1.22221e+15 1.09835e+35 1.01544e+20 7.23365e+38 
1.22273e+15 1.0999e+35 1.01659e+20 7.23644e+38 
1.22325e+15 1.10146e+35 1.01775e+20 7.23924e+38 
1.22376e+15 1.10302e+35 1.01891e+20 7.24203e+38 
1.22428e+15 1.10457e+35 1.02006e+20 7.24482e+38 
1.2248e+15 1.10613e+35 1.02122e+20 7.24762e+38 
1.22532e+15 1.10769e+35 1.02237e+20 7.25042e+38 
1.22584e+15 1.10925e+35 1.02353e+20 7.25321e+38 
1.22637e+15 1.11081e+35 1.02468e+20 7.25601e+38 
1.22689e+15 1.11237e+35 1.02584e+20 7.25881e+38 
1.22741e+15 1.11393e+35 1.027e+20 7.26161e+38 
1.22793e+15 1.11549e+35 1.02815e+20 7.26441e+38 
1.22845e+15 1.11705e+35 1.02931e+20 7.26721e+38 
1.22897e+15 1.11861e+35 1.03046e+20 7.27001e+38 
1.22949e+15 1.12018e+35 1.03162e+20 7.27282e+38 
1.23002e+15 1.12174e+35 1.03277e+20 7.27562e+38 
1.23054e+15 1.12331e+35 1.03392e+20 7.27843e+38 
1.23106e+15 1.12487e+35 1.03508e+20 7.28123e+38 
1.23158e+15 1.12644e+35 1.03623e+20 7.28404e+38 
1.23211e+15 1.12801e+35 1.03739e+20 7.28685e+38 
1.23263e+15 1.12957e+35 1.03854e+20 7.28965e+38 
1.23315e+15 1.13114e+35 1.0397e+20 7.29246e+38 
1.23368e+15 1.13271e+35 1.04085e+20 7.29527e+38 
1.2342e+15 1.13428e+35 1.042e+20 7.29808e+38 
1.23472e+15 1.13585e+35 1.04316e+20 7.30089e+38 
1.23525e+15 1.13742e+35 1.04431e+20 7.30371e+38 
1.23577e+15 1.13899e+35 1.04547e+20 7.30652e+38 
1.2363e+15 1.14056e+35 1.04662e+20 7.30933e+38 
1.23682e+15 1.14214e+35 1.04777e+20 7.31215e+38 
1.23735e+15 1.14371e+35 1.04893e+20 7.31496e+38 
1.23787e+15 1.14528e+35 1.05008e+20 7.31778e+38 
1.2384e+15 1.14686e+35 1.05123e+20 7.3206e+38 
1.23893e+15 1.14843e+35 1.05239e+20 7.32342e+38 
1.23945e+15 1.15001e+35 1.05354e+20 7.32624e+38 
1.23998e+15 1.15159e+35 1.05469e+20 7.32906e+38 
1.2405e+15 1.15316e+35 1.05584e+20 7.33188e+38 
1.24103e+15 1.15474e+35 1.057e+20 7.3347e+38 
1.24156e+15 1.15632e+35 1.05815e+20 7.33752e+38 
1.24209e+15 1.1579e+35 1.0593e+20 7.34034e+38 
1.24261e+15 1.15948e+35 1.06045e+20 7.34317e+38 
1.24314e+15 1.16106e+35 1.06161e+20 7.34599e+38 
1.24367e+15 1.16264e+35 1.06276e+20 7.34882e+38 
1.2442e+15 1.16423e+35 1.06391e+20 7.35164e+38 
1.24472e+15 1.16581e+35 1.06506e+20 7.35447e+38 
1.24525e+15 1.16739e+35 1.06621e+20 7.3573e+38 
1.24578e+15 1.16898e+35 1.06737e+20 7.36013e+38 
1.24631e+15 1.17056e+35 1.06852e+20 7.36296e+38 
1.24684e+15 1.17215e+35 1.06967e+20 7.36579e+38 
1.24737e+15 1.17373e+35 1.07082e+20 7.36862e+38 
1.2479e+15 1.17532e+35 1.07197e+20 7.37145e+38 
1.24843e+15 1.17691e+35 1.07312e+20 7.37429e+38 
1.24896e+15 1.1785e+35 1.07427e+20 7.37712e+38 
1.24949e+15 1.18008e+35 1.07543e+20 7.37995e+38 
1.25002e+15 1.18167e+35 1.07658e+20 7.38279e+38 
1.25055e+15 1.18326e+35 1.07773e+20 7.38563e+38 
1.25108e+15 1.18486e+35 1.07888e+20 7.38846e+38 
1.25161e+15 1.18645e+35 1.08003e+20 7.3913e+38 
1.25215e+15 1.18804e+35 1.08118e+20 7.39414e+38 
1.25268e+15 1.18963e+35 1.08233e+20 7.39698e+38 
1.25321e+15 1.19123e+35 1.08348e+20 7.39982e+38 
1.25374e+15 1.19282e+35 1.08463e+20 7.40266e+38 
1.25427e+15 1.19442e+35 1.08578e+20 7.40551e+38 
1.25481e+15 1.19601e+35 1.08693e+20 7.40835e+38 
1.25534e+15 1.19761e+35 1.08808e+20 7.41119e+38 
1.25587e+15 1.1992e+35 1.08923e+20 7.41404e+38 
1.25641e+15 1.2008e+35 1.09038e+20 7.41688e+38 
1.25694e+15 1.2024e+35 1.09153e+20 7.41973e+38 
1.25747e+15 1.204e+35 1.09268e+20 7.42258e+38 
1.25801e+15 1.2056e+35 1.09383e+20 7.42543e+38 
1.25854e+15 1.2072e+35 1.09498e+20 7.42828e+38 
1.25908e+15 1.2088e+35 1.09613e+20 7.43113e+38 
1.25961e+15 1.2104e+35 1.09728e+20 7.43398e+38 
1.26014e+15 1.21201e+35 1.09842e+20 7.43683e+38 
1.26068e+15 1.21361e+35 1.09957e+20 7.43968e+38 
1.26122e+15 1.21521e+35 1.10072e+20 7.44253e+38 
1.26175e+15 1.21682e+35 1.10187e+20 7.44539e+38 
1.26229e+15 1.21842e+35 1.10302e+20 7.44824e+38 
1.26282e+15 1.22003e+35 1.10417e+20 7.4511e+38 
1.26336e+15 1.22163e+35 1.10532e+20 7.45396e+38 
1.2639e+15 1.22324e+35 1.10647e+20 7.45681e+38 
1.26443e+15 1.22485e+35 1.10761e+20 7.45967e+38 
1.26497e+15 1.22646e+35 1.10876e+20 7.46253e+38 
1.26551e+15 1.22807e+35 1.10991e+20 7.46539e+38 
1.26604e+15 1.22968e+35 1.11106e+20 7.46825e+38 
1.26658e+15 1.23129e+35 1.11221e+20 7.47112e+38 
1.26712e+15 1.2329e+35 1.11335e+20 7.47398e+38 
1.26766e+15 1.23451e+35 1.1145e+20 7.47684e+38 
1.2682e+15 1.23612e+35 1.11565e+20 7.47971e+38 
1.26873e+15 1.23774e+35 1.1168e+20 7.48257e+38 
1.26927e+15 1.23935e+35 1.11794e+20 7.48544e+38 
1.26981e+15 1.24097e+35 1.11909e+20 7.4883e+38 
1.27035e+15 1.24258e+35 1.12024e+20 7.49117e+38 
1.27089e+15 1.2442e+35 1.12138e+20 7.49404e+38 
1.27143e+15 1.24581e+35 1.12253e+20 7.49691e+38 
1.27197e+15 1.24743e+35 1.12368e+20 7.49978e+38 
1.27251e+15 1.24905e+35 1.12482e+20 7.50265e+38 
1.27305e+15 1.25067e+35 1.12597e+20 7.50552e+38 
1.27359e+15 1.25229e+35 1.12712e+20 7.5084e+38 
1.27413e+15 1.25391e+35 1.12826e+20 7.51127e+38 
1.27467e+15 1.25553e+35 1.12941e+20 7.51415e+38 
1.27521e+15 1.25715e+35 1.13056e+20 7.51702e+38 
1.27576e+15 1.25877e+35 1.1317e+20 7.5199e+38 
1.2763e+15 1.2604e+35 1.13285e+20 7.52278e+38 
1.27684e+15 1.26202e+35 1.13399e+20 7.52565e+38 
1.27738e+15 1.26364e+35 1.13514e+20 7.52853e+38 
1.27792e+15 1.26527e+35 1.13629e+20 7.53141e+38 
1.27847e+15 1.2669e+35 1.13743e+20 7.53429e+38 
1.27901e+15 1.26852e+35 1.13858e+20 7.53717e+38 
1.27955e+15 1.27015e+35 1.13972e+20 7.54006e+38 
1.2801e+15 1.27178e+35 1.14087e+20 7.54294e+38 
1.28064e+15 1.27341e+35 1.14201e+20 7.54582e+38 
1.28118e+15 1.27503e+35 1.14316e+20 7.54871e+38 
1.28173e+15 1.27666e+35 1.1443e+20 7.55159e+38 
1.28227e+15 1.2783e+35 1.14545e+20 7.55448e+38 
1.28282e+15 1.27993e+35 1.14659e+20 7.55737e+38 
1.28336e+15 1.28156e+35 1.14774e+20 7.56026e+38 
1.28391e+15 1.28319e+35 1.14888e+20 7.56315e+38 
1.28445e+15 1.28482e+35 1.15003e+20 7.56604e+38 
1.285e+15 1.28646e+35 1.15117e+20 7.56893e+38 
1.28554e+15 1.28809e+35 1.15232e+20 7.57182e+38 
1.28609e+15 1.28973e+35 1.15346e+20 7.57471e+38 
1.28663e+15 1.29136e+35 1.15461e+20 7.57761e+38 
1.28718e+15 1.293e+35 1.15575e+20 7.5805e+38 
1.28773e+15 1.29464e+35 1.15689e+20 7.5834e+38 
1.28827e+15 1.29628e+35 1.15804e+20 7.58629e+38 
1.28882e+15 1.29792e+35 1.15918e+20 7.58919e+38 
1.28937e+15 1.29956e+35 1.16032e+20 7.59209e+38 
1.28992e+15 1.3012e+35 1.16147e+20 7.59498e+38 
1.29046e+15 1.30284e+35 1.16261e+20 7.59788e+38 
1.29101e+15 1.30448e+35 1.16376e+20 7.60078e+38 
1.29156e+15 1.30612e+35 1.1649e+20 7.60369e+38 
1.29211e+15 1.30776e+35 1.16604e+20 7.60659e+38 
1.29266e+15 1.30941e+35 1.16719e+20 7.60949e+38 
1.29321e+15 1.31105e+35 1.16833e+20 7.6124e+38 
1.29376e+15 1.3127e+35 1.16947e+20 7.6153e+38 
1.2943e+15 1.31434e+35 1.17061e+20 7.61821e+38 
1.29485e+15 1.31599e+35 1.17176e+20 7.62111e+38 
1.2954e+15 1.31764e+35 1.1729e+20 7.62402e+38 
1.29595e+15 1.31929e+35 1.17404e+20 7.62693e+38 
1.2965e+15 1.32093e+35 1.17518e+20 7.62984e+38 
1.29706e+15 1.32258e+35 1.17633e+20 7.63275e+38 
1.29761e+15 1.32423e+35 1.17747e+20 7.63566e+38 
1.29816e+15 1.32588e+35 1.17861e+20 7.63857e+38 
1.29871e+15 1.32754e+35 1.17975e+20 7.64148e+38 
1.29926e+15 1.32919e+35 1.1809e+20 7.6444e+38 
1.29981e+15 1.33084e+35 1.18204e+20 7.64731e+38 
1.30036e+15 1.33249e+35 1.18318e+20 7.65022e+38 
1.30092e+15 1.33415e+35 1.18432e+20 7.65314e+38 
1.30147e+15 1.3358e+35 1.18546e+20 7.65606e+38 
1.30202e+15 1.33746e+35 1.1866e+20 7.65897e+38 
1.30257e+15 1.33912e+35 1.18775e+20 7.66189e+38 
1.30313e+15 1.34077e+35 1.18889e+20 7.66481e+38 
1.30368e+15 1.34243e+35 1.19003e+20 7.66773e+38 
1.30423e+15 1.34409e+35 1.19117e+20 7.67065e+38 
1.30479e+15 1.34575e+35 1.19231e+20 7.67358e+38 
1.30534e+15 1.34741e+35 1.19345e+20 7.6765e+38 
1.3059e+15 1.34907e+35 1.19459e+20 7.67942e+38 
1.30645e+15 1.35073e+35 1.19573e+20 7.68235e+38 
1.30701e+15 1.35239e+35 1.19687e+20 7.68527e+38 
1.30756e+15 1.35406e+35 1.19801e+20 7.6882e+38 
1.30812e+15 1.35572e+35 1.19915e+20 7.69113e+38 
1.30867e+15 1.35738e+35 1.20029e+20 7.69406e+38 
1.30923e+15 1.35905e+35 1.20143e+20 7.69698e+38 
1.30978e+15 1.36071e+35 1.20257e+20 7.69991e+38 
1.31034e+15 1.36238e+35 1.20371e+20 7.70285e+38 
1.3109e+15 1.36405e+35 1.20485e+20 7.70578e+38 
1.31145e+15 1.36571e+35 1.20599e+20 7.70871e+38 
1.31201e+15 1.36738e+35 1.20713e+20 7.71164e+38 
1.31257e+15 1.36905e+35 1.20827e+20 7.71458e+38 
1.31312e+15 1.37072e+35 1.20941e+20 7.71751e+38 
1.31368e+15 1.37239e+35 1.21055e+20 7.72045e+38 
1.31424e+15 1.37406e+35 1.21169e+20 7.72339e+38 
1.3148e+15 1.37574e+35 1.21283e+20 7.72632e+38 
1.31536e+15 1.37741e+35 1.21397e+20 7.72926e+38 
1.31591e+15 1.37908e+35 1.21511e+20 7.7322e+38 
1.31647e+15 1.38076e+35 1.21625e+20 7.73514e+38 
1.31703e+15 1.38243e+35 1.21739e+20 7.73808e+38 
1.31759e+15 1.38411e+35 1.21853e+20 7.74102e+38 
1.31815e+15 1.38578e+35 1.21967e+20 7.74397e+38 
1.31871e+15 1.38746e+35 1.2208e+20 7.74691e+38 
1.31927e+15 1.38914e+35 1.22194e+20 7.74986e+38 
1.31983e+15 1.39082e+35 1.22308e+20 7.7528e+38 
1.32039e+15 1.39249e+35 1.22422e+20 7.75575e+38 
1.32095e+15 1.39417e+35 1.22536e+20 7.7587e+38 
1.32151e+15 1.39585e+35 1.2265e+20 7.76164e+38 
1.32207e+15 1.39754e+35 1.22763e+20 7.76459e+38 
1.32264e+15 1.39922e+35 1.22877e+20 7.76754e+38 
1.3232e+15 1.4009e+35 1.22991e+20 7.77049e+38 
1.32376e+15 1.40258e+35 1.23105e+20 7.77345e+38 
1.32432e+15 1.40427e+35 1.23219e+20 7.7764e+38 
1.32488e+15 1.40595e+35 1.23332e+20 7.77935e+38 
1.32545e+15 1.40764e+35 1.23446e+20 7.78231e+38 
1.32601e+15 1.40932e+35 1.2356e+20 7.78526e+38 
1.32657e+15 1.41101e+35 1.23674e+20 7.78822e+38 
1.32714e+15 1.4127e+35 1.23787e+20 7.79118e+38 
1.3277e+15 1.41439e+35 1.23901e+20 7.79413e+38 
1.32826e+15 1.41608e+35 1.24015e+20 7.79709e+38 
1.32883e+15 1.41777e+35 1.24128e+20 7.80005e+38 
1.32939e+15 1.41946e+35 1.24242e+20 7.80301e+38 
1.32996e+15 1.42115e+35 1.24356e+20 7.80597e+38 
1.33052e+15 1.42284e+35 1.2447e+20 7.80894e+38 
1.33109e+15 1.42453e+35 1.24583e+20 7.8119e+38 
1.33165e+15 1.42623e+35 1.24697e+20 7.81486e+38 
1.33222e+15 1.42792e+35 1.2481e+20 7.81783e+38 
1.33278e+15 1.42962e+35 1.24924e+20 7.8208e+38 
1.33335e+15 1.43131e+35 1.25038e+20 7.82376e+38 
1.33391e+15 1.43301e+35 1.25151e+20 7.82673e+38 
1.33448e+15 1.4347e+35 1.25265e+20 7.8297e+38 
1.33505e+15 1.4364e+35 1.25379e+20 7.83267e+38 
1.33561e+15 1.4381e+35 1.25492e+20 7.83564e+38 
1.33618e+15 1.4398e+35 1.25606e+20 7.83861e+38 
1.33675e+15 1.4415e+35 1.25719e+20 7.84158e+38 
1.33732e+15 1.4432e+35 1.25833e+20 7.84455e+38 
1.33788e+15 1.4449e+35 1.25946e+20 7.84753e+38 
1.33845e+15 1.4466e+35 1.2606e+20 7.8505e+38 
1.33902e+15 1.44831e+35 1.26173e+20 7.85348e+38 
1.33959e+15 1.45001e+35 1.26287e+20 7.85646e+38 
1.34016e+15 1.45171e+35 1.26401e+20 7.85943e+38 
1.34073e+15 1.45342e+35 1.26514e+20 7.86241e+38 
1.3413e+15 1.45512e+35 1.26628e+20 7.86539e+38 
1.34187e+15 1.45683e+35 1.26741e+20 7.86837e+38 
1.34244e+15 1.45854e+35 1.26855e+20 7.87135e+38 
1.34301e+15 1.46025e+35 1.26968e+20 7.87433e+38 
1.34358e+15 1.46195e+35 1.27081e+20 7.87732e+38 
1.34415e+15 1.46366e+35 1.27195e+20 7.8803e+38 
1.34472e+15 1.46537e+35 1.27308e+20 7.88328e+38 
1.34529e+15 1.46708e+35 1.27422e+20 7.88627e+38 
1.34586e+15 1.4688e+35 1.27535e+20 7.88926e+38 
1.34643e+15 1.47051e+35 1.27649e+20 7.89224e+38 
1.347e+15 1.47222e+35 1.27762e+20 7.89523e+38 
1.34758e+15 1.47393e+35 1.27875e+20 7.89822e+38 
1.34815e+15 1.47565e+35 1.27989e+20 7.90121e+38 
1.34872e+15 1.47736e+35 1.28102e+20 7.9042e+38 
1.34929e+15 1.47908e+35 1.28216e+20 7.90719e+38 
1.34987e+15 1.4808e+35 1.28329e+20 7.91019e+38 
1.35044e+15 1.48251e+35 1.28442e+20 7.91318e+38 
1.35101e+15 1.48423e+35 1.28556e+20 7.91617e+38 
1.35159e+15 1.48595e+35 1.28669e+20 7.91917e+38 
1.35216e+15 1.48767e+35 1.28782e+20 7.92216e+38 
1.35273e+15 1.48939e+35 1.28896e+20 7.92516e+38 
1.35331e+15 1.49111e+35 1.29009e+20 7.92816e+38 
1.35388e+15 1.49283e+35 1.29122e+20 7.93116e+38 
1.35446e+15 1.49455e+35 1.29235e+20 7.93416e+38 
1.35503e+15 1.49628e+35 1.29349e+20 7.93716e+38 
1.35561e+15 1.498e+35 1.29462e+20 7.94016e+38 
1.35618e+15 1.49973e+35 1.29575e+20 7.94316e+38 
1.35676e+15 1.50145e+35 1.29689e+20 7.94617e+38 
1.35734e+15 1.50318e+35 1.29802e+20 7.94917e+38 
1.35791e+15 1.5049e+35 1.29915e+20 7.95218e+38 
1.35849e+15 1.50663e+35 1.30028e+20 7.95518e+38 
1.35907e+15 1.50836e+35 1.30141e+20 7.95819e+38 
1.35964e+15 1.51009e+35 1.30255e+20 7.9612e+38 
1.36022e+15 1.51182e+35 1.30368e+20 7.9642e+38 
1.3608e+15 1.51355e+35 1.30481e+20 7.96721e+38 
1.36138e+15 1.51528e+35 1.30594e+20 7.97022e+38 
1.36195e+15 1.51701e+35 1.30707e+20 7.97324e+38 
1.36253e+15 1.51875e+35 1.30821e+20 7.97625e+38 
1.36311e+15 1.52048e+35 1.30934e+20 7.97926e+38 
1.36369e+15 1.52221e+35 1.31047e+20 7.98228e+38 
1.36427e+15 1.52395e+35 1.3116e+20 7.98529e+38 
1.36485e+15 1.52568e+35 1.31273e+20 7.98831e+38 
1.36543e+15 1.52742e+35 1.31386e+20 7.99132e+38 
1.36601e+15 1.52916e+35 1.31499e+20 7.99434e+38 
1.36659e+15 1.53089e+35 1.31612e+20 7.99736e+38 
1.36717e+15 1.53263e+35 1.31726e+20 8.00038e+38 
1.36775e+15 1.53437e+35 1.31839e+20 8.0034e+38 
1.36833e+15 1.53611e+35 1.31952e+20 8.00642e+38 
1.36891e+15 1.53785e+35 1.32065e+20 8.00944e+38 
1.36949e+15 1.53959e+35 1.32178e+20 8.01247e+38 
1.37007e+15 1.54134e+35 1.32291e+20 8.01549e+38 
1.37066e+15 1.54308e+35 1.32404e+20 8.01852e+38 
1.37124e+15 1.54482e+35 1.32517e+20 8.02154e+38 
1.37182e+15 1.54657e+35 1.3263e+20 8.02457e+38 
1.3724e+15 1.54831e+35 1.32743e+20 8.0276e+38 
1.37299e+15 1.55006e+35 1.32856e+20 8.03062e+38 
1.37357e+15 1.55181e+35 1.32969e+20 8.03365e+38 
1.37415e+15 1.55355e+35 1.33082e+20 8.03668e+38 
1.37474e+15 1.5553e+35 1.33195e+20 8.03972e+38 
1.37532e+15 1.55705e+35 1.33308e+20 8.04275e+38 
1.3759e+15 1.5588e+35 1.33421e+20 8.04578e+38 
1.37649e+15 1.56055e+35 1.33534e+20 8.04881e+38 
1.37707e+15 1.5623e+35 1.33647e+20 8.05185e+38 
1.37766e+15 1.56405e+35 1.3376e+20 8.05489e+38 
1.37824e+15 1.56581e+35 1.33873e+20 8.05792e+38 
1.37883e+15 1.56756e+35 1.33985e+20 8.06096e+38 
1.37941e+15 1.56931e+35 1.34098e+20 8.064e+38 
1.38e+15 1.57107e+35 1.34211e+20 8.06704e+38 
1.38058e+15 1.57282e+35 1.34324e+20 8.07008e+38 
1.38117e+15 1.57458e+35 1.34437e+20 8.07312e+38 
1.38176e+15 1.57634e+35 1.3455e+20 8.07616e+38 
1.38234e+15 1.5781e+35 1.34663e+20 8.0792e+38 
1.38293e+15 1.57985e+35 1.34776e+20 8.08225e+38 
1.38352e+15 1.58161e+35 1.34888e+20 8.08529e+38 
1.38411e+15 1.58337e+35 1.35001e+20 8.08834e+38 
1.38469e+15 1.58513e+35 1.35114e+20 8.09139e+38 
1.38528e+15 1.5869e+35 1.35227e+20 8.09443e+38 
1.38587e+15 1.58866e+35 1.3534e+20 8.09748e+38 
1.38646e+15 1.59042e+35 1.35453e+20 8.10053e+38 
1.38705e+15 1.59219e+35 1.35565e+20 8.10358e+38 
1.38764e+15 1.59395e+35 1.35678e+20 8.10663e+38 
1.38823e+15 1.59572e+35 1.35791e+20 8.10968e+38 
1.38881e+15 1.59748e+35 1.35904e+20 8.11274e+38 
1.3894e+15 1.59925e+35 1.36016e+20 8.11579e+38 
1.38999e+15 1.60102e+35 1.36129e+20 8.11885e+38 
1.39058e+15 1.60278e+35 1.36242e+20 8.1219e+38 
1.39118e+15 1.60455e+35 1.36355e+20 8.12496e+38 
1.39177e+15 1.60632e+35 1.36467e+20 8.12802e+38 
1.39236e+15 1.60809e+35 1.3658e+20 8.13108e+38 
1.39295e+15 1.60986e+35 1.36693e+20 8.13413e+38 
1.39354e+15 1.61164e+35 1.36805e+20 8.1372e+38 
1.39413e+15 1.61341e+35 1.36918e+20 8.14026e+38 
1.39472e+15 1.61518e+35 1.37031e+20 8.14332e+38 
1.39532e+15 1.61696e+35 1.37143e+20 8.14638e+38 
1.39591e+15 1.61873e+35 1.37256e+20 8.14945e+38 
1.3965e+15 1.62051e+35 1.37369e+20 8.15251e+38 
1.39709e+15 1.62229e+35 1.37481e+20 8.15558e+38 
1.39769e+15 1.62406e+35 1.37594e+20 8.15864e+38 
1.39828e+15 1.62584e+35 1.37707e+20 8.16171e+38 
1.39887e+15 1.62762e+35 1.37819e+20 8.16478e+38 
1.39947e+15 1.6294e+35 1.37932e+20 8.16785e+38 
1.40006e+15 1.63118e+35 1.38045e+20 8.17092e+38 
1.40066e+15 1.63296e+35 1.38157e+20 8.17399e+38 
1.40125e+15 1.63474e+35 1.3827e+20 8.17706e+38 
1.40185e+15 1.63653e+35 1.38382e+20 8.18014e+38 
1.40244e+15 1.63831e+35 1.38495e+20 8.18321e+38 
1.40304e+15 1.64009e+35 1.38607e+20 8.18629e+38 
1.40363e+15 1.64188e+35 1.3872e+20 8.18936e+38 
1.40423e+15 1.64366e+35 1.38832e+20 8.19244e+38 
1.40483e+15 1.64545e+35 1.38945e+20 8.19552e+38 
1.40542e+15 1.64724e+35 1.39058e+20 8.1986e+38 
1.40602e+15 1.64903e+35 1.3917e+20 8.20168e+38 
1.40662e+15 1.65081e+35 1.39283e+20 8.20476e+38 
1.40721e+15 1.6526e+35 1.39395e+20 8.20784e+38 
1.40781e+15 1.65439e+35 1.39508e+20 8.21092e+38 
1.40841e+15 1.65618e+35 1.3962e+20 8.214e+38 
1.40901e+15 1.65798e+35 1.39733e+20 8.21709e+38 
1.40961e+15 1.65977e+35 1.39845e+20 8.22017e+38 
1.4102e+15 1.66156e+35 1.39957e+20 8.22326e+38 
1.4108e+15 1.66336e+35 1.4007e+20 8.22635e+38 
1.4114e+15 1.66515e+35 1.40182e+20 8.22943e+38 
1.412e+15 1.66695e+35 1.40295e+20 8.23252e+38 
1.4126e+15 1.66874e+35 1.40407e+20 8.23561e+38 
1.4132e+15 1.67054e+35 1.4052e+20 8.2387e+38 
1.4138e+15 1.67234e+35 1.40632e+20 8.2418e+38 
1.4144e+15 1.67414e+35 1.40744e+20 8.24489e+38 
1.415e+15 1.67594e+35 1.40857e+20 8.24798e+38 
1.4156e+15 1.67774e+35 1.40969e+20 8.25108e+38 
1.4162e+15 1.67954e+35 1.41081e+20 8.25417e+38 
1.41681e+15 1.68134e+35 1.41194e+20 8.25727e+38 
1.41741e+15 1.68314e+35 1.41306e+20 8.26037e+38 
1.41801e+15 1.68494e+35 1.41419e+20 8.26346e+38 
1.41861e+15 1.68675e+35 1.41531e+20 8.26656e+38 
1.41921e+15 1.68855e+35 1.41643e+20 8.26966e+38 
1.41982e+15 1.69036e+35 1.41756e+20 8.27276e+38 
1.42042e+15 1.69216e+35 1.41868e+20 8.27587e+38 
1.42102e+15 1.69397e+35 1.4198e+20 8.27897e+38 
1.42163e+15 1.69578e+35 1.42092e+20 8.28207e+38 
1.42223e+15 1.69759e+35 1.42205e+20 8.28518e+38 
1.42283e+15 1.6994e+35 1.42317e+20 8.28828e+38 
1.42344e+15 1.70121e+35 1.42429e+20 8.29139e+38 
1.42404e+15 1.70302e+35 1.42542e+20 8.2945e+38 
1.42465e+15 1.70483e+35 1.42654e+20 8.29761e+38 
1.42525e+15 1.70664e+35 1.42766e+20 8.30071e+38 
1.42586e+15 1.70846e+35 1.42878e+20 8.30382e+38 
1.42646e+15 1.71027e+35 1.4299e+20 8.30694e+38 
1.42707e+15 1.71208e+35 1.43103e+20 8.31005e+38 
1.42767e+15 1.7139e+35 1.43215e+20 8.31316e+38 
1.42828e+15 1.71572e+35 1.43327e+20 8.31628e+38 
1.42889e+15 1.71753e+35 1.43439e+20 8.31939e+38 
1.42949e+15 1.71935e+35 1.43551e+20 8.32251e+38 
1.4301e+15 1.72117e+35 1.43664e+20 8.32562e+38 
1.43071e+15 1.72299e+35 1.43776e+20 8.32874e+38 
1.43132e+15 1.72481e+35 1.43888e+20 8.33186e+38 
1.43192e+15 1.72663e+35 1.44e+20 8.33498e+38 
1.43253e+15 1.72845e+35 1.44112e+20 8.3381e+38 
1.43314e+15 1.73027e+35 1.44224e+20 8.34122e+38 
1.43375e+15 1.7321e+35 1.44337e+20 8.34434e+38 
1.43436e+15 1.73392e+35 1.44449e+20 8.34747e+38 
1.43497e+15 1.73575e+35 1.44561e+20 8.35059e+38 
1.43558e+15 1.73757e+35 1.44673e+20 8.35372e+38 
1.43619e+15 1.7394e+35 1.44785e+20 8.35684e+38 
1.4368e+15 1.74123e+35 1.44897e+20 8.35997e+38 
1.43741e+15 1.74305e+35 1.45009e+20 8.3631e+38 
1.43802e+15 1.74488e+35 1.45121e+20 8.36623e+38 
1.43863e+15 1.74671e+35 1.45233e+20 8.36936e+38 
1.43924e+15 1.74854e+35 1.45345e+20 8.37249e+38 
1.43985e+15 1.75037e+35 1.45457e+20 8.37562e+38 
1.44046e+15 1.7522e+35 1.45569e+20 8.37875e+38 
1.44107e+15 1.75404e+35 1.45681e+20 8.38189e+38 
1.44168e+15 1.75587e+35 1.45793e+20 8.38502e+38 
1.4423e+15 1.7577e+35 1.45905e+20 8.38816e+38 
1.44291e+15 1.75954e+35 1.46017e+20 8.39129e+38 
1.44352e+15 1.76137e+35 1.46129e+20 8.39443e+38 
1.44413e+15 1.76321e+35 1.46241e+20 8.39757e+38 
1.44475e+15 1.76505e+35 1.46353e+20 8.40071e+38 
1.44536e+15 1.76689e+35 1.46465e+20 8.40385e+38 
1.44597e+15 1.76872e+35 1.46577e+20 8.40699e+38 
1.44659e+15 1.77056e+35 1.46689e+20 8.41013e+38 
1.4472e+15 1.7724e+35 1.46801e+20 8.41327e+38 
1.44782e+15 1.77425e+35 1.46913e+20 8.41642e+38 
1.44843e+15 1.77609e+35 1.47025e+20 8.41956e+38 
1.44905e+15 1.77793e+35 1.47137e+20 8.42271e+38 
1.44966e+15 1.77977e+35 1.47249e+20 8.42586e+38 
1.45028e+15 1.78162e+35 1.47361e+20 8.429e+38 
1.45089e+15 1.78346e+35 1.47473e+20 8.43215e+38 
1.45151e+15 1.78531e+35 1.47585e+20 8.4353e+38 
1.45213e+15 1.78716e+35 1.47696e+20 8.43845e+38 
1.45274e+15 1.789e+35 1.47808e+20 8.4416e+38 
1.45336e+15 1.79085e+35 1.4792e+20 8.44476e+38 
1.45398e+15 1.7927e+35 1.48032e+20 8.44791e+38 
1.4546e+15 1.79455e+35 1.48144e+20 8.45107e+38 
1.45521e+15 1.7964e+35 1.48256e+20 8.45422e+38 
1.45583e+15 1.79825e+35 1.48367e+20 8.45738e+38 
1.45645e+15 1.8001e+35 1.48479e+20 8.46053e+38 
1.45707e+15 1.80196e+35 1.48591e+20 8.46369e+38 
1.45769e+15 1.80381e+35 1.48703e+20 8.46685e+38 
1.45831e+15 1.80566e+35 1.48815e+20 8.47001e+38 
1.45892e+15 1.80752e+35 1.48927e+20 8.47317e+38 
1.45954e+15 1.80938e+35 1.49038e+20 8.47633e+38 
1.46016e+15 1.81123e+35 1.4915e+20 8.4795e+38 
1.46078e+15 1.81309e+35 1.49262e+20 8.48266e+38 
1.4614e+15 1.81495e+35 1.49374e+20 8.48583e+38 
1.46202e+15 1.81681e+35 1.49485e+20 8.48899e+38 
1.46265e+15 1.81867e+35 1.49597e+20 8.49216e+38 
1.46327e+15 1.82053e+35 1.49709e+20 8.49533e+38 
1.46389e+15 1.82239e+35 1.49821e+20 8.4985e+38 
1.46451e+15 1.82425e+35 1.49932e+20 8.50167e+38 
1.46513e+15 1.82612e+35 1.50044e+20 8.50484e+38 
1.46575e+15 1.82798e+35 1.50156e+20 8.50801e+38 
1.46638e+15 1.82984e+35 1.50267e+20 8.51118e+38 
1.467e+15 1.83171e+35 1.50379e+20 8.51435e+38 
1.46762e+15 1.83358e+35 1.50491e+20 8.51753e+38 
1.46825e+15 1.83544e+35 1.50602e+20 8.5207e+38 
1.46887e+15 1.83731e+35 1.50714e+20 8.52388e+38 
1.46949e+15 1.83918e+35 1.50826e+20 8.52706e+38 
1.47012e+15 1.84105e+35 1.50937e+20 8.53023e+38 
1.47074e+15 1.84292e+35 1.51049e+20 8.53341e+38 
1.47137e+15 1.84479e+35 1.51161e+20 8.53659e+38 
1.47199e+15 1.84666e+35 1.51272e+20 8.53977e+38 
1.47262e+15 1.84853e+35 1.51384e+20 8.54296e+38 
1.47324e+15 1.85041e+35 1.51495e+20 8.54614e+38 
1.47387e+15 1.85228e+35 1.51607e+20 8.54932e+38 
1.47449e+15 1.85416e+35 1.51719e+20 8.55251e+38 
1.47512e+15 1.85603e+35 1.5183e+20 8.55569e+38 
1.47574e+15 1.85791e+35 1.51942e+20 8.55888e+38 
1.47637e+15 1.85979e+35 1.52053e+20 8.56207e+38 
1.477e+15 1.86167e+35 1.52165e+20 8.56526e+38 
1.47763e+15 1.86354e+35 1.52276e+20 8.56845e+38 
1.47825e+15 1.86542e+35 1.52388e+20 8.57164e+38 
1.47888e+15 1.86731e+35 1.52499e+20 8.57483e+38 
1.47951e+15 1.86919e+35 1.52611e+20 8.57802e+38 
1.48014e+15 1.87107e+35 1.52722e+20 8.58122e+38 
1.48077e+15 1.87295e+35 1.52834e+20 8.58441e+38 
1.48139e+15 1.87484e+35 1.52945e+20 8.58761e+38 
1.48202e+15 1.87672e+35 1.53057e+20 8.5908e+38 
1.48265e+15 1.87861e+35 1.53168e+20 8.594e+38 
1.48328e+15 1.88049e+35 1.5328e+20 8.5972e+38 
1.48391e+15 1.88238e+35 1.53391e+20 8.6004e+38 
1.48454e+15 1.88427e+35 1.53503e+20 8.6036e+38 
1.48517e+15 1.88616e+35 1.53614e+20 8.6068e+38 
1.4858e+15 1.88804e+35 1.53726e+20 8.61e+38 
1.48643e+15 1.88993e+35 1.53837e+20 8.6132e+38 
1.48707e+15 1.89183e+35 1.53949e+20 8.61641e+38 
1.4877e+15 1.89372e+35 1.5406e+20 8.61961e+38 
1.48833e+15 1.89561e+35 1.54171e+20 8.62282e+38 
1.48896e+15 1.8975e+35 1.54283e+20 8.62603e+38 
1.48959e+15 1.8994e+35 1.54394e+20 8.62923e+38 
1.49023e+15 1.90129e+35 1.54506e+20 8.63244e+38 
1.49086e+15 1.90319e+35 1.54617e+20 8.63565e+38 
1.49149e+15 1.90509e+35 1.54728e+20 8.63886e+38 
1.49212e+15 1.90698e+35 1.5484e+20 8.64208e+38 
1.49276e+15 1.90888e+35 1.54951e+20 8.64529e+38 
1.49339e+15 1.91078e+35 1.55062e+20 8.6485e+38 
1.49403e+15 1.91268e+35 1.55174e+20 8.65172e+38 
1.49466e+15 1.91458e+35 1.55285e+20 8.65493e+38 
1.4953e+15 1.91648e+35 1.55396e+20 8.65815e+38 
1.49593e+15 1.91838e+35 1.55508e+20 8.66137e+38 
1.49657e+15 1.92029e+35 1.55619e+20 8.66458e+38 
1.4972e+15 1.92219e+35 1.5573e+20 8.6678e+38 
1.49784e+15 1.9241e+35 1.55842e+20 8.67102e+38 
1.49847e+15 1.926e+35 1.55953e+20 8.67425e+38 
1.49911e+15 1.92791e+35 1.56064e+20 8.67747e+38 
1.49975e+15 1.92982e+35 1.56175e+20 8.68069e+38 
1.50038e+15 1.93172e+35 1.56287e+20 8.68392e+38 
1.50102e+15 1.93363e+35 1.56398e+20 8.68714e+38 
1.50166e+15 1.93554e+35 1.56509e+20 8.69037e+38 
1.5023e+15 1.93745e+35 1.5662e+20 8.6936e+38 
1.50293e+15 1.93936e+35 1.56732e+20 8.69682e+38 
1.50357e+15 1.94128e+35 1.56843e+20 8.70005e+38 
1.50421e+15 1.94319e+35 1.56954e+20 8.70328e+38 
1.50485e+15 1.9451e+35 1.57065e+20 8.70651e+38 
1.50549e+15 1.94702e+35 1.57176e+20 8.70975e+38 
1.50613e+15 1.94893e+35 1.57288e+20 8.71298e+38 
1.50677e+15 1.95085e+35 1.57399e+20 8.71621e+38 
1.50741e+15 1.95276e+35 1.5751e+20 8.71945e+38 
1.50805e+15 1.95468e+35 1.57621e+20 8.72269e+38 
1.50869e+15 1.9566e+35 1.57732e+20 8.72592e+38 
1.50933e+15 1.95852e+35 1.57843e+20 8.72916e+38 
1.50997e+15 1.96044e+35 1.57955e+20 8.7324e+38 
1.51061e+15 1.96236e+35 1.58066e+20 8.73564e+38 
1.51125e+15 1.96428e+35 1.58177e+20 8.73888e+38 
1.51189e+15 1.96621e+35 1.58288e+20 8.74212e+38 
1.51254e+15 1.96813e+35 1.58399e+20 8.74536e+38 
1.51318e+15 1.97005e+35 1.5851e+20 8.74861e+38 
1.51382e+15 1.97198e+35 1.58621e+20 8.75185e+38 
1.51446e+15 1.9739e+35 1.58732e+20 8.7551e+38 
1.51511e+15 1.97583e+35 1.58843e+20 8.75835e+38 
1.51575e+15 1.97776e+35 1.58954e+20 8.76159e+38 
1.51639e+15 1.97969e+35 1.59066e+20 8.76484e+38 
1.51704e+15 1.98162e+35 1.59177e+20 8.76809e+38 
1.51768e+15 1.98355e+35 1.59288e+20 8.77134e+38 
1.51833e+15 1.98548e+35 1.59399e+20 8.77459e+38 
1.51897e+15 1.98741e+35 1.5951e+20 8.77785e+38 
1.51962e+15 1.98934e+35 1.59621e+20 8.7811e+38 
1.52026e+15 1.99127e+35 1.59732e+20 8.78436e+38 
1.52091e+15 1.99321e+35 1.59843e+20 8.78761e+38 
1.52155e+15 1.99514e+35 1.59954e+20 8.79087e+38 
1.5222e+15 1.99708e+35 1.60065e+20 8.79413e+38 
1.52284e+15 1.99901e+35 1.60176e+20 8.79738e+38 
1.52349e+15 2.00095e+35 1.60287e+20 8.80064e+38 
1.52414e+15 2.00289e+35 1.60398e+20 8.8039e+38 
1.52479e+15 2.00483e+35 1.60509e+20 8.80716e+38 
1.52543e+15 2.00677e+35 1.6062e+20 8.81043e+38 
1.52608e+15 2.00871e+35 1.60731e+20 8.81369e+38 
1.52673e+15 2.01065e+35 1.60841e+20 8.81696e+38 
1.52738e+15 2.01259e+35 1.60952e+20 8.82022e+38 
1.52803e+15 2.01454e+35 1.61063e+20 8.82349e+38 
1.52867e+15 2.01648e+35 1.61174e+20 8.82675e+38 
1.52932e+15 2.01843e+35 1.61285e+20 8.83002e+38 
1.52997e+15 2.02037e+35 1.61396e+20 8.83329e+38 
1.53062e+15 2.02232e+35 1.61507e+20 8.83656e+38 
1.53127e+15 2.02426e+35 1.61618e+20 8.83983e+38 
1.53192e+15 2.02621e+35 1.61729e+20 8.84311e+38 
1.53257e+15 2.02816e+35 1.6184e+20 8.84638e+38 
1.53322e+15 2.03011e+35 1.6195e+20 8.84965e+38 
1.53388e+15 2.03206e+35 1.62061e+20 8.85293e+38 
1.53453e+15 2.03401e+35 1.62172e+20 8.85621e+38 
1.53518e+15 2.03597e+35 1.62283e+20 8.85948e+38 
1.53583e+15 2.03792e+35 1.62394e+20 8.86276e+38 
1.53648e+15 2.03987e+35 1.62505e+20 8.86604e+38 
1.53714e+15 2.04183e+35 1.62615e+20 8.86932e+38 
1.53779e+15 2.04378e+35 1.62726e+20 8.8726e+38 
1.53844e+15 2.04574e+35 1.62837e+20 8.87588e+38 
1.53909e+15 2.0477e+35 1.62948e+20 8.87917e+38 
1.53975e+15 2.04965e+35 1.63059e+20 8.88245e+38 
1.5404e+15 2.05161e+35 1.63169e+20 8.88574e+38 
1.54106e+15 2.05357e+35 1.6328e+20 8.88902e+38 
1.54171e+15 2.05553e+35 1.63391e+20 8.89231e+38 
1.54236e+15 2.05749e+35 1.63502e+20 8.8956e+38 
1.54302e+15 2.05946e+35 1.63612e+20 8.89889e+38 
1.54367e+15 2.06142e+35 1.63723e+20 8.90218e+38 
1.54433e+15 2.06338e+35 1.63834e+20 8.90547e+38 
1.54499e+15 2.06535e+35 1.63945e+20 8.90876e+38 
1.54564e+15 2.06731e+35 1.64055e+20 8.91205e+38 
1.5463e+15 2.06928e+35 1.64166e+20 8.91535e+38 
1.54696e+15 2.07125e+35 1.64277e+20 8.91864e+38 
1.54761e+15 2.07322e+35 1.64388e+20 8.92194e+38 
1.54827e+15 2.07518e+35 1.64498e+20 8.92523e+38 
1.54893e+15 2.07715e+35 1.64609e+20 8.92853e+38 
1.54958e+15 2.07912e+35 1.6472e+20 8.93183e+38 
1.55024e+15 2.0811e+35 1.6483e+20 8.93513e+38 
1.5509e+15 2.08307e+35 1.64941e+20 8.93843e+38 
1.55156e+15 2.08504e+35 1.65052e+20 8.94173e+38 
1.55222e+15 2.08701e+35 1.65162e+20 8.94504e+38 
1.55288e+15 2.08899e+35 1.65273e+20 8.94834e+38 
1.55354e+15 2.09096e+35 1.65383e+20 8.95165e+38 
1.5542e+15 2.09294e+35 1.65494e+20 8.95495e+38 
1.55486e+15 2.09492e+35 1.65605e+20 8.95826e+38 
1.55552e+15 2.0969e+35 1.65715e+20 8.96157e+38 
1.55618e+15 2.09888e+35 1.65826e+20 8.96488e+38 
1.55684e+15 2.10086e+35 1.65936e+20 8.96819e+38 
1.5575e+15 2.10284e+35 1.66047e+20 8.9715e+38 
1.55816e+15 2.10482e+35 1.66158e+20 8.97481e+38 
1.55882e+15 2.1068e+35 1.66268e+20 8.97812e+38 
1.55948e+15 2.10878e+35 1.66379e+20 8.98144e+38 
1.56015e+15 2.11077e+35 1.66489e+20 8.98475e+38 
1.56081e+15 2.11275e+35 1.666e+20 8.98807e+38 
1.56147e+15 2.11474e+35 1.6671e+20 8.99138e+38 
1.56214e+15 2.11672e+35 1.66821e+20 8.9947e+38 
1.5628e+15 2.11871e+35 1.66931e+20 8.99802e+38 
1.56346e+15 2.1207e+35 1.67042e+20 9.00134e+38 
1.56413e+15 2.12269e+35 1.67152e+20 9.00466e+38 
1.56479e+15 2.12468e+35 1.67263e+20 9.00798e+38 
1.56545e+15 2.12667e+35 1.67373e+20 9.01131e+38 
1.56612e+15 2.12866e+35 1.67484e+20 9.01463e+38 
1.56678e+15 2.13065e+35 1.67594e+20 9.01796e+38 
1.56745e+15 2.13265e+35 1.67705e+20 9.02128e+38 
1.56812e+15 2.13464e+35 1.67815e+20 9.02461e+38 
1.56878e+15 2.13663e+35 1.67926e+20 9.02794e+38 
1.56945e+15 2.13863e+35 1.68036e+20 9.03127e+38 
1.57011e+15 2.14063e+35 1.68147e+20 9.0346e+38 
1.57078e+15 2.14262e+35 1.68257e+20 9.03793e+38 
1.57145e+15 2.14462e+35 1.68368e+20 9.04126e+38 
1.57212e+15 2.14662e+35 1.68478e+20 9.04459e+38 
1.57278e+15 2.14862e+35 1.68588e+20 9.04793e+38 
1.57345e+15 2.15062e+35 1.68699e+20 9.05126e+38 
1.57412e+15 2.15262e+35 1.68809e+20 9.0546e+38 
1.57479e+15 2.15463e+35 1.6892e+20 9.05793e+38 
1.57546e+15 2.15663e+35 1.6903e+20 9.06127e+38 
1.57613e+15 2.15864e+35 1.6914e+20 9.06461e+38 
1.57679e+15 2.16064e+35 1.69251e+20 9.06795e+38 
1.57746e+15 2.16265e+35 1.69361e+20 9.07129e+38 
1.57813e+15 2.16465e+35 1.69471e+20 9.07463e+38 
1.5788e+15 2.16666e+35 1.69582e+20 9.07798e+38 
1.57947e+15 2.16867e+35 1.69692e+20 9.08132e+38 
1.58015e+15 2.17068e+35 1.69802e+20 9.08467e+38 
1.58082e+15 2.17269e+35 1.69913e+20 9.08801e+38 
1.58149e+15 2.1747e+35 1.70023e+20 9.09136e+38 
1.58216e+15 2.17671e+35 1.70133e+20 9.09471e+38 
1.58283e+15 2.17872e+35 1.70244e+20 9.09806e+38 
1.5835e+15 2.18074e+35 1.70354e+20 9.10141e+38 
1.58418e+15 2.18275e+35 1.70464e+20 9.10476e+38 
1.58485e+15 2.18477e+35 1.70575e+20 9.10811e+38 
1.58552e+15 2.18678e+35 1.70685e+20 9.11146e+38 
1.58619e+15 2.1888e+35 1.70795e+20 9.11482e+38 
1.58687e+15 2.19082e+35 1.70905e+20 9.11817e+38 
1.58754e+15 2.19284e+35 1.71016e+20 9.12153e+38 
1.58822e+15 2.19486e+35 1.71126e+20 9.12489e+38 
1.58889e+15 2.19688e+35 1.71236e+20 9.12825e+38 
1.58957e+15 2.1989e+35 1.71346e+20 9.1316e+38 
1.59024e+15 2.20092e+35 1.71457e+20 9.13496e+38 
1.59092e+15 2.20295e+35 1.71567e+20 9.13833e+38 
1.59159e+15 2.20497e+35 1.71677e+20 9.14169e+38 
1.59227e+15 2.20699e+35 1.71787e+20 9.14505e+38 
1.59294e+15 2.20902e+35 1.71897e+20 9.14842e+38 
1.59362e+15 2.21105e+35 1.72008e+20 9.15178e+38 
1.5943e+15 2.21307e+35 1.72118e+20 9.15515e+38 
1.59497e+15 2.2151e+35 1.72228e+20 9.15852e+38 
1.59565e+15 2.21713e+35 1.72338e+20 9.16188e+38 
1.59633e+15 2.21916e+35 1.72448e+20 9.16525e+38 
1.59701e+15 2.22119e+35 1.72558e+20 9.16862e+38 
1.59768e+15 2.22322e+35 1.72669e+20 9.172e+38 
1.59836e+15 2.22526e+35 1.72779e+20 9.17537e+38 
1.59904e+15 2.22729e+35 1.72889e+20 9.17874e+38 
1.59972e+15 2.22932e+35 1.72999e+20 9.18212e+38 
1.6004e+15 2.23136e+35 1.73109e+20 9.18549e+38 
1.60108e+15 2.23339e+35 1.73219e+20 9.18887e+38 
1.60176e+15 2.23543e+35 1.73329e+20 9.19225e+38 
1.60244e+15 2.23747e+35 1.73439e+20 9.19562e+38 
1.60312e+15 2.23951e+35 1.73549e+20 9.199e+38 
1.6038e+15 2.24155e+35 1.7366e+20 9.20238e+38 
1.60448e+15 2.24359e+35 1.7377e+20 9.20577e+38 
1.60516e+15 2.24563e+35 1.7388e+20 9.20915e+38 
1.60584e+15 2.24767e+35 1.7399e+20 9.21253e+38 
1.60653e+15 2.24971e+35 1.741e+20 9.21592e+38 
1.60721e+15 2.25176e+35 1.7421e+20 9.2193e+38 
1.60789e+15 2.2538e+35 1.7432e+20 9.22269e+38 
1.60857e+15 2.25585e+35 1.7443e+20 9.22608e+38 
1.60926e+15 2.25789e+35 1.7454e+20 9.22947e+38 
1.60994e+15 2.25994e+35 1.7465e+20 9.23286e+38 
1.61062e+15 2.26199e+35 1.7476e+20 9.23625e+38 
1.61131e+15 2.26404e+35 1.7487e+20 9.23964e+38 
1.61199e+15 2.26609e+35 1.7498e+20 9.24303e+38 
1.61268e+15 2.26814e+35 1.7509e+20 9.24643e+38 
1.61336e+15 2.27019e+35 1.752e+20 9.24982e+38 
1.61405e+15 2.27224e+35 1.7531e+20 9.25322e+38 
1.61473e+15 2.2743e+35 1.7542e+20 9.25661e+38 
1.61542e+15 2.27635e+35 1.7553e+20 9.26001e+38 
1.6161e+15 2.27841e+35 1.7564e+20 9.26341e+38 
1.61679e+15 2.28046e+35 1.7575e+20 9.26681e+38 
1.61748e+15 2.28252e+35 1.7586e+20 9.27021e+38 
1.61816e+15 2.28458e+35 1.75969e+20 9.27361e+38 
1.61885e+15 2.28664e+35 1.76079e+20 9.27702e+38 
1.61954e+15 2.28869e+35 1.76189e+20 9.28042e+38 
1.62023e+15 2.29076e+35 1.76299e+20 9.28383e+38 
1.62091e+15 2.29282e+35 1.76409e+20 9.28723e+38 
1.6216e+15 2.29488e+35 1.76519e+20 9.29064e+38 
1.62229e+15 2.29694e+35 1.76629e+20 9.29405e+38 
1.62298e+15 2.29901e+35 1.76739e+20 9.29746e+38 
1.62367e+15 2.30107e+35 1.76849e+20 9.30087e+38 
1.62436e+15 2.30314e+35 1.76959e+20 9.30428e+38 
1.62505e+15 2.3052e+35 1.77068e+20 9.30769e+38 
1.62574e+15 2.30727e+35 1.77178e+20 9.31111e+38 
1.62643e+15 2.30934e+35 1.77288e+20 9.31452e+38 
1.62712e+15 2.31141e+35 1.77398e+20 9.31794e+38 
1.62781e+15 2.31348e+35 1.77508e+20 9.32135e+38 
1.6285e+15 2.31555e+35 1.77618e+20 9.32477e+38 
1.62919e+15 2.31762e+35 1.77727e+20 9.32819e+38 
1.62989e+15 2.31969e+35 1.77837e+20 9.33161e+38 
1.63058e+15 2.32177e+35 1.77947e+20 9.33503e+38 
1.63127e+15 2.32384e+35 1.78057e+20 9.33845e+38 
1.63196e+15 2.32592e+35 1.78167e+20 9.34187e+38 
1.63266e+15 2.32799e+35 1.78276e+20 9.3453e+38 
1.63335e+15 2.33007e+35 1.78386e+20 9.34872e+38 
1.63404e+15 2.33215e+35 1.78496e+20 9.35215e+38 
1.63474e+15 2.33423e+35 1.78606e+20 9.35558e+38 
1.63543e+15 2.33631e+35 1.78715e+20 9.359e+38 
1.63612e+15 2.33839e+35 1.78825e+20 9.36243e+38 
1.63682e+15 2.34047e+35 1.78935e+20 9.36586e+38 
1.63751e+15 2.34255e+35 1.79045e+20 9.36929e+38 
1.63821e+15 2.34463e+35 1.79154e+20 9.37273e+38 
1.63891e+15 2.34672e+35 1.79264e+20 9.37616e+38 
1.6396e+15 2.3488e+35 1.79374e+20 9.37959e+38 
1.6403e+15 2.35089e+35 1.79483e+20 9.38303e+38 
1.64099e+15 2.35297e+35 1.79593e+20 9.38646e+38 
1.64169e+15 2.35506e+35 1.79703e+20 9.3899e+38 
1.64239e+15 2.35715e+35 1.79813e+20 9.39334e+38 
1.64309e+15 2.35924e+35 1.79922e+20 9.39678e+38 
1.64378e+15 2.36133e+35 1.80032e+20 9.40022e+38 
1.64448e+15 2.36342e+35 1.80142e+20 9.40366e+38 
1.64518e+15 2.36551e+35 1.80251e+20 9.4071e+38 
1.64588e+15 2.36761e+35 1.80361e+20 9.41055e+38 
1.64658e+15 2.3697e+35 1.8047e+20 9.41399e+38 
1.64728e+15 2.3718e+35 1.8058e+20 9.41744e+38 
1.64798e+15 2.37389e+35 1.8069e+20 9.42088e+38 
1.64868e+15 2.37599e+35 1.80799e+20 9.42433e+38 
1.64938e+15 2.37808e+35 1.80909e+20 9.42778e+38 
1.65008e+15 2.38018e+35 1.81019e+20 9.43123e+38 
1.65078e+15 2.38228e+35 1.81128e+20 9.43468e+38 
1.65148e+15 2.38438e+35 1.81238e+20 9.43813e+38 
1.65218e+15 2.38648e+35 1.81347e+20 9.44159e+38 
1.65288e+15 2.38859e+35 1.81457e+20 9.44504e+38 
1.65358e+15 2.39069e+35 1.81566e+20 9.4485e+38 
1.65429e+15 2.39279e+35 1.81676e+20 9.45195e+38 
1.65499e+15 2.3949e+35 1.81786e+20 9.45541e+38 
1.65569e+15 2.397e+35 1.81895e+20 9.45887e+38 
1.65639e+15 2.39911e+35 1.82005e+20 9.46233e+38 
1.6571e+15 2.40122e+35 1.82114e+20 9.46579e+38 
1.6578e+15 2.40332e+35 1.82224e+20 9.46925e+38 
1.6585e+15 2.40543e+35 1.82333e+20 9.47271e+38 
1.65921e+15 2.40754e+35 1.82443e+20 9.47617e+38 
1.65991e+15 2.40965e+35 1.82552e+20 9.47964e+38 
1.66062e+15 2.41177e+35 1.82662e+20 9.4831e+38 
1.66132e+15 2.41388e+35 1.82771e+20 9.48657e+38 
1.66203e+15 2.41599e+35 1.82881e+20 9.49004e+38 
1.66273e+15 2.41811e+35 1.8299e+20 9.49351e+38 
1.66344e+15 2.42022e+35 1.831e+20 9.49698e+38 
1.66415e+15 2.42234e+35 1.83209e+20 9.50045e+38 
1.66485e+15 2.42445e+35 1.83319e+20 9.50392e+38 
1.66556e+15 2.42657e+35 1.83428e+20 9.50739e+38 
1.66627e+15 2.42869e+35 1.83538e+20 9.51087e+38 
1.66698e+15 2.43081e+35 1.83647e+20 9.51434e+38 
1.66768e+15 2.43293e+35 1.83756e+20 9.51782e+38 
1.66839e+15 2.43505e+35 1.83866e+20 9.52129e+38 
1.6691e+15 2.43718e+35 1.83975e+20 9.52477e+38 
1.66981e+15 2.4393e+35 1.84085e+20 9.52825e+38 
1.67052e+15 2.44142e+35 1.84194e+20 9.53173e+38 
1.67123e+15 2.44355e+35 1.84303e+20 9.53521e+38 
1.67194e+15 2.44567e+35 1.84413e+20 9.5387e+38 
1.67265e+15 2.4478e+35 1.84522e+20 9.54218e+38 
1.67336e+15 2.44993e+35 1.84632e+20 9.54566e+38 
1.67407e+15 2.45206e+35 1.84741e+20 9.54915e+38 
1.67478e+15 2.45419e+35 1.8485e+20 9.55264e+38 
1.67549e+15 2.45632e+35 1.8496e+20 9.55612e+38 
1.6762e+15 2.45845e+35 1.85069e+20 9.55961e+38 
1.67691e+15 2.46058e+35 1.85178e+20 9.5631e+38 
1.67763e+15 2.46272e+35 1.85288e+20 9.56659e+38 
1.67834e+15 2.46485e+35 1.85397e+20 9.57008e+38 
1.67905e+15 2.46699e+35 1.85506e+20 9.57358e+38 
1.67976e+15 2.46912e+35 1.85616e+20 9.57707e+38 
1.68048e+15 2.47126e+35 1.85725e+20 9.58057e+38 
1.68119e+15 2.4734e+35 1.85834e+20 9.58406e+38 
1.6819e+15 2.47554e+35 1.85944e+20 9.58756e+38 
1.68262e+15 2.47768e+35 1.86053e+20 9.59106e+38 
1.68333e+15 2.47982e+35 1.86162e+20 9.59456e+38 
1.68405e+15 2.48196e+35 1.86271e+20 9.59806e+38 
1.68476e+15 2.4841e+35 1.86381e+20 9.60156e+38 
1.68548e+15 2.48624e+35 1.8649e+20 9.60506e+38 
1.68619e+15 2.48839e+35 1.86599e+20 9.60856e+38 
1.68691e+15 2.49053e+35 1.86709e+20 9.61207e+38 
1.68763e+15 2.49268e+35 1.86818e+20 9.61557e+38 
1.68834e+15 2.49483e+35 1.86927e+20 9.61908e+38 
1.68906e+15 2.49697e+35 1.87036e+20 9.62259e+38 
1.68978e+15 2.49912e+35 1.87145e+20 9.6261e+38 
1.6905e+15 2.50127e+35 1.87255e+20 9.62961e+38 
1.69121e+15 2.50342e+35 1.87364e+20 9.63312e+38 
1.69193e+15 2.50557e+35 1.87473e+20 9.63663e+38 
1.69265e+15 2.50773e+35 1.87582e+20 9.64014e+38 
1.69337e+15 2.50988e+35 1.87691e+20 9.64366e+38 
1.69409e+15 2.51203e+35 1.87801e+20 9.64717e+38 
1.69481e+15 2.51419e+35 1.8791e+20 9.65069e+38 
1.69553e+15 2.51635e+35 1.88019e+20 9.65421e+38 
1.69625e+15 2.5185e+35 1.88128e+20 9.65773e+38 
1.69697e+15 2.52066e+35 1.88237e+20 9.66124e+38 
1.69769e+15 2.52282e+35 1.88346e+20 9.66477e+38 
1.69841e+15 2.52498e+35 1.88456e+20 9.66829e+38 
1.69913e+15 2.52714e+35 1.88565e+20 9.67181e+38 
1.69985e+15 2.5293e+35 1.88674e+20 9.67533e+38 
1.70057e+15 2.53146e+35 1.88783e+20 9.67886e+38 
1.7013e+15 2.53363e+35 1.88892e+20 9.68238e+38 
1.70202e+15 2.53579e+35 1.89001e+20 9.68591e+38 
1.70274e+15 2.53796e+35 1.8911e+20 9.68944e+38 
1.70346e+15 2.54012e+35 1.89219e+20 9.69297e+38 
1.70419e+15 2.54229e+35 1.89328e+20 9.6965e+38 
1.70491e+15 2.54446e+35 1.89438e+20 9.70003e+38 
1.70563e+15 2.54663e+35 1.89547e+20 9.70356e+38 
1.70636e+15 2.5488e+35 1.89656e+20 9.7071e+38 
1.70708e+15 2.55097e+35 1.89765e+20 9.71063e+38 
1.70781e+15 2.55314e+35 1.89874e+20 9.71417e+38 
1.70853e+15 2.55531e+35 1.89983e+20 9.7177e+38 
1.70926e+15 2.55749e+35 1.90092e+20 9.72124e+38 
1.70999e+15 2.55966e+35 1.90201e+20 9.72478e+38 
1.71071e+15 2.56184e+35 1.9031e+20 9.72832e+38 
1.71144e+15 2.56401e+35 1.90419e+20 9.73186e+38 
1.71216e+15 2.56619e+35 1.90528e+20 9.7354e+38 
1.71289e+15 2.56837e+35 1.90637e+20 9.73894e+38 
1.71362e+15 2.57055e+35 1.90746e+20 9.74249e+38 
1.71435e+15 2.57273e+35 1.90855e+20 9.74603e+38 
1.71507e+15 2.57491e+35 1.90964e+20 9.74958e+38 
1.7158e+15 2.57709e+35 1.91073e+20 9.75313e+38 
1.71653e+15 2.57927e+35 1.91182e+20 9.75668e+38 
1.71726e+15 2.58146e+35 1.91291e+20 9.76022e+38 
1.71799e+15 2.58364e+35 1.914e+20 9.76378e+38 
1.71872e+15 2.58583e+35 1.91509e+20 9.76733e+38 
1.71945e+15 2.58801e+35 1.91618e+20 9.77088e+38 
1.72018e+15 2.5902e+35 1.91727e+20 9.77443e+38 
1.72091e+15 2.59239e+35 1.91836e+20 9.77799e+38 
1.72164e+15 2.59458e+35 1.91945e+20 9.78154e+38 
1.72237e+15 2.59677e+35 1.92054e+20 9.7851e+38 
1.7231e+15 2.59896e+35 1.92162e+20 9.78866e+38 
1.72383e+15 2.60115e+35 1.92271e+20 9.79222e+38 
1.72457e+15 2.60334e+35 1.9238e+20 9.79578e+38 
1.7253e+15 2.60554e+35 1.92489e+20 9.79934e+38 
1.72603e+15 2.60773e+35 1.92598e+20 9.8029e+38 
1.72676e+15 2.60993e+35 1.92707e+20 9.80647e+38 
1.7275e+15 2.61213e+35 1.92816e+20 9.81003e+38 
1.72823e+15 2.61432e+35 1.92925e+20 9.8136e+38 
1.72897e+15 2.61652e+35 1.93034e+20 9.81716e+38 
1.7297e+15 2.61872e+35 1.93142e+20 9.82073e+38 
1.73043e+15 2.62092e+35 1.93251e+20 9.8243e+38 
1.73117e+15 2.62312e+35 1.9336e+20 9.82787e+38 
1.7319e+15 2.62533e+35 1.93469e+20 9.83144e+38 
1.73264e+15 2.62753e+35 1.93578e+20 9.83501e+38 
1.73338e+15 2.62973e+35 1.93687e+20 9.83859e+38 
1.73411e+15 2.63194e+35 1.93795e+20 9.84216e+38 
1.73485e+15 2.63415e+35 1.93904e+20 9.84574e+38 
1.73558e+15 2.63635e+35 1.94013e+20 9.84931e+38 
1.73632e+15 2.63856e+35 1.94122e+20 9.85289e+38 
1.73706e+15 2.64077e+35 1.94231e+20 9.85647e+38 
1.7378e+15 2.64298e+35 1.94339e+20 9.86005e+38 
1.73853e+15 2.64519e+35 1.94448e+20 9.86363e+38 
1.73927e+15 2.6474e+35 1.94557e+20 9.86721e+38 
1.74001e+15 2.64961e+35 1.94666e+20 9.87079e+38 
1.74075e+15 2.65183e+35 1.94775e+20 9.87438e+38 
1.74149e+15 2.65404e+35 1.94883e+20 9.87796e+38 
1.74223e+15 2.65626e+35 1.94992e+20 9.88155e+38 
1.74297e+15 2.65847e+35 1.95101e+20 9.88514e+38 
1.74371e+15 2.66069e+35 1.95209e+20 9.88873e+38 
1.74445e+15 2.66291e+35 1.95318e+20 9.89232e+38 
1.74519e+15 2.66513e+35 1.95427e+20 9.89591e+38 
1.74593e+15 2.66735e+35 1.95536e+20 9.8995e+38 
1.74667e+15 2.66957e+35 1.95644e+20 9.90309e+38 
1.74741e+15 2.67179e+35 1.95753e+20 9.90668e+38 
1.74816e+15 2.67402e+35 1.95862e+20 9.91028e+38 
1.7489e+15 2.67624e+35 1.9597e+20 9.91388e+38 
1.74964e+15 2.67846e+35 1.96079e+20 9.91747e+38 
1.75038e+15 2.68069e+35 1.96188e+20 9.92107e+38 
1.75113e+15 2.68292e+35 1.96296e+20 9.92467e+38 
1.75187e+15 2.68515e+35 1.96405e+20 9.92827e+38 
1.75262e+15 2.68737e+35 1.96514e+20 9.93187e+38 
1.75336e+15 2.6896e+35 1.96622e+20 9.93548e+38 
1.7541e+15 2.69183e+35 1.96731e+20 9.93908e+38 
1.75485e+15 2.69407e+35 1.9684e+20 9.94268e+38 
1.75559e+15 2.6963e+35 1.96948e+20 9.94629e+38 
1.75634e+15 2.69853e+35 1.97057e+20 9.9499e+38 
1.75709e+15 2.70077e+35 1.97166e+20 9.95351e+38 
1.75783e+15 2.703e+35 1.97274e+20 9.95711e+38 
1.75858e+15 2.70524e+35 1.97383e+20 9.96072e+38 
1.75933e+15 2.70747e+35 1.97491e+20 9.96434e+38 
1.76007e+15 2.70971e+35 1.976e+20 9.96795e+38 
1.76082e+15 2.71195e+35 1.97709e+20 9.97156e+38 
1.76157e+15 2.71419e+35 1.97817e+20 9.97518e+38 
1.76232e+15 2.71643e+35 1.97926e+20 9.97879e+38 
1.76306e+15 2.71868e+35 1.98034e+20 9.98241e+38 
1.76381e+15 2.72092e+35 1.98143e+20 9.98603e+38 
1.76456e+15 2.72316e+35 1.98251e+20 9.98965e+38 
1.76531e+15 2.72541e+35 1.9836e+20 9.99327e+38 
1.76606e+15 2.72765e+35 1.98469e+20 9.99689e+38 
1.76681e+15 2.7299e+35 1.98577e+20 1.00005e+39 
1.76756e+15 2.73215e+35 1.98686e+20 1.00041e+39 
1.76831e+15 2.7344e+35 1.98794e+20 1.00078e+39 
1.76906e+15 2.73665e+35 1.98903e+20 1.00114e+39 
1.76981e+15 2.7389e+35 1.99011e+20 1.0015e+39 
1.77056e+15 2.74115e+35 1.9912e+20 1.00186e+39 
1.77132e+15 2.7434e+35 1.99228e+20 1.00223e+39 
1.77207e+15 2.74565e+35 1.99337e+20 1.00259e+39 
1.77282e+15 2.74791e+35 1.99445e+20 1.00295e+39 
1.77357e+15 2.75016e+35 1.99554e+20 1.00332e+39 
1.77433e+15 2.75242e+35 1.99662e+20 1.00368e+39 
1.77508e+15 2.75468e+35 1.99771e+20 1.00404e+39 
1.77583e+15 2.75694e+35 1.99879e+20 1.00441e+39 
1.77659e+15 2.75919e+35 1.99987e+20 1.00477e+39 
1.77734e+15 2.76145e+35 2.00096e+20 1.00513e+39 
1.7781e+15 2.76372e+35 2.00204e+20 1.0055e+39 
1.77885e+15 2.76598e+35 2.00313e+20 1.00586e+39 
1.77961e+15 2.76824e+35 2.00421e+20 1.00623e+39 
1.78036e+15 2.7705e+35 2.0053e+20 1.00659e+39 
1.78112e+15 2.77277e+35 2.00638e+20 1.00695e+39 
1.78188e+15 2.77504e+35 2.00746e+20 1.00732e+39 
1.78263e+15 2.7773e+35 2.00855e+20 1.00768e+39 
1.78339e+15 2.77957e+35 2.00963e+20 1.00805e+39 
1.78415e+15 2.78184e+35 2.01072e+20 1.00841e+39 
1.78491e+15 2.78411e+35 2.0118e+20 1.00878e+39 
1.78566e+15 2.78638e+35 2.01288e+20 1.00914e+39 
1.78642e+15 2.78865e+35 2.01397e+20 1.00951e+39 
1.78718e+15 2.79092e+35 2.01505e+20 1.00987e+39 
1.78794e+15 2.7932e+35 2.01614e+20 1.01024e+39 
1.7887e+15 2.79547e+35 2.01722e+20 1.0106e+39 
1.78946e+15 2.79775e+35 2.0183e+20 1.01097e+39 
1.79022e+15 2.80002e+35 2.01939e+20 1.01134e+39 
1.79098e+15 2.8023e+35 2.02047e+20 1.0117e+39 
1.79174e+15 2.80458e+35 2.02155e+20 1.01207e+39 
1.7925e+15 2.80686e+35 2.02264e+20 1.01243e+39 
1.79326e+15 2.80914e+35 2.02372e+20 1.0128e+39 
1.79402e+15 2.81142e+35 2.0248e+20 1.01317e+39 
1.79478e+15 2.8137e+35 2.02588e+20 1.01353e+39 
1.79555e+15 2.81599e+35 2.02697e+20 1.0139e+39 
1.79631e+15 2.81827e+35 2.02805e+20 1.01426e+39 
1.79707e+15 2.82056e+35 2.02913e+20 1.01463e+39 
1.79783e+15 2.82284e+35 2.03022e+20 1.015e+39 
1.7986e+15 2.82513e+35 2.0313e+20 1.01537e+39 
1.79936e+15 2.82742e+35 2.03238e+20 1.01573e+39 
1.80013e+15 2.82971e+35 2.03346e+20 1.0161e+39 
1.80089e+15 2.832e+35 2.03455e+20 1.01647e+39 
1.80165e+15 2.83429e+35 2.03563e+20 1.01683e+39 
1.80242e+15 2.83658e+35 2.03671e+20 1.0172e+39 
1.80319e+15 2.83887e+35 2.03779e+20 1.01757e+39 
1.80395e+15 2.84117e+35 2.03888e+20 1.01794e+39 
1.80472e+15 2.84346e+35 2.03996e+20 1.0183e+39 
1.80548e+15 2.84576e+35 2.04104e+20 1.01867e+39 
1.80625e+15 2.84806e+35 2.04212e+20 1.01904e+39 
1.80702e+15 2.85035e+35 2.04321e+20 1.01941e+39 
1.80778e+15 2.85265e+35 2.04429e+20 1.01978e+39 
1.80855e+15 2.85495e+35 2.04537e+20 1.02014e+39 
1.80932e+15 2.85725e+35 2.04645e+20 1.02051e+39 
1.81009e+15 2.85955e+35 2.04753e+20 1.02088e+39 
1.81086e+15 2.86186e+35 2.04861e+20 1.02125e+39 
1.81163e+15 2.86416e+35 2.0497e+20 1.02162e+39 
1.8124e+15 2.86647e+35 2.05078e+20 1.02199e+39 
1.81317e+15 2.86877e+35 2.05186e+20 1.02236e+39 
1.81393e+15 2.87108e+35 2.05294e+20 1.02273e+39 
1.81471e+15 2.87339e+35 2.05402e+20 1.0231e+39 
1.81548e+15 2.87569e+35 2.0551e+20 1.02347e+39 
1.81625e+15 2.878e+35 2.05618e+20 1.02383e+39 
1.81702e+15 2.88031e+35 2.05727e+20 1.0242e+39 
1.81779e+15 2.88263e+35 2.05835e+20 1.02457e+39 
1.81856e+15 2.88494e+35 2.05943e+20 1.02494e+39 
1.81933e+15 2.88725e+35 2.06051e+20 1.02531e+39 
1.82011e+15 2.88957e+35 2.06159e+20 1.02568e+39 
1.82088e+15 2.89188e+35 2.06267e+20 1.02605e+39 
1.82165e+15 2.8942e+35 2.06375e+20 1.02642e+39 
1.82243e+15 2.89652e+35 2.06483e+20 1.02679e+39 
1.8232e+15 2.89883e+35 2.06591e+20 1.02716e+39 
1.82397e+15 2.90115e+35 2.06699e+20 1.02754e+39 
1.82475e+15 2.90347e+35 2.06808e+20 1.02791e+39 
1.82552e+15 2.9058e+35 2.06916e+20 1.02828e+39 
1.8263e+15 2.90812e+35 2.07024e+20 1.02865e+39 
1.82707e+15 2.91044e+35 2.07132e+20 1.02902e+39 
1.82785e+15 2.91277e+35 2.0724e+20 1.02939e+39 
1.82863e+15 2.91509e+35 2.07348e+20 1.02976e+39 
1.8294e+15 2.91742e+35 2.07456e+20 1.03013e+39 
1.83018e+15 2.91975e+35 2.07564e+20 1.0305e+39 
1.83096e+15 2.92207e+35 2.07672e+20 1.03088e+39 
1.83173e+15 2.9244e+35 2.0778e+20 1.03125e+39 
1.83251e+15 2.92673e+35 2.07888e+20 1.03162e+39 
1.83329e+15 2.92906e+35 2.07996e+20 1.03199e+39 
1.83407e+15 2.9314e+35 2.08104e+20 1.03236e+39 
1.83485e+15 2.93373e+35 2.08212e+20 1.03274e+39 
1.83563e+15 2.93606e+35 2.0832e+20 1.03311e+39 
1.83641e+15 2.9384e+35 2.08428e+20 1.03348e+39 
1.83719e+15 2.94074e+35 2.08536e+20 1.03385e+39 
1.83797e+15 2.94307e+35 2.08644e+20 1.03423e+39 
1.83875e+15 2.94541e+35 2.08752e+20 1.0346e+39 
1.83953e+15 2.94775e+35 2.0886e+20 1.03497e+39 
1.84031e+15 2.95009e+35 2.08968e+20 1.03534e+39 
1.84109e+15 2.95243e+35 2.09075e+20 1.03572e+39 
1.84187e+15 2.95477e+35 2.09183e+20 1.03609e+39 
1.84265e+15 2.95712e+35 2.09291e+20 1.03646e+39 
1.84344e+15 2.95946e+35 2.09399e+20 1.03684e+39 
1.84422e+15 2.96181e+35 2.09507e+20 1.03721e+39 
1.845e+15 2.96415e+35 2.09615e+20 1.03758e+39 
1.84579e+15 2.9665e+35 2.09723e+20 1.03796e+39 
1.84657e+15 2.96885e+35 2.09831e+20 1.03833e+39 
1.84735e+15 2.9712e+35 2.09939e+20 1.03871e+39 
1.84814e+15 2.97355e+35 2.10047e+20 1.03908e+39 
1.84892e+15 2.9759e+35 2.10154e+20 1.03945e+39 
1.84971e+15 2.97825e+35 2.10262e+20 1.03983e+39 
1.85049e+15 2.9806e+35 2.1037e+20 1.0402e+39 
1.85128e+15 2.98296e+35 2.10478e+20 1.04058e+39 
1.85207e+15 2.98531e+35 2.10586e+20 1.04095e+39 
1.85285e+15 2.98767e+35 2.10694e+20 1.04133e+39 
1.85364e+15 2.99003e+35 2.10802e+20 1.0417e+39 
1.85443e+15 2.99239e+35 2.10909e+20 1.04208e+39 
1.85521e+15 2.99474e+35 2.11017e+20 1.04245e+39 
1.856e+15 2.9971e+35 2.11125e+20 1.04283e+39 
1.85679e+15 2.99947e+35 2.11233e+20 1.0432e+39 
1.85758e+15 3.00183e+35 2.11341e+20 1.04358e+39 
1.85837e+15 3.00419e+35 2.11449e+20 1.04395e+39 
1.85916e+15 3.00656e+35 2.11556e+20 1.04433e+39 
1.85995e+15 3.00892e+35 2.11664e+20 1.04471e+39 
1.86074e+15 3.01129e+35 2.11772e+20 1.04508e+39 
1.86153e+15 3.01365e+35 2.1188e+20 1.04546e+39 
1.86232e+15 3.01602e+35 2.11987e+20 1.04583e+39 
1.86311e+15 3.01839e+35 2.12095e+20 1.04621e+39 
1.8639e+15 3.02076e+35 2.12203e+20 1.04659e+39 
1.86469e+15 3.02313e+35 2.12311e+20 1.04696e+39 
1.86548e+15 3.02551e+35 2.12419e+20 1.04734e+39 
1.86627e+15 3.02788e+35 2.12526e+20 1.04772e+39 
1.86707e+15 3.03025e+35 2.12634e+20 1.04809e+39 
1.86786e+15 3.03263e+35 2.12742e+20 1.04847e+39 
1.86865e+15 3.035e+35 2.12849e+20 1.04885e+39 
1.86945e+15 3.03738e+35 2.12957e+20 1.04922e+39 
1.87024e+15 3.03976e+35 2.13065e+20 1.0496e+39 
1.87103e+15 3.04214e+35 2.13173e+20 1.04998e+39 
1.87183e+15 3.04452e+35 2.1328e+20 1.05036e+39 
1.87262e+15 3.0469e+35 2.13388e+20 1.05073e+39 
1.87342e+15 3.04928e+35 2.13496e+20 1.05111e+39 
1.87421e+15 3.05167e+35 2.13603e+20 1.05149e+39 
1.87501e+15 3.05405e+35 2.13711e+20 1.05187e+39 
1.87581e+15 3.05644e+35 2.13819e+20 1.05225e+39 
1.8766e+15 3.05882e+35 2.13926e+20 1.05262e+39 
1.8774e+15 3.06121e+35 2.14034e+20 1.053e+39 
1.8782e+15 3.0636e+35 2.14142e+20 1.05338e+39 
1.87899e+15 3.06599e+35 2.14249e+20 1.05376e+39 
1.87979e+15 3.06838e+35 2.14357e+20 1.05414e+39 
1.88059e+15 3.07077e+35 2.14465e+20 1.05452e+39 
1.88139e+15 3.07316e+35 2.14572e+20 1.0549e+39 
1.88219e+15 3.07556e+35 2.1468e+20 1.05528e+39 
1.88299e+15 3.07795e+35 2.14788e+20 1.05565e+39 
1.88379e+15 3.08035e+35 2.14895e+20 1.05603e+39 
1.88459e+15 3.08274e+35 2.15003e+20 1.05641e+39 
1.88539e+15 3.08514e+35 2.1511e+20 1.05679e+39 
1.88619e+15 3.08754e+35 2.15218e+20 1.05717e+39 
1.88699e+15 3.08994e+35 2.15326e+20 1.05755e+39 
1.88779e+15 3.09234e+35 2.15433e+20 1.05793e+39 
1.88859e+15 3.09474e+35 2.15541e+20 1.05831e+39 
1.88939e+15 3.09714e+35 2.15648e+20 1.05869e+39 
1.8902e+15 3.09955e+35 2.15756e+20 1.05907e+39 
1.891e+15 3.10195e+35 2.15863e+20 1.05945e+39 
1.8918e+15 3.10436e+35 2.15971e+20 1.05983e+39 
1.89261e+15 3.10676e+35 2.16079e+20 1.06021e+39 
1.89341e+15 3.10917e+35 2.16186e+20 1.06059e+39 
1.89421e+15 3.11158e+35 2.16294e+20 1.06097e+39 
1.89502e+15 3.11399e+35 2.16401e+20 1.06136e+39 
1.89582e+15 3.1164e+35 2.16509e+20 1.06174e+39 
1.89663e+15 3.11881e+35 2.16616e+20 1.06212e+39 
1.89743e+15 3.12123e+35 2.16724e+20 1.0625e+39 
1.89824e+15 3.12364e+35 2.16831e+20 1.06288e+39 
1.89904e+15 3.12605e+35 2.16939e+20 1.06326e+39 
1.89985e+15 3.12847e+35 2.17046e+20 1.06364e+39 
1.90066e+15 3.13089e+35 2.17154e+20 1.06403e+39 
1.90146e+15 3.1333e+35 2.17261e+20 1.06441e+39 
1.90227e+15 3.13572e+35 2.17369e+20 1.06479e+39 
1.90308e+15 3.13814e+35 2.17476e+20 1.06517e+39 
1.90389e+15 3.14056e+35 2.17584e+20 1.06555e+39 
1.9047e+15 3.14299e+35 2.17691e+20 1.06594e+39 
1.90551e+15 3.14541e+35 2.17799e+20 1.06632e+39 
1.90631e+15 3.14783e+35 2.17906e+20 1.0667e+39 
1.90712e+15 3.15026e+35 2.18013e+20 1.06708e+39 
1.90793e+15 3.15269e+35 2.18121e+20 1.06747e+39 
1.90874e+15 3.15511e+35 2.18228e+20 1.06785e+39 
1.90955e+15 3.15754e+35 2.18336e+20 1.06823e+39 
1.91037e+15 3.15997e+35 2.18443e+20 1.06861e+39 
1.91118e+15 3.1624e+35 2.18551e+20 1.069e+39 
1.91199e+15 3.16483e+35 2.18658e+20 1.06938e+39 
1.9128e+15 3.16726e+35 2.18765e+20 1.06976e+39 
1.91361e+15 3.1697e+35 2.18873e+20 1.07015e+39 
1.91443e+15 3.17213e+35 2.1898e+20 1.07053e+39 
1.91524e+15 3.17457e+35 2.19088e+20 1.07092e+39 
1.91605e+15 3.177e+35 2.19195e+20 1.0713e+39 
1.91687e+15 3.17944e+35 2.19302e+20 1.07168e+39 
1.91768e+15 3.18188e+35 2.1941e+20 1.07207e+39 
1.91849e+15 3.18432e+35 2.19517e+20 1.07245e+39 
1.91931e+15 3.18676e+35 2.19624e+20 1.07284e+39 
1.92012e+15 3.1892e+35 2.19732e+20 1.07322e+39 
1.92094e+15 3.19165e+35 2.19839e+20 1.07361e+39 
1.92175e+15 3.19409e+35 2.19947e+20 1.07399e+39 
1.92257e+15 3.19653e+35 2.20054e+20 1.07438e+39 
1.92339e+15 3.19898e+35 2.20161e+20 1.07476e+39 
1.9242e+15 3.20143e+35 2.20269e+20 1.07515e+39 
1.92502e+15 3.20388e+35 2.20376e+20 1.07553e+39 
1.92584e+15 3.20632e+35 2.20483e+20 1.07592e+39 
1.92666e+15 3.20877e+35 2.2059e+20 1.0763e+39 
1.92747e+15 3.21123e+35 2.20698e+20 1.07669e+39 
1.92829e+15 3.21368e+35 2.20805e+20 1.07707e+39 
1.92911e+15 3.21613e+35 2.20912e+20 1.07746e+39 
1.92993e+15 3.21858e+35 2.2102e+20 1.07784e+39 
1.93075e+15 3.22104e+35 2.21127e+20 1.07823e+39 
1.93157e+15 3.2235e+35 2.21234e+20 1.07862e+39 
1.93239e+15 3.22595e+35 2.21341e+20 1.079e+39 
1.93321e+15 3.22841e+35 2.21449e+20 1.07939e+39 
1.93403e+15 3.23087e+35 2.21556e+20 1.07978e+39 
1.93485e+15 3.23333e+35 2.21663e+20 1.08016e+39 
1.93568e+15 3.23579e+35 2.21771e+20 1.08055e+39 
1.9365e+15 3.23826e+35 2.21878e+20 1.08094e+39 
1.93732e+15 3.24072e+35 2.21985e+20 1.08132e+39 
1.93814e+15 3.24318e+35 2.22092e+20 1.08171e+39 
1.93897e+15 3.24565e+35 2.22199e+20 1.0821e+39 
1.93979e+15 3.24812e+35 2.22307e+20 1.08248e+39 
1.94061e+15 3.25058e+35 2.22414e+20 1.08287e+39 
1.94144e+15 3.25305e+35 2.22521e+20 1.08326e+39 
1.94226e+15 3.25552e+35 2.22628e+20 1.08365e+39 
1.94309e+15 3.25799e+35 2.22735e+20 1.08404e+39 
1.94391e+15 3.26047e+35 2.22843e+20 1.08442e+39 
1.94474e+15 3.26294e+35 2.2295e+20 1.08481e+39 
1.94556e+15 3.26541e+35 2.23057e+20 1.0852e+39 
1.94639e+15 3.26789e+35 2.23164e+20 1.08559e+39 
1.94721e+15 3.27036e+35 2.23271e+20 1.08598e+39 
1.94804e+15 3.27284e+35 2.23379e+20 1.08636e+39 
1.94887e+15 3.27532e+35 2.23486e+20 1.08675e+39 
1.9497e+15 3.2778e+35 2.23593e+20 1.08714e+39 
1.95052e+15 3.28028e+35 2.237e+20 1.08753e+39 
1.95135e+15 3.28276e+35 2.23807e+20 1.08792e+39 
1.95218e+15 3.28524e+35 2.23914e+20 1.08831e+39 
1.95301e+15 3.28773e+35 2.24021e+20 1.0887e+39 
1.95384e+15 3.29021e+35 2.24129e+20 1.08909e+39 
1.95467e+15 3.2927e+35 2.24236e+20 1.08948e+39 
1.9555e+15 3.29518e+35 2.24343e+20 1.08987e+39 
1.95633e+15 3.29767e+35 2.2445e+20 1.09026e+39 
1.95716e+15 3.30016e+35 2.24557e+20 1.09065e+39 
1.95799e+15 3.30265e+35 2.24664e+20 1.09104e+39 
1.95882e+15 3.30514e+35 2.24771e+20 1.09143e+39 
1.95965e+15 3.30763e+35 2.24878e+20 1.09182e+39 
1.96049e+15 3.31013e+35 2.24985e+20 1.09221e+39 
1.96132e+15 3.31262e+35 2.25092e+20 1.0926e+39 
1.96215e+15 3.31512e+35 2.25199e+20 1.09299e+39 
1.96299e+15 3.31761e+35 2.25307e+20 1.09338e+39 
1.96382e+15 3.32011e+35 2.25414e+20 1.09377e+39 
1.96465e+15 3.32261e+35 2.25521e+20 1.09416e+39 
1.96549e+15 3.32511e+35 2.25628e+20 1.09455e+39 
1.96632e+15 3.32761e+35 2.25735e+20 1.09494e+39 
1.96716e+15 3.33011e+35 2.25842e+20 1.09533e+39 
1.96799e+15 3.33261e+35 2.25949e+20 1.09573e+39 
1.96883e+15 3.33511e+35 2.26056e+20 1.09612e+39 
1.96966e+15 3.33762e+35 2.26163e+20 1.09651e+39 
1.9705e+15 3.34013e+35 2.2627e+20 1.0969e+39 
1.97134e+15 3.34263e+35 2.26377e+20 1.09729e+39 
1.97217e+15 3.34514e+35 2.26484e+20 1.09768e+39 
1.97301e+15 3.34765e+35 2.26591e+20 1.09808e+39 
1.97385e+15 3.35016e+35 2.26698e+20 1.09847e+39 
1.97469e+15 3.35267e+35 2.26805e+20 1.09886e+39 
1.97553e+15 3.35518e+35 2.26912e+20 1.09925e+39 
1.97637e+15 3.3577e+35 2.27019e+20 1.09965e+39 
1.9772e+15 3.36021e+35 2.27126e+20 1.10004e+39 
1.97804e+15 3.36273e+35 2.27233e+20 1.10043e+39 
1.97888e+15 3.36524e+35 2.2734e+20 1.10082e+39 
1.97972e+15 3.36776e+35 2.27447e+20 1.10122e+39 
1.98057e+15 3.37028e+35 2.27554e+20 1.10161e+39 
1.98141e+15 3.3728e+35 2.2766e+20 1.102e+39 
1.98225e+15 3.37532e+35 2.27767e+20 1.1024e+39 
1.98309e+15 3.37784e+35 2.27874e+20 1.10279e+39 
1.98393e+15 3.38036e+35 2.27981e+20 1.10318e+39 
1.98477e+15 3.38289e+35 2.28088e+20 1.10358e+39 
1.98562e+15 3.38541e+35 2.28195e+20 1.10397e+39 
1.98646e+15 3.38794e+35 2.28302e+20 1.10437e+39 
1.9873e+15 3.39046e+35 2.28409e+20 1.10476e+39 
1.98815e+15 3.39299e+35 2.28516e+20 1.10515e+39 
1.98899e+15 3.39552e+35 2.28623e+20 1.10555e+39 
1.98984e+15 3.39805e+35 2.2873e+20 1.10594e+39 
1.99068e+15 3.40058e+35 2.28836e+20 1.10634e+39 
1.99153e+15 3.40312e+35 2.28943e+20 1.10673e+39 
1.99237e+15 3.40565e+35 2.2905e+20 1.10713e+39 
1.99322e+15 3.40819e+35 2.29157e+20 1.10752e+39 
1.99406e+15 3.41072e+35 2.29264e+20 1.10792e+39 
1.99491e+15 3.41326e+35 2.29371e+20 1.10831e+39 
1.99576e+15 3.4158e+35 2.29478e+20 1.10871e+39 
1.99661e+15 3.41833e+35 2.29584e+20 1.1091e+39 
1.99745e+15 3.42087e+35 2.29691e+20 1.1095e+39 
1.9983e+15 3.42342e+35 2.29798e+20 1.1099e+39 
1.99915e+15 3.42596e+35 2.29905e+20 1.11029e+39 
2e+15 3.4285e+35 2.30012e+20 1.11069e+39 
