2000
4.99125e+14 1.03812e+31 2.07992e+16 3.00678e+38 
4.9916e+14 2.07623e+31 4.15964e+16 3.00699e+38 
4.99194e+14 3.11435e+31 6.23918e+16 3.00719e+38 
4.99229e+14 4.15246e+31 8.31852e+16 3.0074e+38 
4.99264e+14 5.19058e+31 1.03977e+17 3.00761e+38 
4.99298e+14 6.22869e+31 1.24766e+17 3.00782e+38 
4.99333e+14 7.26681e+31 1.45554e+17 3.00803e+38 
4.99368e+14 8.30492e+31 1.6634e+17 3.00824e+38 
4.99402e+14 9.34304e+31 1.87123e+17 3.00845e+38 
4.99437e+14 1.03812e+32 2.07905e+17 3.00866e+38 
5.02915e+14 1.1459e+33 2.28432e+18 3.02958e+38 
5.03264e+14 1.25051e+33 2.4917e+18 3.03168e+38 
5.03614e+14 1.35519e+33 2.69904e+18 3.03378e+38 
5.03964e+14 1.45994e+33 2.90632e+18 3.03588e+38 
5.04313e+14 1.56476e+33 3.11356e+18 3.03798e+38 
5.04664e+14 1.66966e+33 3.32075e+18 3.04008e+38 
5.05014e+14 1.77463e+33 3.52789e+18 3.04218e+38 
5.05365e+14 1.87968e+33 3.73499e+18 3.04429e+38 
5.05715e+14 1.98479e+33 3.94204e+18 3.04639e+38 
5.06067e+14 2.08998e+33 4.14904e+18 3.0485e+38 
5.06418e+14 2.19524e+33 4.35599e+18 3.0506e+38 
5.0677e+14 2.30058e+33 4.5629e+18 3.05271e+38 
5.07121e+14 2.40599e+33 4.76976e+18 3.05482e+38 
5.07473e+14 2.51147e+33 4.97658e+18 3.05693e+38 
5.07826e+14 2.61703e+33 5.18334e+18 3.05904e+38 
5.08178e+14 2.72266e+33 5.39006e+18 3.06115e+38 
5.08531e+14 2.82836e+33 5.59674e+18 3.06326e+38 
5.08884e+14 2.93413e+33 5.80337e+18 3.06538e+38 
5.09238e+14 3.03998e+33 6.00995e+18 3.06749e+38 
5.09591e+14 3.1459e+33 6.21648e+18 3.06961e+38 
5.09945e+14 3.2519e+33 6.42297e+18 3.07172e+38 
5.10299e+14 3.35797e+33 6.62941e+18 3.07384e+38 
5.10653e+14 3.46411e+33 6.8358e+18 3.07596e+38 
5.11008e+14 3.57033e+33 7.04215e+18 3.07808e+38 
5.11363e+14 3.67662e+33 7.24845e+18 3.0802e+38 
5.11718e+14 3.78298e+33 7.45471e+18 3.08232e+38 
5.12073e+14 3.88942e+33 7.66092e+18 3.08444e+38 
5.12429e+14 3.99593e+33 7.86708e+18 3.08657e+38 
5.12784e+14 4.10252e+33 8.0732e+18 3.08869e+38 
5.1314e+14 4.20918e+33 8.27927e+18 3.09082e+38 
5.13497e+14 4.31591e+33 8.4853e+18 3.09294e+38 
5.13853e+14 4.42272e+33 8.69128e+18 3.09507e+38 
5.1421e+14 4.5296e+33 8.89721e+18 3.0972e+38 
5.14567e+14 4.63656e+33 9.1031e+18 3.09933e+38 
5.14924e+14 4.74359e+33 9.30894e+18 3.10146e+38 
5.15282e+14 4.85069e+33 9.51474e+18 3.10359e+38 
5.15639e+14 4.95787e+33 9.72049e+18 3.10572e+38 
5.15997e+14 5.06513e+33 9.9262e+18 3.10785e+38 
5.16356e+14 5.17246e+33 1.01319e+19 3.10999e+38 
5.16714e+14 5.27986e+33 1.03375e+19 3.11212e+38 
5.17073e+14 5.38734e+33 1.0543e+19 3.11426e+38 
5.17432e+14 5.49489e+33 1.07486e+19 3.1164e+38 
5.17791e+14 5.60251e+33 1.0954e+19 3.11853e+38 
5.18151e+14 5.71022e+33 1.11595e+19 3.12067e+38 
5.1851e+14 5.81799e+33 1.13649e+19 3.12281e+38 
5.1887e+14 5.92584e+33 1.15702e+19 3.12496e+38 
5.19231e+14 6.03377e+33 1.17755e+19 3.1271e+38 
5.19591e+14 6.14177e+33 1.19808e+19 3.12924e+38 
5.19952e+14 6.24985e+33 1.2186e+19 3.13139e+38 
5.20313e+14 6.358e+33 1.23911e+19 3.13353e+38 
5.20674e+14 6.46622e+33 1.25962e+19 3.13568e+38 
5.21036e+14 6.57452e+33 1.28013e+19 3.13782e+38 
5.21397e+14 6.6829e+33 1.30063e+19 3.13997e+38 
5.21759e+14 6.79135e+33 1.32113e+19 3.14212e+38 
5.22122e+14 6.89988e+33 1.34163e+19 3.14427e+38 
5.22484e+14 7.00848e+33 1.36212e+19 3.14642e+38 
5.22847e+14 7.11716e+33 1.3826e+19 3.14857e+38 
5.2321e+14 7.22591e+33 1.40308e+19 3.15073e+38 
5.23573e+14 7.33474e+33 1.42356e+19 3.15288e+38 
5.23937e+14 7.44364e+33 1.44403e+19 3.15504e+38 
5.24301e+14 7.55262e+33 1.4645e+19 3.15719e+38 
5.24665e+14 7.66168e+33 1.48496e+19 3.15935e+38 
5.25029e+14 7.77081e+33 1.50542e+19 3.16151e+38 
5.25393e+14 7.88002e+33 1.52587e+19 3.16367e+38 
5.25758e+14 7.9893e+33 1.54632e+19 3.16583e+38 
5.26123e+14 8.09866e+33 1.56677e+19 3.16799e+38 
5.26489e+14 8.20809e+33 1.58721e+19 3.17015e+38 
5.26854e+14 8.3176e+33 1.60764e+19 3.17231e+38 
5.2722e+14 8.42719e+33 1.62807e+19 3.17448e+38 
5.27586e+14 8.53685e+33 1.6485e+19 3.17664e+38 
5.27952e+14 8.64659e+33 1.66892e+19 3.17881e+38 
5.28319e+14 8.7564e+33 1.68934e+19 3.18098e+38 
5.28686e+14 8.86629e+33 1.70976e+19 3.18315e+38 
5.29053e+14 8.97626e+33 1.73017e+19 3.18532e+38 
5.2942e+14 9.08631e+33 1.75057e+19 3.18749e+38 
5.29788e+14 9.19643e+33 1.77097e+19 3.18966e+38 
5.30155e+14 9.30662e+33 1.79137e+19 3.19183e+38 
5.30523e+14 9.4169e+33 1.81176e+19 3.194e+38 
5.30892e+14 9.52725e+33 1.83215e+19 3.19618e+38 
5.3126e+14 9.63767e+33 1.85254e+19 3.19835e+38 
5.31629e+14 9.74817e+33 1.87291e+19 3.20053e+38 
5.31998e+14 9.85875e+33 1.89329e+19 3.20271e+38 
5.32368e+14 9.96941e+33 1.91366e+19 3.20489e+38 
5.32737e+14 1.00801e+34 1.93403e+19 3.20706e+38 
5.33107e+14 1.0191e+34 1.95439e+19 3.20925e+38 
5.33477e+14 1.03018e+34 1.97475e+19 3.21143e+38 
5.33848e+14 1.04128e+34 1.9951e+19 3.21361e+38 
5.34218e+14 1.05238e+34 2.01545e+19 3.21579e+38 
5.34589e+14 1.0635e+34 2.03579e+19 3.21798e+38 
5.3496e+14 1.07462e+34 2.05613e+19 3.22016e+38 
5.35332e+14 1.08574e+34 2.07647e+19 3.22235e+38 
5.35704e+14 1.09688e+34 2.0968e+19 3.22454e+38 
5.36075e+14 1.10802e+34 2.11713e+19 3.22673e+38 
5.36448e+14 1.11917e+34 2.13745e+19 3.22892e+38 
5.3682e+14 1.13033e+34 2.15777e+19 3.23111e+38 
5.37193e+14 1.1415e+34 2.17809e+19 3.2333e+38 
5.37566e+14 1.15267e+34 2.1984e+19 3.23549e+38 
5.37939e+14 1.16385e+34 2.2187e+19 3.23768e+38 
5.38313e+14 1.17504e+34 2.23901e+19 3.23988e+38 
5.38686e+14 1.18624e+34 2.2593e+19 3.24208e+38 
5.3906e+14 1.19744e+34 2.2796e+19 3.24427e+38 
5.39435e+14 1.20865e+34 2.29989e+19 3.24647e+38 
5.39809e+14 1.21987e+34 2.32017e+19 3.24867e+38 
5.40184e+14 1.2311e+34 2.34045e+19 3.25087e+38 
5.40559e+14 1.24234e+34 2.36073e+19 3.25307e+38 
5.40934e+14 1.25358e+34 2.381e+19 3.25527e+38 
5.4131e+14 1.26483e+34 2.40127e+19 3.25748e+38 
5.41686e+14 1.27609e+34 2.42153e+19 3.25968e+38 
5.42062e+14 1.28736e+34 2.44179e+19 3.26188e+38 
5.42438e+14 1.29864e+34 2.46205e+19 3.26409e+38 
5.42815e+14 1.30992e+34 2.4823e+19 3.2663e+38 
5.43192e+14 1.32121e+34 2.50255e+19 3.26851e+38 
5.43569e+14 1.33251e+34 2.52279e+19 3.27072e+38 
5.43946e+14 1.34381e+34 2.54303e+19 3.27293e+38 
5.44324e+14 1.35513e+34 2.56326e+19 3.27514e+38 
5.44702e+14 1.36645e+34 2.58349e+19 3.27735e+38 
5.4508e+14 1.37778e+34 2.60372e+19 3.27956e+38 
5.45458e+14 1.38912e+34 2.62394e+19 3.28178e+38 
5.45837e+14 1.40046e+34 2.64416e+19 3.28399e+38 
5.46216e+14 1.41182e+34 2.66437e+19 3.28621e+38 
5.46595e+14 1.42318e+34 2.68458e+19 3.28843e+38 
5.46975e+14 1.43455e+34 2.70479e+19 3.29065e+38 
5.47355e+14 1.44592e+34 2.72499e+19 3.29287e+38 
5.47735e+14 1.45731e+34 2.74519e+19 3.29509e+38 
5.48115e+14 1.4687e+34 2.76538e+19 3.29731e+38 
5.48495e+14 1.4801e+34 2.78557e+19 3.29953e+38 
5.48876e+14 1.49151e+34 2.80575e+19 3.30175e+38 
5.49257e+14 1.50293e+34 2.82593e+19 3.30398e+38 
5.49639e+14 1.51435e+34 2.84611e+19 3.30621e+38 
5.5002e+14 1.52579e+34 2.86628e+19 3.30843e+38 
5.50402e+14 1.53723e+34 2.88645e+19 3.31066e+38 
5.50784e+14 1.54867e+34 2.90662e+19 3.31289e+38 
5.51167e+14 1.56013e+34 2.92678e+19 3.31512e+38 
5.51549e+14 1.5716e+34 2.94693e+19 3.31735e+38 
5.51932e+14 1.58307e+34 2.96708e+19 3.31958e+38 
5.52316e+14 1.59455e+34 2.98723e+19 3.32182e+38 
5.52699e+14 1.60604e+34 3.00738e+19 3.32405e+38 
5.53083e+14 1.61753e+34 3.02752e+19 3.32629e+38 
5.53467e+14 1.62904e+34 3.04765e+19 3.32852e+38 
5.53851e+14 1.64055e+34 3.06778e+19 3.33076e+38 
5.54236e+14 1.65207e+34 3.08791e+19 3.333e+38 
5.5462e+14 1.6636e+34 3.10803e+19 3.33524e+38 
5.55005e+14 1.67513e+34 3.12815e+19 3.33748e+38 
5.55391e+14 1.68668e+34 3.14827e+19 3.33972e+38 
5.55776e+14 1.69823e+34 3.16838e+19 3.34196e+38 
5.56162e+14 1.70979e+34 3.18849e+19 3.34421e+38 
5.56548e+14 1.72136e+34 3.20859e+19 3.34645e+38 
5.56935e+14 1.73293e+34 3.22869e+19 3.3487e+38 
5.57321e+14 1.74452e+34 3.24878e+19 3.35094e+38 
5.57708e+14 1.75611e+34 3.26888e+19 3.35319e+38 
5.58096e+14 1.76771e+34 3.28896e+19 3.35544e+38 
5.58483e+14 1.77932e+34 3.30905e+19 3.35769e+38 
5.58871e+14 1.79094e+34 3.32912e+19 3.35994e+38 
5.59259e+14 1.80256e+34 3.3492e+19 3.36219e+38 
5.59647e+14 1.81419e+34 3.36927e+19 3.36445e+38 
5.60036e+14 1.82583e+34 3.38934e+19 3.3667e+38 
5.60425e+14 1.83748e+34 3.4094e+19 3.36896e+38 
5.60814e+14 1.84914e+34 3.42946e+19 3.37121e+38 
5.61203e+14 1.86081e+34 3.44952e+19 3.37347e+38 
5.61593e+14 1.87248e+34 3.46957e+19 3.37573e+38 
5.61983e+14 1.88416e+34 3.48961e+19 3.37799e+38 
5.62373e+14 1.89585e+34 3.50966e+19 3.38025e+38 
5.62763e+14 1.90755e+34 3.5297e+19 3.38251e+38 
5.63154e+14 1.91925e+34 3.54973e+19 3.38478e+38 
5.63545e+14 1.93097e+34 3.56976e+19 3.38704e+38 
5.63936e+14 1.94269e+34 3.58979e+19 3.3893e+38 
5.64328e+14 1.95442e+34 3.60981e+19 3.39157e+38 
5.6472e+14 1.96616e+34 3.62983e+19 3.39384e+38 
5.65112e+14 1.9779e+34 3.64985e+19 3.39611e+38 
5.65504e+14 1.98966e+34 3.66986e+19 3.39837e+38 
5.65897e+14 2.00142e+34 3.68987e+19 3.40065e+38 
5.6629e+14 2.01319e+34 3.70987e+19 3.40292e+38 
5.66683e+14 2.02497e+34 3.72987e+19 3.40519e+38 
5.67076e+14 2.03676e+34 3.74987e+19 3.40746e+38 
5.6747e+14 2.04855e+34 3.76986e+19 3.40974e+38 
5.67864e+14 2.06035e+34 3.78985e+19 3.41201e+38 
5.68258e+14 2.07217e+34 3.80983e+19 3.41429e+38 
5.68653e+14 2.08399e+34 3.82981e+19 3.41657e+38 
5.69048e+14 2.09581e+34 3.84979e+19 3.41885e+38 
5.69443e+14 2.10765e+34 3.86976e+19 3.42113e+38 
5.69838e+14 2.11949e+34 3.88973e+19 3.42341e+38 
5.70234e+14 2.13135e+34 3.90969e+19 3.42569e+38 
5.7063e+14 2.14321e+34 3.92965e+19 3.42797e+38 
5.71026e+14 2.15508e+34 3.94961e+19 3.43026e+38 
5.71422e+14 2.16695e+34 3.96956e+19 3.43254e+38 
5.71819e+14 2.17884e+34 3.98951e+19 3.43483e+38 
5.72216e+14 2.19073e+34 4.00946e+19 3.43712e+38 
5.72613e+14 2.20264e+34 4.0294e+19 3.43941e+38 
5.73011e+14 2.21455e+34 4.04934e+19 3.4417e+38 
5.73409e+14 2.22647e+34 4.06927e+19 3.44399e+38 
5.73807e+14 2.23839e+34 4.0892e+19 3.44628e+38 
5.74205e+14 2.25033e+34 4.10913e+19 3.44857e+38 
5.74604e+14 2.26227e+34 4.12905e+19 3.45086e+38 
5.75003e+14 2.27422e+34 4.14897e+19 3.45316e+38 
5.75402e+14 2.28618e+34 4.16888e+19 3.45546e+38 
5.75801e+14 2.29815e+34 4.18879e+19 3.45775e+38 
5.76201e+14 2.31013e+34 4.2087e+19 3.46005e+38 
5.76601e+14 2.32211e+34 4.2286e+19 3.46235e+38 
5.77002e+14 2.33411e+34 4.2485e+19 3.46465e+38 
5.77402e+14 2.34611e+34 4.2684e+19 3.46695e+38 
5.77803e+14 2.35812e+34 4.28829e+19 3.46926e+38 
5.78204e+14 2.37014e+34 4.30818e+19 3.47156e+38 
5.78606e+14 2.38216e+34 4.32806e+19 3.47386e+38 
5.79007e+14 2.3942e+34 4.34794e+19 3.47617e+38 
5.79409e+14 2.40624e+34 4.36782e+19 3.47848e+38 
5.79812e+14 2.41829e+34 4.38769e+19 3.48079e+38 
5.80214e+14 2.43035e+34 4.40756e+19 3.4831e+38 
5.80617e+14 2.44242e+34 4.42742e+19 3.48541e+38 
5.8102e+14 2.4545e+34 4.44729e+19 3.48772e+38 
5.81424e+14 2.46659e+34 4.46714e+19 3.49003e+38 
5.81827e+14 2.47868e+34 4.487e+19 3.49234e+38 
5.82231e+14 2.49078e+34 4.50685e+19 3.49466e+38 
5.82636e+14 2.50289e+34 4.52669e+19 3.49697e+38 
5.8304e+14 2.51501e+34 4.54654e+19 3.49929e+38 
5.83445e+14 2.52714e+34 4.56638e+19 3.50161e+38 
5.8385e+14 2.53927e+34 4.58621e+19 3.50393e+38 
5.84255e+14 2.55142e+34 4.60604e+19 3.50625e+38 
5.84661e+14 2.56357e+34 4.62587e+19 3.50857e+38 
5.85067e+14 2.57573e+34 4.64569e+19 3.51089e+38 
5.85473e+14 2.5879e+34 4.66551e+19 3.51322e+38 
5.8588e+14 2.60008e+34 4.68533e+19 3.51554e+38 
5.86286e+14 2.61227e+34 4.70514e+19 3.51787e+38 
5.86693e+14 2.62446e+34 4.72495e+19 3.52019e+38 
5.87101e+14 2.63666e+34 4.74476e+19 3.52252e+38 
5.87508e+14 2.64888e+34 4.76456e+19 3.52485e+38 
5.87916e+14 2.6611e+34 4.78436e+19 3.52718e+38 
5.88325e+14 2.67332e+34 4.80415e+19 3.52951e+38 
5.88733e+14 2.68556e+34 4.82394e+19 3.53184e+38 
5.89142e+14 2.69781e+34 4.84373e+19 3.53418e+38 
5.89551e+14 2.71006e+34 4.86351e+19 3.53651e+38 
5.8996e+14 2.72232e+34 4.88329e+19 3.53885e+38 
5.9037e+14 2.7346e+34 4.90306e+19 3.54118e+38 
5.9078e+14 2.74688e+34 4.92284e+19 3.54352e+38 
5.9119e+14 2.75916e+34 4.94261e+19 3.54586e+38 
5.916e+14 2.77146e+34 4.96237e+19 3.5482e+38 
5.92011e+14 2.78377e+34 4.98213e+19 3.55054e+38 
5.92422e+14 2.79608e+34 5.00189e+19 3.55288e+38 
5.92833e+14 2.8084e+34 5.02164e+19 3.55523e+38 
5.93245e+14 2.82073e+34 5.04139e+19 3.55757e+38 
5.93657e+14 2.83307e+34 5.06114e+19 3.55992e+38 
5.94069e+14 2.84542e+34 5.08088e+19 3.56226e+38 
5.94482e+14 2.85778e+34 5.10062e+19 3.56461e+38 
5.94894e+14 2.87014e+34 5.12036e+19 3.56696e+38 
5.95307e+14 2.88252e+34 5.14009e+19 3.56931e+38 
5.95721e+14 2.8949e+34 5.15982e+19 3.57166e+38 
5.96134e+14 2.90729e+34 5.17954e+19 3.57402e+38 
5.96548e+14 2.91969e+34 5.19926e+19 3.57637e+38 
5.96962e+14 2.9321e+34 5.21898e+19 3.57872e+38 
5.97377e+14 2.94452e+34 5.23869e+19 3.58108e+38 
5.97792e+14 2.95694e+34 5.2584e+19 3.58344e+38 
5.98207e+14 2.96937e+34 5.27811e+19 3.58579e+38 
5.98622e+14 2.98182e+34 5.29781e+19 3.58815e+38 
5.99038e+14 2.99427e+34 5.31751e+19 3.59051e+38 
5.99453e+14 3.00673e+34 5.33721e+19 3.59287e+38 
5.9987e+14 3.0192e+34 5.3569e+19 3.59524e+38 
6.00286e+14 3.03168e+34 5.37659e+19 3.5976e+38 
6.00703e+14 3.04416e+34 5.39627e+19 3.59997e+38 
6.0112e+14 3.05666e+34 5.41595e+19 3.60233e+38 
6.01537e+14 3.06916e+34 5.43563e+19 3.6047e+38 
6.01955e+14 3.08167e+34 5.4553e+19 3.60707e+38 
6.02373e+14 3.09419e+34 5.47498e+19 3.60943e+38 
6.02791e+14 3.10672e+34 5.49464e+19 3.61181e+38 
6.0321e+14 3.11926e+34 5.51431e+19 3.61418e+38 
6.03628e+14 3.13181e+34 5.53397e+19 3.61655e+38 
6.04048e+14 3.14436e+34 5.55362e+19 3.61892e+38 
6.04467e+14 3.15693e+34 5.57327e+19 3.6213e+38 
6.04887e+14 3.1695e+34 5.59292e+19 3.62367e+38 
6.05307e+14 3.18208e+34 5.61257e+19 3.62605e+38 
6.05727e+14 3.19467e+34 5.63221e+19 3.62843e+38 
6.06147e+14 3.20727e+34 5.65185e+19 3.63081e+38 
6.06568e+14 3.21988e+34 5.67149e+19 3.63319e+38 
6.06989e+14 3.2325e+34 5.69112e+19 3.63557e+38 
6.07411e+14 3.24512e+34 5.71075e+19 3.63795e+38 
6.07833e+14 3.25776e+34 5.73037e+19 3.64034e+38 
6.08255e+14 3.2704e+34 5.74999e+19 3.64272e+38 
6.08677e+14 3.28305e+34 5.76961e+19 3.64511e+38 
6.09099e+14 3.29571e+34 5.78922e+19 3.64749e+38 
6.09522e+14 3.30838e+34 5.80883e+19 3.64988e+38 
6.09946e+14 3.32106e+34 5.82844e+19 3.65227e+38 
6.10369e+14 3.33375e+34 5.84804e+19 3.65466e+38 
6.10793e+14 3.34644e+34 5.86764e+19 3.65706e+38 
6.11217e+14 3.35915e+34 5.88724e+19 3.65945e+38 
6.11641e+14 3.37186e+34 5.90683e+19 3.66184e+38 
6.12066e+14 3.38458e+34 5.92642e+19 3.66424e+38 
6.12491e+14 3.39731e+34 5.94601e+19 3.66663e+38 
6.12916e+14 3.41005e+34 5.96559e+19 3.66903e+38 
6.13342e+14 3.4228e+34 5.98517e+19 3.67143e+38 
6.13768e+14 3.43556e+34 6.00475e+19 3.67383e+38 
6.14194e+14 3.44832e+34 6.02432e+19 3.67623e+38 
6.1462e+14 3.4611e+34 6.04389e+19 3.67863e+38 
6.15047e+14 3.47388e+34 6.06345e+19 3.68104e+38 
6.15474e+14 3.48668e+34 6.08301e+19 3.68344e+38 
6.15901e+14 3.49948e+34 6.10257e+19 3.68585e+38 
6.16329e+14 3.51229e+34 6.12213e+19 3.68825e+38 
6.16757e+14 3.52511e+34 6.14168e+19 3.69066e+38 
6.17185e+14 3.53794e+34 6.16123e+19 3.69307e+38 
6.17613e+14 3.55078e+34 6.18077e+19 3.69548e+38 
6.18042e+14 3.56362e+34 6.20031e+19 3.69789e+38 
6.18471e+14 3.57648e+34 6.21985e+19 3.7003e+38 
6.18901e+14 3.58934e+34 6.23938e+19 3.70272e+38 
6.1933e+14 3.60222e+34 6.25891e+19 3.70513e+38 
6.1976e+14 3.6151e+34 6.27844e+19 3.70755e+38 
6.20191e+14 3.62799e+34 6.29797e+19 3.70996e+38 
6.20621e+14 3.64089e+34 6.31749e+19 3.71238e+38 
6.21052e+14 3.6538e+34 6.337e+19 3.7148e+38 
6.21483e+14 3.66672e+34 6.35652e+19 3.71722e+38 
6.21915e+14 3.67964e+34 6.37603e+19 3.71964e+38 
6.22347e+14 3.69258e+34 6.39553e+19 3.72207e+38 
6.22779e+14 3.70552e+34 6.41504e+19 3.72449e+38 
6.23211e+14 3.71848e+34 6.43454e+19 3.72692e+38 
6.23644e+14 3.73144e+34 6.45403e+19 3.72934e+38 
6.24077e+14 3.74441e+34 6.47353e+19 3.73177e+38 
6.2451e+14 3.75739e+34 6.49302e+19 3.7342e+38 
6.24944e+14 3.77038e+34 6.5125e+19 3.73663e+38 
6.25378e+14 3.78338e+34 6.53199e+19 3.73906e+38 
6.25812e+14 3.79639e+34 6.55147e+19 3.74149e+38 
6.26246e+14 3.80941e+34 6.57094e+19 3.74392e+38 
6.26681e+14 3.82243e+34 6.59042e+19 3.74636e+38 
6.27116e+14 3.83547e+34 6.60989e+19 3.74879e+38 
6.27552e+14 3.84851e+34 6.62935e+19 3.75123e+38 
6.27987e+14 3.86157e+34 6.64882e+19 3.75367e+38 
6.28423e+14 3.87463e+34 6.66828e+19 3.75611e+38 
6.2886e+14 3.8877e+34 6.68773e+19 3.75855e+38 
6.29296e+14 3.90078e+34 6.70719e+19 3.76099e+38 
6.29733e+14 3.91387e+34 6.72664e+19 3.76343e+38 
6.30171e+14 3.92697e+34 6.74608e+19 3.76587e+38 
6.30608e+14 3.94007e+34 6.76552e+19 3.76832e+38 
6.31046e+14 3.95319e+34 6.78496e+19 3.77077e+38 
6.31484e+14 3.96632e+34 6.8044e+19 3.77321e+38 
6.31922e+14 3.97945e+34 6.82383e+19 3.77566e+38 
6.32361e+14 3.9926e+34 6.84326e+19 3.77811e+38 
6.328e+14 4.00575e+34 6.86269e+19 3.78056e+38 
6.3324e+14 4.01891e+34 6.88211e+19 3.78301e+38 
6.33679e+14 4.03208e+34 6.90153e+19 3.78547e+38 
6.34119e+14 4.04526e+34 6.92095e+19 3.78792e+38 
6.34559e+14 4.05845e+34 6.94036e+19 3.79038e+38 
6.35e+14 4.07165e+34 6.95977e+19 3.79283e+38 
6.35441e+14 4.08486e+34 6.97918e+19 3.79529e+38 
6.35882e+14 4.09808e+34 6.99858e+19 3.79775e+38 
6.36324e+14 4.1113e+34 7.01798e+19 3.80021e+38 
6.36765e+14 4.12454e+34 7.03738e+19 3.80267e+38 
6.37208e+14 4.13779e+34 7.05677e+19 3.80513e+38 
6.3765e+14 4.15104e+34 7.07616e+19 3.8076e+38 
6.38093e+14 4.1643e+34 7.09555e+19 3.81006e+38 
6.38536e+14 4.17757e+34 7.11493e+19 3.81253e+38 
6.38979e+14 4.19086e+34 7.13431e+19 3.81499e+38 
6.39423e+14 4.20415e+34 7.15369e+19 3.81746e+38 
6.39867e+14 4.21745e+34 7.17307e+19 3.81993e+38 
6.40311e+14 4.23076e+34 7.19244e+19 3.8224e+38 
6.40755e+14 4.24408e+34 7.2118e+19 3.82487e+38 
6.412e+14 4.2574e+34 7.23117e+19 3.82735e+38 
6.41645e+14 4.27074e+34 7.25053e+19 3.82982e+38 
6.42091e+14 4.28409e+34 7.26989e+19 3.8323e+38 
6.42537e+14 4.29744e+34 7.28924e+19 3.83477e+38 
6.42983e+14 4.31081e+34 7.30859e+19 3.83725e+38 
6.43429e+14 4.32418e+34 7.32794e+19 3.83973e+38 
6.43876e+14 4.33756e+34 7.34728e+19 3.84221e+38 
6.44323e+14 4.35096e+34 7.36663e+19 3.84469e+38 
6.4477e+14 4.36436e+34 7.38596e+19 3.84717e+38 
6.45218e+14 4.37777e+34 7.4053e+19 3.84966e+38 
6.45666e+14 4.39119e+34 7.42463e+19 3.85214e+38 
6.46114e+14 4.40462e+34 7.44396e+19 3.85463e+38 
6.46563e+14 4.41806e+34 7.46328e+19 3.85712e+38 
6.47012e+14 4.43151e+34 7.48261e+19 3.85961e+38 
6.47461e+14 4.44497e+34 7.50193e+19 3.8621e+38 
6.47911e+14 4.45843e+34 7.52124e+19 3.86459e+38 
6.4836e+14 4.47191e+34 7.54055e+19 3.86708e+38 
6.48811e+14 4.4854e+34 7.55986e+19 3.86957e+38 
6.49261e+14 4.49889e+34 7.57917e+19 3.87207e+38 
6.49712e+14 4.5124e+34 7.59847e+19 3.87456e+38 
6.50163e+14 4.52591e+34 7.61777e+19 3.87706e+38 
6.50614e+14 4.53943e+34 7.63707e+19 3.87956e+38 
6.51066e+14 4.55297e+34 7.65636e+19 3.88206e+38 
6.51518e+14 4.56651e+34 7.67565e+19 3.88456e+38 
6.5197e+14 4.58006e+34 7.69494e+19 3.88706e+38 
6.52423e+14 4.59362e+34 7.71422e+19 3.88956e+38 
6.52876e+14 4.60719e+34 7.7335e+19 3.89206e+38 
6.53329e+14 4.62077e+34 7.75278e+19 3.89457e+38 
6.53783e+14 4.63436e+34 7.77206e+19 3.89708e+38 
6.54237e+14 4.64796e+34 7.79133e+19 3.89958e+38 
6.54691e+14 4.66157e+34 7.8106e+19 3.90209e+38 
6.55146e+14 4.67519e+34 7.82986e+19 3.9046e+38 
6.55601e+14 4.68881e+34 7.84912e+19 3.90711e+38 
6.56056e+14 4.70245e+34 7.86838e+19 3.90963e+38 
6.56511e+14 4.7161e+34 7.88764e+19 3.91214e+38 
6.56967e+14 4.72975e+34 7.90689e+19 3.91466e+38 
6.57423e+14 4.74342e+34 7.92614e+19 3.91717e+38 
6.5788e+14 4.75709e+34 7.94538e+19 3.91969e+38 
6.58336e+14 4.77078e+34 7.96463e+19 3.92221e+38 
6.58794e+14 4.78447e+34 7.98387e+19 3.92473e+38 
6.59251e+14 4.79817e+34 8.0031e+19 3.92725e+38 
6.59709e+14 4.81188e+34 8.02234e+19 3.92977e+38 
6.60167e+14 4.82561e+34 8.04157e+19 3.93229e+38 
6.60625e+14 4.83934e+34 8.0608e+19 3.93482e+38 
6.61084e+14 4.85308e+34 8.08002e+19 3.93734e+38 
6.61543e+14 4.86683e+34 8.09924e+19 3.93987e+38 
6.62002e+14 4.88059e+34 8.11846e+19 3.9424e+38 
6.62462e+14 4.89436e+34 8.13768e+19 3.94493e+38 
6.62922e+14 4.90814e+34 8.15689e+19 3.94746e+38 
6.63382e+14 4.92193e+34 8.1761e+19 3.94999e+38 
6.63842e+14 4.93573e+34 8.1953e+19 3.95252e+38 
6.64303e+14 4.94953e+34 8.2145e+19 3.95506e+38 
6.64765e+14 4.96335e+34 8.2337e+19 3.95759e+38 
6.65226e+14 4.97718e+34 8.2529e+19 3.96013e+38 
6.65688e+14 4.99102e+34 8.27209e+19 3.96267e+38 
6.6615e+14 5.00486e+34 8.29128e+19 3.96521e+38 
6.66613e+14 5.01872e+34 8.31047e+19 3.96775e+38 
6.67075e+14 5.03258e+34 8.32966e+19 3.97029e+38 
6.67539e+14 5.04646e+34 8.34884e+19 3.97283e+38 
6.68002e+14 5.06034e+34 8.36802e+19 3.97538e+38 
6.68466e+14 5.07424e+34 8.38719e+19 3.97792e+38 
6.6893e+14 5.08814e+34 8.40636e+19 3.98047e+38 
6.69394e+14 5.10206e+34 8.42553e+19 3.98302e+38 
6.69859e+14 5.11598e+34 8.4447e+19 3.98556e+38 
6.70324e+14 5.12991e+34 8.46386e+19 3.98812e+38 
6.7079e+14 5.14386e+34 8.48302e+19 3.99067e+38 
6.71255e+14 5.15781e+34 8.50218e+19 3.99322e+38 
6.71721e+14 5.17177e+34 8.52133e+19 3.99577e+38 
6.72188e+14 5.18574e+34 8.54048e+19 3.99833e+38 
6.72655e+14 5.19972e+34 8.55963e+19 4.00088e+38 
6.73122e+14 5.21372e+34 8.57877e+19 4.00344e+38 
6.73589e+14 5.22772e+34 8.59792e+19 4.006e+38 
6.74057e+14 5.24173e+34 8.61705e+19 4.00856e+38 
6.74525e+14 5.25575e+34 8.63619e+19 4.01112e+38 
6.74993e+14 5.26978e+34 8.65532e+19 4.01368e+38 
6.75462e+14 5.28382e+34 8.67445e+19 4.01625e+38 
6.75931e+14 5.29787e+34 8.69358e+19 4.01881e+38 
6.764e+14 5.31193e+34 8.7127e+19 4.02138e+38 
6.76869e+14 5.326e+34 8.73182e+19 4.02395e+38 
6.77339e+14 5.34008e+34 8.75094e+19 4.02652e+38 
6.7781e+14 5.35416e+34 8.77005e+19 4.02909e+38 
6.7828e+14 5.36826e+34 8.78917e+19 4.03166e+38 
6.78751e+14 5.38237e+34 8.80827e+19 4.03423e+38 
6.79222e+14 5.39649e+34 8.82738e+19 4.0368e+38 
6.79694e+14 5.41062e+34 8.84648e+19 4.03938e+38 
6.80166e+14 5.42476e+34 8.86558e+19 4.04195e+38 
6.80638e+14 5.4389e+34 8.88468e+19 4.04453e+38 
6.81111e+14 5.45306e+34 8.90377e+19 4.04711e+38 
6.81584e+14 5.46723e+34 8.92286e+19 4.04969e+38 
6.82057e+14 5.4814e+34 8.94195e+19 4.05227e+38 
6.8253e+14 5.49559e+34 8.96104e+19 4.05485e+38 
6.83004e+14 5.50979e+34 8.98012e+19 4.05744e+38 
6.83478e+14 5.52399e+34 8.9992e+19 4.06002e+38 
6.83953e+14 5.53821e+34 9.01827e+19 4.06261e+38 
6.84428e+14 5.55244e+34 9.03735e+19 4.06519e+38 
6.84903e+14 5.56667e+34 9.05642e+19 4.06778e+38 
6.85379e+14 5.58092e+34 9.07548e+19 4.07037e+38 
6.85854e+14 5.59518e+34 9.09455e+19 4.07296e+38 
6.86331e+14 5.60944e+34 9.11361e+19 4.07556e+38 
6.86807e+14 5.62372e+34 9.13267e+19 4.07815e+38 
6.87284e+14 5.638e+34 9.15172e+19 4.08074e+38 
6.87761e+14 5.6523e+34 9.17077e+19 4.08334e+38 
6.88239e+14 5.6666e+34 9.18982e+19 4.08594e+38 
6.88717e+14 5.68092e+34 9.20887e+19 4.08854e+38 
6.89195e+14 5.69525e+34 9.22791e+19 4.09113e+38 
6.89673e+14 5.70958e+34 9.24695e+19 4.09374e+38 
6.90152e+14 5.72393e+34 9.26599e+19 4.09634e+38 
6.90631e+14 5.73828e+34 9.28503e+19 4.09894e+38 
6.91111e+14 5.75265e+34 9.30406e+19 4.10155e+38 
6.91591e+14 5.76702e+34 9.32309e+19 4.10415e+38 
6.92071e+14 5.78141e+34 9.34211e+19 4.10676e+38 
6.92551e+14 5.7958e+34 9.36114e+19 4.10937e+38 
6.93032e+14 5.81021e+34 9.38016e+19 4.11198e+38 
6.93513e+14 5.82462e+34 9.39917e+19 4.11459e+38 
6.93995e+14 5.83905e+34 9.41819e+19 4.1172e+38 
6.94477e+14 5.85348e+34 9.4372e+19 4.11982e+38 
6.94959e+14 5.86793e+34 9.45621e+19 4.12243e+38 
6.95441e+14 5.88238e+34 9.47521e+19 4.12505e+38 
6.95924e+14 5.89685e+34 9.49422e+19 4.12766e+38 
6.96407e+14 5.91132e+34 9.51322e+19 4.13028e+38 
6.96891e+14 5.92581e+34 9.53221e+19 4.1329e+38 
6.97375e+14 5.9403e+34 9.55121e+19 4.13552e+38 
6.97859e+14 5.95481e+34 9.5702e+19 4.13815e+38 
6.98343e+14 5.96933e+34 9.58919e+19 4.14077e+38 
6.98828e+14 5.98385e+34 9.60817e+19 4.14339e+38 
6.99313e+14 5.99839e+34 9.62716e+19 4.14602e+38 
6.99799e+14 6.01293e+34 9.64614e+19 4.14865e+38 
7.00285e+14 6.02749e+34 9.66511e+19 4.15128e+38 
7.00771e+14 6.04205e+34 9.68409e+19 4.15391e+38 
7.01258e+14 6.05663e+34 9.70306e+19 4.15654e+38 
7.01745e+14 6.07122e+34 9.72203e+19 4.15917e+38 
7.02232e+14 6.08581e+34 9.74099e+19 4.1618e+38 
7.02719e+14 6.10042e+34 9.75996e+19 4.16444e+38 
7.03207e+14 6.11504e+34 9.77892e+19 4.16708e+38 
7.03695e+14 6.12966e+34 9.79787e+19 4.16971e+38 
7.04184e+14 6.1443e+34 9.81683e+19 4.17235e+38 
7.04673e+14 6.15895e+34 9.83578e+19 4.17499e+38 
7.05162e+14 6.1736e+34 9.85473e+19 4.17763e+38 
7.05652e+14 6.18827e+34 9.87367e+19 4.18028e+38 
7.06142e+14 6.20295e+34 9.89262e+19 4.18292e+38 
7.06632e+14 6.21764e+34 9.91156e+19 4.18557e+38 
7.07123e+14 6.23234e+34 9.9305e+19 4.18821e+38 
7.07614e+14 6.24704e+34 9.94943e+19 4.19086e+38 
7.08105e+14 6.26176e+34 9.96836e+19 4.19351e+38 
7.08596e+14 6.27649e+34 9.98729e+19 4.19616e+38 
7.09088e+14 6.29123e+34 1.00062e+20 4.19881e+38 
7.09581e+14 6.30598e+34 1.00251e+20 4.20147e+38 
7.10073e+14 6.32074e+34 1.00441e+20 4.20412e+38 
7.10566e+14 6.33551e+34 1.0063e+20 4.20678e+38 
7.1106e+14 6.35029e+34 1.00819e+20 4.20943e+38 
7.11553e+14 6.36508e+34 1.01008e+20 4.21209e+38 
7.12047e+14 6.37988e+34 1.01197e+20 4.21475e+38 
7.12542e+14 6.39469e+34 1.01386e+20 4.21741e+38 
7.13037e+14 6.40951e+34 1.01575e+20 4.22007e+38 
7.13532e+14 6.42434e+34 1.01764e+20 4.22274e+38 
7.14027e+14 6.43918e+34 1.01953e+20 4.2254e+38 
7.14523e+14 6.45404e+34 1.02142e+20 4.22807e+38 
7.15019e+14 6.4689e+34 1.02331e+20 4.23073e+38 
7.15515e+14 6.48377e+34 1.0252e+20 4.2334e+38 
7.16012e+14 6.49865e+34 1.02709e+20 4.23607e+38 
7.16509e+14 6.51355e+34 1.02898e+20 4.23874e+38 
7.17007e+14 6.52845e+34 1.03087e+20 4.24142e+38 
7.17505e+14 6.54336e+34 1.03275e+20 4.24409e+38 
7.18003e+14 6.55829e+34 1.03464e+20 4.24676e+38 
7.18501e+14 6.57322e+34 1.03653e+20 4.24944e+38 
7.19e+14 6.58817e+34 1.03842e+20 4.25212e+38 
7.19499e+14 6.60312e+34 1.0403e+20 4.2548e+38 
7.19999e+14 6.61809e+34 1.04219e+20 4.25748e+38 
7.20499e+14 6.63306e+34 1.04407e+20 4.26016e+38 
7.20999e+14 6.64805e+34 1.04596e+20 4.26284e+38 
7.215e+14 6.66305e+34 1.04785e+20 4.26552e+38 
7.22e+14 6.67805e+34 1.04973e+20 4.26821e+38 
7.22502e+14 6.69307e+34 1.05162e+20 4.2709e+38 
7.23003e+14 6.7081e+34 1.0535e+20 4.27358e+38 
7.23505e+14 6.72314e+34 1.05539e+20 4.27627e+38 
7.24008e+14 6.73819e+34 1.05727e+20 4.27896e+38 
7.2451e+14 6.75325e+34 1.05915e+20 4.28166e+38 
7.25013e+14 6.76832e+34 1.06104e+20 4.28435e+38 
7.25517e+14 6.7834e+34 1.06292e+20 4.28704e+38 
7.2602e+14 6.79849e+34 1.06481e+20 4.28974e+38 
7.26525e+14 6.81359e+34 1.06669e+20 4.29244e+38 
7.27029e+14 6.8287e+34 1.06857e+20 4.29513e+38 
7.27534e+14 6.84382e+34 1.07045e+20 4.29783e+38 
7.28039e+14 6.85896e+34 1.07234e+20 4.30054e+38 
7.28544e+14 6.8741e+34 1.07422e+20 4.30324e+38 
7.2905e+14 6.88925e+34 1.0761e+20 4.30594e+38 
7.29556e+14 6.90442e+34 1.07798e+20 4.30865e+38 
7.30063e+14 6.91959e+34 1.07986e+20 4.31135e+38 
7.3057e+14 6.93478e+34 1.08174e+20 4.31406e+38 
7.31077e+14 6.94997e+34 1.08362e+20 4.31677e+38 
7.31585e+14 6.96518e+34 1.0855e+20 4.31948e+38 
7.32093e+14 6.9804e+34 1.08738e+20 4.32219e+38 
7.32601e+14 6.99563e+34 1.08926e+20 4.3249e+38 
7.33109e+14 7.01086e+34 1.09114e+20 4.32762e+38 
7.33618e+14 7.02611e+34 1.09302e+20 4.33033e+38 
7.34128e+14 7.04137e+34 1.0949e+20 4.33305e+38 
7.34638e+14 7.05664e+34 1.09678e+20 4.33577e+38 
7.35148e+14 7.07192e+34 1.09866e+20 4.33849e+38 
7.35658e+14 7.08721e+34 1.10054e+20 4.34121e+38 
7.36169e+14 7.10252e+34 1.10241e+20 4.34393e+38 
7.3668e+14 7.11783e+34 1.10429e+20 4.34665e+38 
7.37191e+14 7.13315e+34 1.10617e+20 4.34938e+38 
7.37703e+14 7.14849e+34 1.10805e+20 4.3521e+38 
7.38215e+14 7.16383e+34 1.10992e+20 4.35483e+38 
7.38728e+14 7.17918e+34 1.1118e+20 4.35756e+38 
7.39241e+14 7.19455e+34 1.11368e+20 4.36029e+38 
7.39754e+14 7.20993e+34 1.11555e+20 4.36302e+38 
7.40268e+14 7.22531e+34 1.11743e+20 4.36575e+38 
7.40782e+14 7.24071e+34 1.1193e+20 4.36849e+38 
7.41296e+14 7.25612e+34 1.12118e+20 4.37122e+38 
7.41811e+14 7.27154e+34 1.12305e+20 4.37396e+38 
7.42326e+14 7.28697e+34 1.12493e+20 4.3767e+38 
7.42841e+14 7.30241e+34 1.1268e+20 4.37944e+38 
7.43357e+14 7.31786e+34 1.12868e+20 4.38218e+38 
7.43873e+14 7.33332e+34 1.13055e+20 4.38492e+38 
7.44389e+14 7.34879e+34 1.13242e+20 4.38766e+38 
7.44906e+14 7.36428e+34 1.1343e+20 4.39041e+38 
7.45423e+14 7.37977e+34 1.13617e+20 4.39315e+38 
7.45941e+14 7.39528e+34 1.13804e+20 4.3959e+38 
7.46459e+14 7.41079e+34 1.13992e+20 4.39865e+38 
7.46977e+14 7.42632e+34 1.14179e+20 4.4014e+38 
7.47496e+14 7.44186e+34 1.14366e+20 4.40415e+38 
7.48015e+14 7.4574e+34 1.14553e+20 4.4069e+38 
7.48534e+14 7.47296e+34 1.1474e+20 4.40966e+38 
7.49054e+14 7.48853e+34 1.14927e+20 4.41241e+38 
7.49574e+14 7.50411e+34 1.15115e+20 4.41517e+38 
7.50094e+14 7.5197e+34 1.15302e+20 4.41793e+38 
7.50615e+14 7.53531e+34 1.15489e+20 4.42068e+38 
7.51136e+14 7.55092e+34 1.15676e+20 4.42345e+38 
7.51658e+14 7.56654e+34 1.15863e+20 4.42621e+38 
7.5218e+14 7.58218e+34 1.1605e+20 4.42897e+38 
7.52702e+14 7.59782e+34 1.16237e+20 4.43174e+38 
7.53224e+14 7.61348e+34 1.16424e+20 4.4345e+38 
7.53747e+14 7.62915e+34 1.1661e+20 4.43727e+38 
7.54271e+14 7.64482e+34 1.16797e+20 4.44004e+38 
7.54794e+14 7.66051e+34 1.16984e+20 4.44281e+38 
7.55318e+14 7.67621e+34 1.17171e+20 4.44558e+38 
7.55843e+14 7.69192e+34 1.17358e+20 4.44835e+38 
7.56368e+14 7.70765e+34 1.17544e+20 4.45113e+38 
7.56893e+14 7.72338e+34 1.17731e+20 4.4539e+38 
7.57418e+14 7.73912e+34 1.17918e+20 4.45668e+38 
7.57944e+14 7.75488e+34 1.18105e+20 4.45946e+38 
7.5847e+14 7.77064e+34 1.18291e+20 4.46224e+38 
7.58997e+14 7.78642e+34 1.18478e+20 4.46502e+38 
7.59524e+14 7.80221e+34 1.18665e+20 4.4678e+38 
7.60051e+14 7.818e+34 1.18851e+20 4.47058e+38 
7.60579e+14 7.83381e+34 1.19038e+20 4.47337e+38 
7.61107e+14 7.84963e+34 1.19224e+20 4.47615e+38 
7.61636e+14 7.86546e+34 1.19411e+20 4.47894e+38 
7.62164e+14 7.88131e+34 1.19597e+20 4.48173e+38 
7.62694e+14 7.89716e+34 1.19784e+20 4.48452e+38 
7.63223e+14 7.91302e+34 1.1997e+20 4.48731e+38 
7.63753e+14 7.9289e+34 1.20157e+20 4.4901e+38 
7.64283e+14 7.94478e+34 1.20343e+20 4.4929e+38 
7.64814e+14 7.96068e+34 1.20529e+20 4.49569e+38 
7.65345e+14 7.97659e+34 1.20716e+20 4.49849e+38 
7.65876e+14 7.99251e+34 1.20902e+20 4.50129e+38 
7.66408e+14 8.00844e+34 1.21088e+20 4.50409e+38 
7.6694e+14 8.02438e+34 1.21274e+20 4.50689e+38 
7.67473e+14 8.04033e+34 1.21461e+20 4.50969e+38 
7.68005e+14 8.0563e+34 1.21647e+20 4.5125e+38 
7.68539e+14 8.07227e+34 1.21833e+20 4.5153e+38 
7.69072e+14 8.08826e+34 1.22019e+20 4.51811e+38 
7.69606e+14 8.10425e+34 1.22205e+20 4.52092e+38 
7.70141e+14 8.12026e+34 1.22392e+20 4.52373e+38 
7.70675e+14 8.13628e+34 1.22578e+20 4.52654e+38 
7.7121e+14 8.15231e+34 1.22764e+20 4.52935e+38 
7.71746e+14 8.16835e+34 1.2295e+20 4.53216e+38 
7.72282e+14 8.18441e+34 1.23136e+20 4.53498e+38 
7.72818e+14 8.20047e+34 1.23322e+20 4.53779e+38 
7.73354e+14 8.21654e+34 1.23508e+20 4.54061e+38 
7.73891e+14 8.23263e+34 1.23694e+20 4.54343e+38 
7.74429e+14 8.24873e+34 1.2388e+20 4.54625e+38 
7.74966e+14 8.26483e+34 1.24065e+20 4.54907e+38 
7.75504e+14 8.28095e+34 1.24251e+20 4.5519e+38 
7.76043e+14 8.29708e+34 1.24437e+20 4.55472e+38 
7.76582e+14 8.31323e+34 1.24623e+20 4.55755e+38 
7.77121e+14 8.32938e+34 1.24809e+20 4.56037e+38 
7.7766e+14 8.34554e+34 1.24994e+20 4.5632e+38 
7.782e+14 8.36172e+34 1.2518e+20 4.56603e+38 
7.78741e+14 8.37791e+34 1.25366e+20 4.56886e+38 
7.79281e+14 8.3941e+34 1.25552e+20 4.5717e+38 
7.79822e+14 8.41031e+34 1.25737e+20 4.57453e+38 
7.80364e+14 8.42653e+34 1.25923e+20 4.57737e+38 
7.80906e+14 8.44277e+34 1.26109e+20 4.5802e+38 
7.81448e+14 8.45901e+34 1.26294e+20 4.58304e+38 
7.8199e+14 8.47526e+34 1.2648e+20 4.58588e+38 
7.82533e+14 8.49153e+34 1.26665e+20 4.58872e+38 
7.83077e+14 8.5078e+34 1.26851e+20 4.59156e+38 
7.8362e+14 8.52409e+34 1.27036e+20 4.59441e+38 
7.84164e+14 8.54039e+34 1.27222e+20 4.59725e+38 
7.84709e+14 8.5567e+34 1.27407e+20 4.6001e+38 
7.85254e+14 8.57303e+34 1.27593e+20 4.60295e+38 
7.85799e+14 8.58936e+34 1.27778e+20 4.6058e+38 
7.86344e+14 8.6057e+34 1.27963e+20 4.60865e+38 
7.8689e+14 8.62206e+34 1.28149e+20 4.6115e+38 
7.87437e+14 8.63843e+34 1.28334e+20 4.61435e+38 
7.87983e+14 8.65481e+34 1.28519e+20 4.61721e+38 
7.8853e+14 8.6712e+34 1.28705e+20 4.62006e+38 
7.89078e+14 8.6876e+34 1.2889e+20 4.62292e+38 
7.89626e+14 8.70401e+34 1.29075e+20 4.62578e+38 
7.90174e+14 8.72043e+34 1.2926e+20 4.62864e+38 
7.90723e+14 8.73687e+34 1.29445e+20 4.6315e+38 
7.91272e+14 8.75332e+34 1.29631e+20 4.63437e+38 
7.91821e+14 8.76978e+34 1.29816e+20 4.63723e+38 
7.92371e+14 8.78625e+34 1.30001e+20 4.6401e+38 
7.92921e+14 8.80273e+34 1.30186e+20 4.64297e+38 
7.93471e+14 8.81922e+34 1.30371e+20 4.64583e+38 
7.94022e+14 8.83572e+34 1.30556e+20 4.6487e+38 
7.94574e+14 8.85224e+34 1.30741e+20 4.65158e+38 
7.95125e+14 8.86877e+34 1.30926e+20 4.65445e+38 
7.95677e+14 8.88531e+34 1.31111e+20 4.65732e+38 
7.9623e+14 8.90186e+34 1.31296e+20 4.6602e+38 
7.96783e+14 8.91842e+34 1.31481e+20 4.66308e+38 
7.97336e+14 8.93499e+34 1.31666e+20 4.66596e+38 
7.97889e+14 8.95158e+34 1.31851e+20 4.66884e+38 
7.98443e+14 8.96817e+34 1.32035e+20 4.67172e+38 
7.98998e+14 8.98478e+34 1.3222e+20 4.6746e+38 
7.99553e+14 9.0014e+34 1.32405e+20 4.67748e+38 
8.00108e+14 9.01803e+34 1.3259e+20 4.68037e+38 
8.00663e+14 9.03467e+34 1.32775e+20 4.68326e+38 
8.01219e+14 9.05133e+34 1.32959e+20 4.68615e+38 
8.01775e+14 9.06799e+34 1.33144e+20 4.68904e+38 
8.02332e+14 9.08467e+34 1.33329e+20 4.69193e+38 
8.02889e+14 9.10136e+34 1.33513e+20 4.69482e+38 
8.03447e+14 9.11806e+34 1.33698e+20 4.69771e+38 
8.04004e+14 9.13477e+34 1.33882e+20 4.70061e+38 
8.04563e+14 9.15149e+34 1.34067e+20 4.70351e+38 
8.05121e+14 9.16823e+34 1.34252e+20 4.70641e+38 
8.0568e+14 9.18497e+34 1.34436e+20 4.70931e+38 
8.0624e+14 9.20173e+34 1.34621e+20 4.71221e+38 
8.06799e+14 9.2185e+34 1.34805e+20 4.71511e+38 
8.07359e+14 9.23528e+34 1.3499e+20 4.71801e+38 
8.0792e+14 9.25208e+34 1.35174e+20 4.72092e+38 
8.08481e+14 9.26888e+34 1.35358e+20 4.72383e+38 
8.09042e+14 9.2857e+34 1.35543e+20 4.72673e+38 
8.09604e+14 9.30253e+34 1.35727e+20 4.72964e+38 
8.10166e+14 9.31937e+34 1.35912e+20 4.73256e+38 
8.10729e+14 9.33622e+34 1.36096e+20 4.73547e+38 
8.11292e+14 9.35308e+34 1.3628e+20 4.73838e+38 
8.11855e+14 9.36996e+34 1.36465e+20 4.7413e+38 
8.12418e+14 9.38684e+34 1.36649e+20 4.74422e+38 
8.12983e+14 9.40374e+34 1.36833e+20 4.74713e+38 
8.13547e+14 9.42065e+34 1.37017e+20 4.75005e+38 
8.14112e+14 9.43757e+34 1.37201e+20 4.75297e+38 
8.14677e+14 9.45451e+34 1.37386e+20 4.7559e+38 
8.15243e+14 9.47145e+34 1.3757e+20 4.75882e+38 
8.15809e+14 9.48841e+34 1.37754e+20 4.76175e+38 
8.16375e+14 9.50538e+34 1.37938e+20 4.76467e+38 
8.16942e+14 9.52236e+34 1.38122e+20 4.7676e+38 
8.17509e+14 9.53935e+34 1.38306e+20 4.77053e+38 
8.18077e+14 9.55636e+34 1.3849e+20 4.77346e+38 
8.18645e+14 9.57337e+34 1.38674e+20 4.7764e+38 
8.19213e+14 9.5904e+34 1.38858e+20 4.77933e+38 
8.19782e+14 9.60744e+34 1.39042e+20 4.78227e+38 
8.20351e+14 9.62449e+34 1.39226e+20 4.7852e+38 
8.20921e+14 9.64156e+34 1.3941e+20 4.78814e+38 
8.21491e+14 9.65863e+34 1.39594e+20 4.79108e+38 
8.22061e+14 9.67572e+34 1.39778e+20 4.79402e+38 
8.22632e+14 9.69282e+34 1.39961e+20 4.79697e+38 
8.23203e+14 9.70993e+34 1.40145e+20 4.79991e+38 
8.23774e+14 9.72705e+34 1.40329e+20 4.80286e+38 
8.24346e+14 9.74419e+34 1.40513e+20 4.8058e+38 
8.24919e+14 9.76133e+34 1.40697e+20 4.80875e+38 
8.25491e+14 9.77849e+34 1.4088e+20 4.8117e+38 
8.26065e+14 9.79566e+34 1.41064e+20 4.81465e+38 
8.26638e+14 9.81284e+34 1.41248e+20 4.8176e+38 
8.27212e+14 9.83004e+34 1.41431e+20 4.82056e+38 
8.27786e+14 9.84724e+34 1.41615e+20 4.82352e+38 
8.28361e+14 9.86446e+34 1.41799e+20 4.82647e+38 
8.28936e+14 9.88169e+34 1.41982e+20 4.82943e+38 
8.29512e+14 9.89893e+34 1.42166e+20 4.83239e+38 
8.30088e+14 9.91619e+34 1.42349e+20 4.83535e+38 
8.30664e+14 9.93345e+34 1.42533e+20 4.83832e+38 
8.31241e+14 9.95073e+34 1.42716e+20 4.84128e+38 
8.31818e+14 9.96802e+34 1.429e+20 4.84425e+38 
8.32395e+14 9.98532e+34 1.43083e+20 4.84721e+38 
8.32973e+14 1.00026e+35 1.43267e+20 4.85018e+38 
8.33552e+14 1.002e+35 1.4345e+20 4.85315e+38 
8.3413e+14 1.00373e+35 1.43633e+20 4.85612e+38 
8.3471e+14 1.00547e+35 1.43817e+20 4.8591e+38 
8.35289e+14 1.0072e+35 1.44e+20 4.86207e+38 
8.35869e+14 1.00894e+35 1.44183e+20 4.86505e+38 
8.36449e+14 1.01068e+35 1.44367e+20 4.86803e+38 
8.3703e+14 1.01242e+35 1.4455e+20 4.871e+38 
8.37611e+14 1.01416e+35 1.44733e+20 4.87399e+38 
8.38193e+14 1.0159e+35 1.44917e+20 4.87697e+38 
8.38775e+14 1.01764e+35 1.451e+20 4.87995e+38 
8.39357e+14 1.01939e+35 1.45283e+20 4.88294e+38 
8.3994e+14 1.02113e+35 1.45466e+20 4.88592e+38 
8.40523e+14 1.02288e+35 1.45649e+20 4.88891e+38 
8.41107e+14 1.02463e+35 1.45832e+20 4.8919e+38 
8.41691e+14 1.02638e+35 1.46015e+20 4.89489e+38 
8.42275e+14 1.02813e+35 1.46199e+20 4.89788e+38 
8.4286e+14 1.02988e+35 1.46382e+20 4.90088e+38 
8.43445e+14 1.03164e+35 1.46565e+20 4.90387e+38 
8.44031e+14 1.03339e+35 1.46748e+20 4.90687e+38 
8.44617e+14 1.03515e+35 1.46931e+20 4.90986e+38 
8.45203e+14 1.0369e+35 1.47114e+20 4.91286e+38 
8.4579e+14 1.03866e+35 1.47297e+20 4.91587e+38 
8.46377e+14 1.04042e+35 1.47479e+20 4.91887e+38 
8.46965e+14 1.04218e+35 1.47662e+20 4.92187e+38 
8.47553e+14 1.04394e+35 1.47845e+20 4.92488e+38 
8.48141e+14 1.0457e+35 1.48028e+20 4.92788e+38 
8.4873e+14 1.04747e+35 1.48211e+20 4.93089e+38 
8.49319e+14 1.04923e+35 1.48394e+20 4.9339e+38 
8.49909e+14 1.051e+35 1.48577e+20 4.93691e+38 
8.50499e+14 1.05277e+35 1.48759e+20 4.93993e+38 
8.5109e+14 1.05454e+35 1.48942e+20 4.94294e+38 
8.51681e+14 1.05631e+35 1.49125e+20 4.94596e+38 
8.52272e+14 1.05808e+35 1.49308e+20 4.94897e+38 
8.52864e+14 1.05985e+35 1.4949e+20 4.95199e+38 
8.53456e+14 1.06163e+35 1.49673e+20 4.95501e+38 
8.54048e+14 1.0634e+35 1.49855e+20 4.95803e+38 
8.54641e+14 1.06518e+35 1.50038e+20 4.96106e+38 
8.55235e+14 1.06696e+35 1.50221e+20 4.96408e+38 
8.55828e+14 1.06873e+35 1.50403e+20 4.96711e+38 
8.56423e+14 1.07051e+35 1.50586e+20 4.97014e+38 
8.57017e+14 1.0723e+35 1.50768e+20 4.97317e+38 
8.57612e+14 1.07408e+35 1.50951e+20 4.9762e+38 
8.58208e+14 1.07586e+35 1.51133e+20 4.97923e+38 
8.58804e+14 1.07765e+35 1.51316e+20 4.98226e+38 
8.594e+14 1.07943e+35 1.51498e+20 4.9853e+38 
8.59996e+14 1.08122e+35 1.51681e+20 4.98833e+38 
8.60594e+14 1.08301e+35 1.51863e+20 4.99137e+38 
8.61191e+14 1.0848e+35 1.52045e+20 4.99441e+38 
8.61789e+14 1.08659e+35 1.52228e+20 4.99745e+38 
8.62387e+14 1.08838e+35 1.5241e+20 5.00049e+38 
8.62986e+14 1.09018e+35 1.52592e+20 5.00354e+38 
8.63585e+14 1.09197e+35 1.52775e+20 5.00658e+38 
8.64185e+14 1.09377e+35 1.52957e+20 5.00963e+38 
8.64785e+14 1.09557e+35 1.53139e+20 5.01268e+38 
8.65385e+14 1.09737e+35 1.53322e+20 5.01573e+38 
8.65986e+14 1.09917e+35 1.53504e+20 5.01878e+38 
8.66587e+14 1.10097e+35 1.53686e+20 5.02183e+38 
8.67189e+14 1.10277e+35 1.53868e+20 5.02489e+38 
8.67791e+14 1.10457e+35 1.5405e+20 5.02794e+38 
8.68394e+14 1.10638e+35 1.54232e+20 5.031e+38 
8.68997e+14 1.10818e+35 1.54414e+20 5.03406e+38 
8.696e+14 1.10999e+35 1.54597e+20 5.03712e+38 
8.70204e+14 1.1118e+35 1.54779e+20 5.04018e+38 
8.70808e+14 1.11361e+35 1.54961e+20 5.04325e+38 
8.71412e+14 1.11542e+35 1.55143e+20 5.04631e+38 
8.72017e+14 1.11723e+35 1.55325e+20 5.04938e+38 
8.72623e+14 1.11905e+35 1.55507e+20 5.05245e+38 
8.73229e+14 1.12086e+35 1.55689e+20 5.05552e+38 
8.73835e+14 1.12268e+35 1.55871e+20 5.05859e+38 
8.74442e+14 1.1245e+35 1.56052e+20 5.06166e+38 
8.75049e+14 1.12632e+35 1.56234e+20 5.06473e+38 
8.75656e+14 1.12814e+35 1.56416e+20 5.06781e+38 
8.76264e+14 1.12996e+35 1.56598e+20 5.07089e+38 
8.76873e+14 1.13178e+35 1.5678e+20 5.07397e+38 
8.77482e+14 1.1336e+35 1.56962e+20 5.07705e+38 
8.78091e+14 1.13543e+35 1.57143e+20 5.08013e+38 
8.787e+14 1.13726e+35 1.57325e+20 5.08321e+38 
8.79311e+14 1.13908e+35 1.57507e+20 5.0863e+38 
8.79921e+14 1.14091e+35 1.57689e+20 5.08938e+38 
8.80532e+14 1.14274e+35 1.5787e+20 5.09247e+38 
8.81143e+14 1.14457e+35 1.58052e+20 5.09556e+38 
8.81755e+14 1.14641e+35 1.58234e+20 5.09865e+38 
8.82367e+14 1.14824e+35 1.58415e+20 5.10174e+38 
8.8298e+14 1.15008e+35 1.58597e+20 5.10484e+38 
8.83593e+14 1.15191e+35 1.58779e+20 5.10793e+38 
8.84206e+14 1.15375e+35 1.5896e+20 5.11103e+38 
8.8482e+14 1.15559e+35 1.59142e+20 5.11413e+38 
8.85435e+14 1.15743e+35 1.59323e+20 5.11723e+38 
8.86049e+14 1.15927e+35 1.59505e+20 5.12033e+38 
8.86665e+14 1.16111e+35 1.59686e+20 5.12343e+38 
8.8728e+14 1.16296e+35 1.59868e+20 5.12653e+38 
8.87896e+14 1.1648e+35 1.60049e+20 5.12964e+38 
8.88513e+14 1.16665e+35 1.60231e+20 5.13275e+38 
8.8913e+14 1.1685e+35 1.60412e+20 5.13586e+38 
8.89747e+14 1.17035e+35 1.60593e+20 5.13897e+38 
8.90365e+14 1.1722e+35 1.60775e+20 5.14208e+38 
8.90983e+14 1.17405e+35 1.60956e+20 5.14519e+38 
8.91602e+14 1.1759e+35 1.61138e+20 5.14831e+38 
8.92221e+14 1.17776e+35 1.61319e+20 5.15143e+38 
8.9284e+14 1.17962e+35 1.615e+20 5.15454e+38 
8.9346e+14 1.18147e+35 1.61681e+20 5.15766e+38 
8.9408e+14 1.18333e+35 1.61863e+20 5.16079e+38 
8.94701e+14 1.18519e+35 1.62044e+20 5.16391e+38 
8.95322e+14 1.18705e+35 1.62225e+20 5.16703e+38 
8.95944e+14 1.18891e+35 1.62406e+20 5.17016e+38 
8.96566e+14 1.19078e+35 1.62587e+20 5.17329e+38 
8.97188e+14 1.19264e+35 1.62769e+20 5.17642e+38 
8.97811e+14 1.19451e+35 1.6295e+20 5.17955e+38 
8.98435e+14 1.19638e+35 1.63131e+20 5.18268e+38 
8.99058e+14 1.19824e+35 1.63312e+20 5.18581e+38 
8.99683e+14 1.20011e+35 1.63493e+20 5.18895e+38 
9.00307e+14 1.20199e+35 1.63674e+20 5.19208e+38 
9.00932e+14 1.20386e+35 1.63855e+20 5.19522e+38 
9.01558e+14 1.20573e+35 1.64036e+20 5.19836e+38 
9.02184e+14 1.20761e+35 1.64217e+20 5.2015e+38 
9.0281e+14 1.20948e+35 1.64398e+20 5.20465e+38 
9.03437e+14 1.21136e+35 1.64579e+20 5.20779e+38 
9.04064e+14 1.21324e+35 1.6476e+20 5.21094e+38 
9.04692e+14 1.21512e+35 1.64941e+20 5.21408e+38 
9.0532e+14 1.217e+35 1.65122e+20 5.21723e+38 
9.05949e+14 1.21889e+35 1.65303e+20 5.22038e+38 
9.06578e+14 1.22077e+35 1.65483e+20 5.22354e+38 
9.07207e+14 1.22266e+35 1.65664e+20 5.22669e+38 
9.07837e+14 1.22454e+35 1.65845e+20 5.22985e+38 
9.08467e+14 1.22643e+35 1.66026e+20 5.233e+38 
9.09098e+14 1.22832e+35 1.66207e+20 5.23616e+38 
9.09729e+14 1.23021e+35 1.66387e+20 5.23932e+38 
9.10361e+14 1.23211e+35 1.66568e+20 5.24248e+38 
9.10993e+14 1.234e+35 1.66749e+20 5.24565e+38 
9.11625e+14 1.23589e+35 1.66929e+20 5.24881e+38 
9.12258e+14 1.23779e+35 1.6711e+20 5.25198e+38 
9.12892e+14 1.23969e+35 1.67291e+20 5.25514e+38 
9.13526e+14 1.24159e+35 1.67471e+20 5.25831e+38 
9.1416e+14 1.24349e+35 1.67652e+20 5.26148e+38 
9.14794e+14 1.24539e+35 1.67833e+20 5.26466e+38 
9.1543e+14 1.24729e+35 1.68013e+20 5.26783e+38 
9.16065e+14 1.24919e+35 1.68194e+20 5.27101e+38 
9.16701e+14 1.2511e+35 1.68374e+20 5.27418e+38 
9.17338e+14 1.25301e+35 1.68555e+20 5.27736e+38 
9.17975e+14 1.25491e+35 1.68735e+20 5.28054e+38 
9.18612e+14 1.25682e+35 1.68916e+20 5.28373e+38 
9.1925e+14 1.25873e+35 1.69096e+20 5.28691e+38 
9.19888e+14 1.26065e+35 1.69277e+20 5.29009e+38 
9.20527e+14 1.26256e+35 1.69457e+20 5.29328e+38 
9.21166e+14 1.26448e+35 1.69637e+20 5.29647e+38 
9.21805e+14 1.26639e+35 1.69818e+20 5.29966e+38 
9.22445e+14 1.26831e+35 1.69998e+20 5.30285e+38 
9.23086e+14 1.27023e+35 1.70178e+20 5.30604e+38 
9.23727e+14 1.27215e+35 1.70359e+20 5.30924e+38 
9.24368e+14 1.27407e+35 1.70539e+20 5.31243e+38 
9.2501e+14 1.27599e+35 1.70719e+20 5.31563e+38 
9.25652e+14 1.27792e+35 1.709e+20 5.31883e+38 
9.26295e+14 1.27984e+35 1.7108e+20 5.32203e+38 
9.26938e+14 1.28177e+35 1.7126e+20 5.32523e+38 
9.27581e+14 1.2837e+35 1.7144e+20 5.32844e+38 
9.28225e+14 1.28562e+35 1.7162e+20 5.33164e+38 
9.2887e+14 1.28756e+35 1.718e+20 5.33485e+38 
9.29515e+14 1.28949e+35 1.71981e+20 5.33806e+38 
9.3016e+14 1.29142e+35 1.72161e+20 5.34127e+38 
9.30806e+14 1.29336e+35 1.72341e+20 5.34448e+38 
9.31452e+14 1.29529e+35 1.72521e+20 5.34769e+38 
9.32099e+14 1.29723e+35 1.72701e+20 5.35091e+38 
9.32746e+14 1.29917e+35 1.72881e+20 5.35413e+38 
9.33394e+14 1.30111e+35 1.73061e+20 5.35734e+38 
9.34042e+14 1.30305e+35 1.73241e+20 5.36056e+38 
9.3469e+14 1.30499e+35 1.73421e+20 5.36379e+38 
9.35339e+14 1.30694e+35 1.73601e+20 5.36701e+38 
9.35989e+14 1.30888e+35 1.73781e+20 5.37023e+38 
9.36638e+14 1.31083e+35 1.73961e+20 5.37346e+38 
9.37289e+14 1.31278e+35 1.74141e+20 5.37669e+38 
9.3794e+14 1.31473e+35 1.74321e+20 5.37992e+38 
9.38591e+14 1.31668e+35 1.74501e+20 5.38315e+38 
9.39242e+14 1.31863e+35 1.7468e+20 5.38638e+38 
9.39895e+14 1.32058e+35 1.7486e+20 5.38961e+38 
9.40547e+14 1.32254e+35 1.7504e+20 5.39285e+38 
9.412e+14 1.32449e+35 1.7522e+20 5.39609e+38 
9.41854e+14 1.32645e+35 1.754e+20 5.39933e+38 
9.42508e+14 1.32841e+35 1.75579e+20 5.40257e+38 
9.43162e+14 1.33037e+35 1.75759e+20 5.40581e+38 
9.43817e+14 1.33233e+35 1.75939e+20 5.40905e+38 
9.44472e+14 1.3343e+35 1.76118e+20 5.4123e+38 
9.45128e+14 1.33626e+35 1.76298e+20 5.41555e+38 
9.45784e+14 1.33823e+35 1.76478e+20 5.41879e+38 
9.46441e+14 1.34019e+35 1.76657e+20 5.42204e+38 
9.47098e+14 1.34216e+35 1.76837e+20 5.4253e+38 
9.47755e+14 1.34413e+35 1.77017e+20 5.42855e+38 
9.48413e+14 1.3461e+35 1.77196e+20 5.4318e+38 
9.49072e+14 1.34808e+35 1.77376e+20 5.43506e+38 
9.49731e+14 1.35005e+35 1.77555e+20 5.43832e+38 
9.5039e+14 1.35203e+35 1.77735e+20 5.44158e+38 
9.5105e+14 1.354e+35 1.77914e+20 5.44484e+38 
9.5171e+14 1.35598e+35 1.78094e+20 5.4481e+38 
9.52371e+14 1.35796e+35 1.78273e+20 5.45137e+38 
9.53032e+14 1.35994e+35 1.78453e+20 5.45463e+38 
9.53694e+14 1.36192e+35 1.78632e+20 5.4579e+38 
9.54356e+14 1.36391e+35 1.78812e+20 5.46117e+38 
9.55019e+14 1.36589e+35 1.78991e+20 5.46444e+38 
9.55682e+14 1.36788e+35 1.7917e+20 5.46772e+38 
9.56345e+14 1.36987e+35 1.7935e+20 5.47099e+38 
9.57009e+14 1.37186e+35 1.79529e+20 5.47427e+38 
9.57674e+14 1.37385e+35 1.79708e+20 5.47754e+38 
9.58339e+14 1.37584e+35 1.79888e+20 5.48082e+38 
9.59004e+14 1.37783e+35 1.80067e+20 5.4841e+38 
9.5967e+14 1.37983e+35 1.80246e+20 5.48739e+38 
9.60336e+14 1.38182e+35 1.80425e+20 5.49067e+38 
9.61003e+14 1.38382e+35 1.80605e+20 5.49396e+38 
9.6167e+14 1.38582e+35 1.80784e+20 5.49724e+38 
9.62338e+14 1.38782e+35 1.80963e+20 5.50053e+38 
9.63006e+14 1.38982e+35 1.81142e+20 5.50382e+38 
9.63675e+14 1.39183e+35 1.81321e+20 5.50712e+38 
9.64344e+14 1.39383e+35 1.81501e+20 5.51041e+38 
9.65013e+14 1.39584e+35 1.8168e+20 5.51371e+38 
9.65683e+14 1.39784e+35 1.81859e+20 5.517e+38 
9.66354e+14 1.39985e+35 1.82038e+20 5.5203e+38 
9.67025e+14 1.40186e+35 1.82217e+20 5.5236e+38 
9.67696e+14 1.40387e+35 1.82396e+20 5.5269e+38 
9.68368e+14 1.40589e+35 1.82575e+20 5.53021e+38 
9.6904e+14 1.4079e+35 1.82754e+20 5.53351e+38 
9.69713e+14 1.40992e+35 1.82933e+20 5.53682e+38 
9.70386e+14 1.41193e+35 1.83112e+20 5.54013e+38 
9.7106e+14 1.41395e+35 1.83291e+20 5.54344e+38 
9.71734e+14 1.41597e+35 1.8347e+20 5.54675e+38 
9.72409e+14 1.41799e+35 1.83649e+20 5.55006e+38 
9.73084e+14 1.42001e+35 1.83828e+20 5.55338e+38 
9.7376e+14 1.42204e+35 1.84006e+20 5.5567e+38 
9.74436e+14 1.42406e+35 1.84185e+20 5.56001e+38 
9.75112e+14 1.42609e+35 1.84364e+20 5.56333e+38 
9.75789e+14 1.42812e+35 1.84543e+20 5.56666e+38 
9.76467e+14 1.43015e+35 1.84722e+20 5.56998e+38 
9.77145e+14 1.43218e+35 1.84901e+20 5.5733e+38 
9.77823e+14 1.43421e+35 1.85079e+20 5.57663e+38 
9.78502e+14 1.43625e+35 1.85258e+20 5.57996e+38 
9.79182e+14 1.43828e+35 1.85437e+20 5.58329e+38 
9.79861e+14 1.44032e+35 1.85615e+20 5.58662e+38 
9.80542e+14 1.44236e+35 1.85794e+20 5.58995e+38 
9.81223e+14 1.4444e+35 1.85973e+20 5.59329e+38 
9.81904e+14 1.44644e+35 1.86152e+20 5.59663e+38 
9.82586e+14 1.44848e+35 1.8633e+20 5.59996e+38 
9.83268e+14 1.45052e+35 1.86509e+20 5.6033e+38 
9.8395e+14 1.45257e+35 1.86687e+20 5.60664e+38 
9.84634e+14 1.45462e+35 1.86866e+20 5.60999e+38 
9.85317e+14 1.45666e+35 1.87045e+20 5.61333e+38 
9.86001e+14 1.45871e+35 1.87223e+20 5.61668e+38 
9.86686e+14 1.46076e+35 1.87402e+20 5.62003e+38 
9.87371e+14 1.46282e+35 1.8758e+20 5.62338e+38 
9.88056e+14 1.46487e+35 1.87759e+20 5.62673e+38 
9.88742e+14 1.46692e+35 1.87937e+20 5.63008e+38 
9.89429e+14 1.46898e+35 1.88116e+20 5.63344e+38 
9.90116e+14 1.47104e+35 1.88294e+20 5.63679e+38 
9.90803e+14 1.4731e+35 1.88472e+20 5.64015e+38 
9.91491e+14 1.47516e+35 1.88651e+20 5.64351e+38 
9.9218e+14 1.47722e+35 1.88829e+20 5.64687e+38 
9.92869e+14 1.47929e+35 1.89008e+20 5.65024e+38 
9.93558e+14 1.48135e+35 1.89186e+20 5.6536e+38 
9.94248e+14 1.48342e+35 1.89364e+20 5.65697e+38 
9.94938e+14 1.48549e+35 1.89543e+20 5.66033e+38 
9.95629e+14 1.48756e+35 1.89721e+20 5.6637e+38 
9.9632e+14 1.48963e+35 1.89899e+20 5.66708e+38 
9.97012e+14 1.4917e+35 1.90077e+20 5.67045e+38 
9.97704e+14 1.49377e+35 1.90256e+20 5.67382e+38 
9.98397e+14 1.49585e+35 1.90434e+20 5.6772e+38 
9.9909e+14 1.49792e+35 1.90612e+20 5.68058e+38 
9.99784e+14 1.5e+35 1.9079e+20 5.68396e+38 
1.00048e+15 1.50208e+35 1.90968e+20 5.68734e+38 
1.00117e+15 1.50416e+35 1.91147e+20 5.69072e+38 
1.00187e+15 1.50625e+35 1.91325e+20 5.69411e+38 
1.00256e+15 1.50833e+35 1.91503e+20 5.69749e+38 
1.00326e+15 1.51041e+35 1.91681e+20 5.70088e+38 
1.00396e+15 1.5125e+35 1.91859e+20 5.70427e+38 
1.00465e+15 1.51459e+35 1.92037e+20 5.70766e+38 
1.00535e+15 1.51668e+35 1.92215e+20 5.71106e+38 
1.00605e+15 1.51877e+35 1.92393e+20 5.71445e+38 
1.00675e+15 1.52086e+35 1.92571e+20 5.71785e+38 
1.00745e+15 1.52296e+35 1.92749e+20 5.72125e+38 
1.00815e+15 1.52505e+35 1.92927e+20 5.72465e+38 
1.00885e+15 1.52715e+35 1.93105e+20 5.72805e+38 
1.00955e+15 1.52925e+35 1.93283e+20 5.73145e+38 
1.01025e+15 1.53135e+35 1.93461e+20 5.73486e+38 
1.01095e+15 1.53345e+35 1.93639e+20 5.73826e+38 
1.01165e+15 1.53555e+35 1.93817e+20 5.74167e+38 
1.01235e+15 1.53766e+35 1.93995e+20 5.74508e+38 
1.01306e+15 1.53976e+35 1.94173e+20 5.74849e+38 
1.01376e+15 1.54187e+35 1.94351e+20 5.75191e+38 
1.01446e+15 1.54398e+35 1.94528e+20 5.75532e+38 
1.01517e+15 1.54609e+35 1.94706e+20 5.75874e+38 
1.01587e+15 1.5482e+35 1.94884e+20 5.76216e+38 
1.01658e+15 1.55031e+35 1.95062e+20 5.76558e+38 
1.01728e+15 1.55243e+35 1.95239e+20 5.769e+38 
1.01799e+15 1.55454e+35 1.95417e+20 5.77242e+38 
1.0187e+15 1.55666e+35 1.95595e+20 5.77585e+38 
1.0194e+15 1.55878e+35 1.95773e+20 5.77928e+38 
1.02011e+15 1.5609e+35 1.9595e+20 5.78271e+38 
1.02082e+15 1.56302e+35 1.96128e+20 5.78614e+38 
1.02153e+15 1.56514e+35 1.96306e+20 5.78957e+38 
1.02224e+15 1.56727e+35 1.96483e+20 5.793e+38 
1.02295e+15 1.5694e+35 1.96661e+20 5.79644e+38 
1.02366e+15 1.57152e+35 1.96838e+20 5.79988e+38 
1.02437e+15 1.57365e+35 1.97016e+20 5.80331e+38 
1.02508e+15 1.57578e+35 1.97194e+20 5.80675e+38 
1.02579e+15 1.57792e+35 1.97371e+20 5.8102e+38 
1.0265e+15 1.58005e+35 1.97549e+20 5.81364e+38 
1.02722e+15 1.58218e+35 1.97726e+20 5.81709e+38 
1.02793e+15 1.58432e+35 1.97904e+20 5.82053e+38 
1.02864e+15 1.58646e+35 1.98081e+20 5.82398e+38 
1.02936e+15 1.5886e+35 1.98259e+20 5.82744e+38 
1.03007e+15 1.59074e+35 1.98436e+20 5.83089e+38 
1.03079e+15 1.59288e+35 1.98614e+20 5.83434e+38 
1.0315e+15 1.59503e+35 1.98791e+20 5.8378e+38 
1.03222e+15 1.59717e+35 1.98968e+20 5.84126e+38 
1.03293e+15 1.59932e+35 1.99146e+20 5.84472e+38 
1.03365e+15 1.60147e+35 1.99323e+20 5.84818e+38 
1.03437e+15 1.60362e+35 1.995e+20 5.85164e+38 
1.03509e+15 1.60577e+35 1.99678e+20 5.8551e+38 
1.03581e+15 1.60792e+35 1.99855e+20 5.85857e+38 
1.03653e+15 1.61008e+35 2.00032e+20 5.86204e+38 
1.03725e+15 1.61223e+35 2.0021e+20 5.86551e+38 
1.03797e+15 1.61439e+35 2.00387e+20 5.86898e+38 
1.03869e+15 1.61655e+35 2.00564e+20 5.87245e+38 
1.03941e+15 1.61871e+35 2.00741e+20 5.87593e+38 
1.04013e+15 1.62087e+35 2.00919e+20 5.87941e+38 
1.04085e+15 1.62303e+35 2.01096e+20 5.88288e+38 
1.04157e+15 1.6252e+35 2.01273e+20 5.88636e+38 
1.0423e+15 1.62737e+35 2.0145e+20 5.88985e+38 
1.04302e+15 1.62953e+35 2.01627e+20 5.89333e+38 
1.04374e+15 1.6317e+35 2.01804e+20 5.89682e+38 
1.04447e+15 1.63387e+35 2.01982e+20 5.9003e+38 
1.04519e+15 1.63605e+35 2.02159e+20 5.90379e+38 
1.04592e+15 1.63822e+35 2.02336e+20 5.90728e+38 
1.04665e+15 1.6404e+35 2.02513e+20 5.91078e+38 
1.04737e+15 1.64257e+35 2.0269e+20 5.91427e+38 
1.0481e+15 1.64475e+35 2.02867e+20 5.91777e+38 
1.04883e+15 1.64693e+35 2.03044e+20 5.92126e+38 
1.04956e+15 1.64911e+35 2.03221e+20 5.92476e+38 
1.05029e+15 1.6513e+35 2.03398e+20 5.92826e+38 
1.05101e+15 1.65348e+35 2.03575e+20 5.93177e+38 
1.05174e+15 1.65567e+35 2.03752e+20 5.93527e+38 
1.05247e+15 1.65786e+35 2.03929e+20 5.93878e+38 
1.0532e+15 1.66004e+35 2.04106e+20 5.94228e+38 
1.05394e+15 1.66224e+35 2.04283e+20 5.94579e+38 
1.05467e+15 1.66443e+35 2.04459e+20 5.94931e+38 
1.0554e+15 1.66662e+35 2.04636e+20 5.95282e+38 
1.05613e+15 1.66882e+35 2.04813e+20 5.95633e+38 
1.05687e+15 1.67101e+35 2.0499e+20 5.95985e+38 
1.0576e+15 1.67321e+35 2.05167e+20 5.96337e+38 
1.05833e+15 1.67541e+35 2.05344e+20 5.96689e+38 
1.05907e+15 1.67761e+35 2.0552e+20 5.97041e+38 
1.0598e+15 1.67982e+35 2.05697e+20 5.97394e+38 
1.06054e+15 1.68202e+35 2.05874e+20 5.97746e+38 
1.06128e+15 1.68423e+35 2.06051e+20 5.98099e+38 
1.06201e+15 1.68643e+35 2.06227e+20 5.98452e+38 
1.06275e+15 1.68864e+35 2.06404e+20 5.98805e+38 
1.06349e+15 1.69085e+35 2.06581e+20 5.99158e+38 
1.06423e+15 1.69307e+35 2.06757e+20 5.99512e+38 
1.06497e+15 1.69528e+35 2.06934e+20 5.99865e+38 
1.06571e+15 1.69749e+35 2.07111e+20 6.00219e+38 
1.06645e+15 1.69971e+35 2.07287e+20 6.00573e+38 
1.06719e+15 1.70193e+35 2.07464e+20 6.00927e+38 
1.06793e+15 1.70415e+35 2.0764e+20 6.01281e+38 
1.06867e+15 1.70637e+35 2.07817e+20 6.01636e+38 
1.06941e+15 1.70859e+35 2.07994e+20 6.0199e+38 
1.07015e+15 1.71082e+35 2.0817e+20 6.02345e+38 
1.0709e+15 1.71304e+35 2.08347e+20 6.027e+38 
1.07164e+15 1.71527e+35 2.08523e+20 6.03056e+38 
1.07238e+15 1.7175e+35 2.087e+20 6.03411e+38 
1.07313e+15 1.71973e+35 2.08876e+20 6.03766e+38 
1.07387e+15 1.72196e+35 2.09053e+20 6.04122e+38 
1.07462e+15 1.7242e+35 2.09229e+20 6.04478e+38 
1.07536e+15 1.72643e+35 2.09405e+20 6.04834e+38 
1.07611e+15 1.72867e+35 2.09582e+20 6.0519e+38 
1.07686e+15 1.73091e+35 2.09758e+20 6.05547e+38 
1.07761e+15 1.73315e+35 2.09935e+20 6.05903e+38 
1.07835e+15 1.73539e+35 2.10111e+20 6.0626e+38 
1.0791e+15 1.73763e+35 2.10287e+20 6.06617e+38 
1.07985e+15 1.73988e+35 2.10464e+20 6.06974e+38 
1.0806e+15 1.74212e+35 2.1064e+20 6.07332e+38 
1.08135e+15 1.74437e+35 2.10816e+20 6.07689e+38 
1.0821e+15 1.74662e+35 2.10993e+20 6.08047e+38 
1.08285e+15 1.74887e+35 2.11169e+20 6.08405e+38 
1.08361e+15 1.75112e+35 2.11345e+20 6.08763e+38 
1.08436e+15 1.75338e+35 2.11521e+20 6.09121e+38 
1.08511e+15 1.75563e+35 2.11697e+20 6.09479e+38 
1.08586e+15 1.75789e+35 2.11874e+20 6.09838e+38 
1.08662e+15 1.76015e+35 2.1205e+20 6.10197e+38 
1.08737e+15 1.76241e+35 2.12226e+20 6.10556e+38 
1.08813e+15 1.76467e+35 2.12402e+20 6.10915e+38 
1.08888e+15 1.76693e+35 2.12578e+20 6.11274e+38 
1.08964e+15 1.7692e+35 2.12754e+20 6.11633e+38 
1.0904e+15 1.77146e+35 2.12931e+20 6.11993e+38 
1.09115e+15 1.77373e+35 2.13107e+20 6.12353e+38 
1.09191e+15 1.776e+35 2.13283e+20 6.12713e+38 
1.09267e+15 1.77827e+35 2.13459e+20 6.13073e+38 
1.09343e+15 1.78054e+35 2.13635e+20 6.13433e+38 
1.09419e+15 1.78282e+35 2.13811e+20 6.13794e+38 
1.09495e+15 1.78509e+35 2.13987e+20 6.14155e+38 
1.09571e+15 1.78737e+35 2.14163e+20 6.14516e+38 
1.09647e+15 1.78965e+35 2.14339e+20 6.14877e+38 
1.09723e+15 1.79193e+35 2.14515e+20 6.15238e+38 
1.09799e+15 1.79421e+35 2.14691e+20 6.15599e+38 
1.09875e+15 1.7965e+35 2.14867e+20 6.15961e+38 
1.09952e+15 1.79878e+35 2.15043e+20 6.16323e+38 
1.10028e+15 1.80107e+35 2.15218e+20 6.16685e+38 
1.10104e+15 1.80336e+35 2.15394e+20 6.17047e+38 
1.10181e+15 1.80565e+35 2.1557e+20 6.17409e+38 
1.10257e+15 1.80794e+35 2.15746e+20 6.17772e+38 
1.10334e+15 1.81023e+35 2.15922e+20 6.18135e+38 
1.1041e+15 1.81253e+35 2.16098e+20 6.18497e+38 
1.10487e+15 1.81483e+35 2.16274e+20 6.1886e+38 
1.10564e+15 1.81712e+35 2.16449e+20 6.19224e+38 
1.1064e+15 1.81942e+35 2.16625e+20 6.19587e+38 
1.10717e+15 1.82173e+35 2.16801e+20 6.19951e+38 
1.10794e+15 1.82403e+35 2.16977e+20 6.20315e+38 
1.10871e+15 1.82633e+35 2.17152e+20 6.20679e+38 
1.10948e+15 1.82864e+35 2.17328e+20 6.21043e+38 
1.11025e+15 1.83095e+35 2.17504e+20 6.21407e+38 
1.11102e+15 1.83326e+35 2.17679e+20 6.21772e+38 
1.11179e+15 1.83557e+35 2.17855e+20 6.22136e+38 
1.11257e+15 1.83788e+35 2.18031e+20 6.22501e+38 
1.11334e+15 1.84019e+35 2.18206e+20 6.22866e+38 
1.11411e+15 1.84251e+35 2.18382e+20 6.23231e+38 
1.11488e+15 1.84483e+35 2.18558e+20 6.23597e+38 
1.11566e+15 1.84715e+35 2.18733e+20 6.23962e+38 
1.11643e+15 1.84947e+35 2.18909e+20 6.24328e+38 
1.11721e+15 1.85179e+35 2.19084e+20 6.24694e+38 
1.11798e+15 1.85411e+35 2.1926e+20 6.2506e+38 
1.11876e+15 1.85644e+35 2.19435e+20 6.25427e+38 
1.11954e+15 1.85876e+35 2.19611e+20 6.25793e+38 
1.12031e+15 1.86109e+35 2.19786e+20 6.2616e+38 
1.12109e+15 1.86342e+35 2.19962e+20 6.26527e+38 
1.12187e+15 1.86576e+35 2.20137e+20 6.26894e+38 
1.12265e+15 1.86809e+35 2.20313e+20 6.27261e+38 
1.12343e+15 1.87042e+35 2.20488e+20 6.27629e+38 
1.12421e+15 1.87276e+35 2.20664e+20 6.27996e+38 
1.12499e+15 1.8751e+35 2.20839e+20 6.28364e+38 
1.12577e+15 1.87744e+35 2.21015e+20 6.28732e+38 
1.12655e+15 1.87978e+35 2.2119e+20 6.291e+38 
1.12733e+15 1.88212e+35 2.21365e+20 6.29468e+38 
1.12812e+15 1.88447e+35 2.21541e+20 6.29837e+38 
1.1289e+15 1.88682e+35 2.21716e+20 6.30206e+38 
1.12968e+15 1.88916e+35 2.21891e+20 6.30575e+38 
1.13047e+15 1.89151e+35 2.22067e+20 6.30944e+38 
1.13125e+15 1.89386e+35 2.22242e+20 6.31313e+38 
1.13204e+15 1.89622e+35 2.22417e+20 6.31682e+38 
1.13282e+15 1.89857e+35 2.22592e+20 6.32052e+38 
1.13361e+15 1.90093e+35 2.22768e+20 6.32422e+38 
1.1344e+15 1.90329e+35 2.22943e+20 6.32792e+38 
1.13519e+15 1.90565e+35 2.23118e+20 6.33162e+38 
1.13597e+15 1.90801e+35 2.23293e+20 6.33533e+38 
1.13676e+15 1.91037e+35 2.23468e+20 6.33903e+38 
1.13755e+15 1.91273e+35 2.23644e+20 6.34274e+38 
1.13834e+15 1.9151e+35 2.23819e+20 6.34645e+38 
1.13913e+15 1.91747e+35 2.23994e+20 6.35016e+38 
1.13992e+15 1.91984e+35 2.24169e+20 6.35387e+38 
1.14071e+15 1.92221e+35 2.24344e+20 6.35759e+38 
1.14151e+15 1.92458e+35 2.24519e+20 6.3613e+38 
1.1423e+15 1.92696e+35 2.24694e+20 6.36502e+38 
1.14309e+15 1.92933e+35 2.24869e+20 6.36874e+38 
1.14389e+15 1.93171e+35 2.25044e+20 6.37246e+38 
1.14468e+15 1.93409e+35 2.25219e+20 6.37619e+38 
1.14547e+15 1.93647e+35 2.25394e+20 6.37992e+38 
1.14627e+15 1.93885e+35 2.25569e+20 6.38364e+38 
1.14707e+15 1.94124e+35 2.25744e+20 6.38737e+38 
1.14786e+15 1.94362e+35 2.25919e+20 6.3911e+38 
1.14866e+15 1.94601e+35 2.26094e+20 6.39484e+38 
1.14946e+15 1.9484e+35 2.26269e+20 6.39857e+38 
1.15025e+15 1.95079e+35 2.26444e+20 6.40231e+38 
1.15105e+15 1.95318e+35 2.26619e+20 6.40605e+38 
1.15185e+15 1.95558e+35 2.26794e+20 6.40979e+38 
1.15265e+15 1.95797e+35 2.26969e+20 6.41353e+38 
1.15345e+15 1.96037e+35 2.27144e+20 6.41728e+38 
1.15425e+15 1.96277e+35 2.27319e+20 6.42102e+38 
1.15505e+15 1.96517e+35 2.27494e+20 6.42477e+38 
1.15586e+15 1.96757e+35 2.27668e+20 6.42852e+38 
1.15666e+15 1.96998e+35 2.27843e+20 6.43228e+38 
1.15746e+15 1.97238e+35 2.28018e+20 6.43603e+38 
1.15827e+15 1.97479e+35 2.28193e+20 6.43979e+38 
1.15907e+15 1.9772e+35 2.28368e+20 6.44354e+38 
1.15987e+15 1.97961e+35 2.28542e+20 6.4473e+38 
1.16068e+15 1.98202e+35 2.28717e+20 6.45107e+38 
1.16149e+15 1.98444e+35 2.28892e+20 6.45483e+38 
1.16229e+15 1.98685e+35 2.29066e+20 6.45859e+38 
1.1631e+15 1.98927e+35 2.29241e+20 6.46236e+38 
1.16391e+15 1.99169e+35 2.29416e+20 6.46613e+38 
1.16471e+15 1.99411e+35 2.2959e+20 6.4699e+38 
1.16552e+15 1.99653e+35 2.29765e+20 6.47367e+38 
1.16633e+15 1.99896e+35 2.2994e+20 6.47745e+38 
1.16714e+15 2.00138e+35 2.30114e+20 6.48123e+38 
1.16795e+15 2.00381e+35 2.30289e+20 6.485e+38 
1.16876e+15 2.00624e+35 2.30464e+20 6.48878e+38 
1.16958e+15 2.00867e+35 2.30638e+20 6.49257e+38 
1.17039e+15 2.01111e+35 2.30813e+20 6.49635e+38 
1.1712e+15 2.01354e+35 2.30987e+20 6.50014e+38 
1.17201e+15 2.01598e+35 2.31162e+20 6.50393e+38 
1.17283e+15 2.01841e+35 2.31336e+20 6.50772e+38 
1.17364e+15 2.02085e+35 2.31511e+20 6.51151e+38 
1.17446e+15 2.02329e+35 2.31685e+20 6.5153e+38 
1.17527e+15 2.02574e+35 2.3186e+20 6.5191e+38 
1.17609e+15 2.02818e+35 2.32034e+20 6.52289e+38 
1.1769e+15 2.03063e+35 2.32209e+20 6.52669e+38 
1.17772e+15 2.03308e+35 2.32383e+20 6.53049e+38 
1.17854e+15 2.03553e+35 2.32558e+20 6.5343e+38 
1.17936e+15 2.03798e+35 2.32732e+20 6.5381e+38 
1.18018e+15 2.04043e+35 2.32906e+20 6.54191e+38 
1.181e+15 2.04288e+35 2.33081e+20 6.54572e+38 
1.18182e+15 2.04534e+35 2.33255e+20 6.54953e+38 
1.18264e+15 2.0478e+35 2.33429e+20 6.55334e+38 
1.18346e+15 2.05026e+35 2.33604e+20 6.55716e+38 
1.18428e+15 2.05272e+35 2.33778e+20 6.56097e+38 
1.1851e+15 2.05518e+35 2.33952e+20 6.56479e+38 
1.18592e+15 2.05765e+35 2.34127e+20 6.56861e+38 
1.18675e+15 2.06012e+35 2.34301e+20 6.57243e+38 
1.18757e+15 2.06258e+35 2.34475e+20 6.57626e+38 
1.1884e+15 2.06505e+35 2.34649e+20 6.58008e+38 
1.18922e+15 2.06753e+35 2.34824e+20 6.58391e+38 
1.19005e+15 2.07e+35 2.34998e+20 6.58774e+38 
1.19087e+15 2.07248e+35 2.35172e+20 6.59157e+38 
1.1917e+15 2.07495e+35 2.35346e+20 6.59541e+38 
1.19253e+15 2.07743e+35 2.35521e+20 6.59924e+38 
1.19335e+15 2.07991e+35 2.35695e+20 6.60308e+38 
1.19418e+15 2.08239e+35 2.35869e+20 6.60692e+38 
1.19501e+15 2.08488e+35 2.36043e+20 6.61076e+38 
1.19584e+15 2.08736e+35 2.36217e+20 6.61461e+38 
1.19667e+15 2.08985e+35 2.36391e+20 6.61845e+38 
1.1975e+15 2.09234e+35 2.36565e+20 6.6223e+38 
1.19833e+15 2.09483e+35 2.36739e+20 6.62615e+38 
1.19917e+15 2.09732e+35 2.36913e+20 6.63e+38 
1.2e+15 2.09982e+35 2.37087e+20 6.63385e+38 
1.20083e+15 2.10231e+35 2.37262e+20 6.63771e+38 
1.20167e+15 2.10481e+35 2.37436e+20 6.64156e+38 
1.2025e+15 2.10731e+35 2.3761e+20 6.64542e+38 
1.20334e+15 2.10981e+35 2.37784e+20 6.64928e+38 
1.20417e+15 2.11232e+35 2.37958e+20 6.65314e+38 
1.20501e+15 2.11482e+35 2.38131e+20 6.65701e+38 
1.20584e+15 2.11733e+35 2.38305e+20 6.66088e+38 
1.20668e+15 2.11983e+35 2.38479e+20 6.66474e+38 
1.20752e+15 2.12234e+35 2.38653e+20 6.66861e+38 
1.20836e+15 2.12486e+35 2.38827e+20 6.67249e+38 
1.2092e+15 2.12737e+35 2.39001e+20 6.67636e+38 
1.21004e+15 2.12988e+35 2.39175e+20 6.68024e+38 
1.21088e+15 2.1324e+35 2.39349e+20 6.68412e+38 
1.21172e+15 2.13492e+35 2.39523e+20 6.688e+38 
1.21256e+15 2.13744e+35 2.39697e+20 6.69188e+38 
1.2134e+15 2.13996e+35 2.3987e+20 6.69576e+38 
1.21424e+15 2.14249e+35 2.40044e+20 6.69965e+38 
1.21508e+15 2.14501e+35 2.40218e+20 6.70353e+38 
1.21593e+15 2.14754e+35 2.40392e+20 6.70742e+38 
1.21677e+15 2.15007e+35 2.40566e+20 6.71132e+38 
1.21762e+15 2.1526e+35 2.40739e+20 6.71521e+38 
1.21846e+15 2.15513e+35 2.40913e+20 6.71911e+38 
1.21931e+15 2.15767e+35 2.41087e+20 6.723e+38 
1.22016e+15 2.1602e+35 2.41261e+20 6.7269e+38 
1.221e+15 2.16274e+35 2.41434e+20 6.7308e+38 
1.22185e+15 2.16528e+35 2.41608e+20 6.73471e+38 
1.2227e+15 2.16782e+35 2.41782e+20 6.73861e+38 
1.22355e+15 2.17037e+35 2.41955e+20 6.74252e+38 
1.2244e+15 2.17291e+35 2.42129e+20 6.74643e+38 
1.22525e+15 2.17546e+35 2.42303e+20 6.75034e+38 
1.2261e+15 2.17801e+35 2.42476e+20 6.75425e+38 
1.22695e+15 2.18056e+35 2.4265e+20 6.75817e+38 
1.2278e+15 2.18311e+35 2.42823e+20 6.76209e+38 
1.22865e+15 2.18566e+35 2.42997e+20 6.76601e+38 
1.22951e+15 2.18822e+35 2.4317e+20 6.76993e+38 
1.23036e+15 2.19077e+35 2.43344e+20 6.77385e+38 
1.23121e+15 2.19333e+35 2.43518e+20 6.77777e+38 
1.23207e+15 2.19589e+35 2.43691e+20 6.7817e+38 
1.23292e+15 2.19846e+35 2.43865e+20 6.78563e+38 
1.23378e+15 2.20102e+35 2.44038e+20 6.78956e+38 
1.23464e+15 2.20359e+35 2.44212e+20 6.79349e+38 
1.23549e+15 2.20616e+35 2.44385e+20 6.79743e+38 
1.23635e+15 2.20873e+35 2.44559e+20 6.80137e+38 
1.23721e+15 2.2113e+35 2.44732e+20 6.8053e+38 
1.23807e+15 2.21387e+35 2.44905e+20 6.80925e+38 
1.23893e+15 2.21645e+35 2.45079e+20 6.81319e+38 
1.23979e+15 2.21902e+35 2.45252e+20 6.81713e+38 
1.24065e+15 2.2216e+35 2.45426e+20 6.82108e+38 
1.24151e+15 2.22418e+35 2.45599e+20 6.82503e+38 
1.24237e+15 2.22677e+35 2.45772e+20 6.82898e+38 
1.24324e+15 2.22935e+35 2.45946e+20 6.83293e+38 
1.2441e+15 2.23194e+35 2.46119e+20 6.83689e+38 
1.24496e+15 2.23452e+35 2.46292e+20 6.84084e+38 
1.24583e+15 2.23711e+35 2.46466e+20 6.8448e+38 
1.24669e+15 2.2397e+35 2.46639e+20 6.84876e+38 
1.24756e+15 2.2423e+35 2.46812e+20 6.85272e+38 
1.24842e+15 2.24489e+35 2.46986e+20 6.85669e+38 
1.24929e+15 2.24749e+35 2.47159e+20 6.86066e+38 
1.25016e+15 2.25009e+35 2.47332e+20 6.86462e+38 
1.25103e+15 2.25269e+35 2.47505e+20 6.86859e+38 
1.25189e+15 2.25529e+35 2.47678e+20 6.87257e+38 
1.25276e+15 2.25789e+35 2.47852e+20 6.87654e+38 
1.25363e+15 2.2605e+35 2.48025e+20 6.88052e+38 
1.2545e+15 2.26311e+35 2.48198e+20 6.8845e+38 
1.25538e+15 2.26572e+35 2.48371e+20 6.88848e+38 
1.25625e+15 2.26833e+35 2.48544e+20 6.89246e+38 
1.25712e+15 2.27094e+35 2.48718e+20 6.89644e+38 
1.25799e+15 2.27356e+35 2.48891e+20 6.90043e+38 
1.25887e+15 2.27617e+35 2.49064e+20 6.90442e+38 
1.25974e+15 2.27879e+35 2.49237e+20 6.90841e+38 
1.26061e+15 2.28141e+35 2.4941e+20 6.9124e+38 
1.26149e+15 2.28403e+35 2.49583e+20 6.9164e+38 
1.26236e+15 2.28666e+35 2.49756e+20 6.92039e+38 
1.26324e+15 2.28928e+35 2.49929e+20 6.92439e+38 
1.26412e+15 2.29191e+35 2.50102e+20 6.92839e+38 
1.265e+15 2.29454e+35 2.50275e+20 6.93239e+38 
1.26587e+15 2.29717e+35 2.50448e+20 6.9364e+38 
1.26675e+15 2.2998e+35 2.50621e+20 6.94041e+38 
1.26763e+15 2.30244e+35 2.50794e+20 6.94441e+38 
1.26851e+15 2.30508e+35 2.50967e+20 6.94842e+38 
1.26939e+15 2.30771e+35 2.5114e+20 6.95244e+38 
1.27028e+15 2.31035e+35 2.51313e+20 6.95645e+38 
1.27116e+15 2.313e+35 2.51486e+20 6.96047e+38 
1.27204e+15 2.31564e+35 2.51659e+20 6.96449e+38 
1.27292e+15 2.31829e+35 2.51832e+20 6.96851e+38 
1.27381e+15 2.32093e+35 2.52005e+20 6.97253e+38 
1.27469e+15 2.32358e+35 2.52177e+20 6.97655e+38 
1.27558e+15 2.32623e+35 2.5235e+20 6.98058e+38 
1.27646e+15 2.32889e+35 2.52523e+20 6.98461e+38 
1.27735e+15 2.33154e+35 2.52696e+20 6.98864e+38 
1.27823e+15 2.3342e+35 2.52869e+20 6.99267e+38 
1.27912e+15 2.33686e+35 2.53042e+20 6.99671e+38 
1.28001e+15 2.33952e+35 2.53214e+20 7.00074e+38 
1.2809e+15 2.34218e+35 2.53387e+20 7.00478e+38 
1.28179e+15 2.34485e+35 2.5356e+20 7.00882e+38 
1.28268e+15 2.34751e+35 2.53733e+20 7.01287e+38 
1.28357e+15 2.35018e+35 2.53906e+20 7.01691e+38 
1.28446e+15 2.35285e+35 2.54078e+20 7.02096e+38 
1.28535e+15 2.35552e+35 2.54251e+20 7.02501e+38 
1.28624e+15 2.3582e+35 2.54424e+20 7.02906e+38 
1.28714e+15 2.36087e+35 2.54596e+20 7.03311e+38 
1.28803e+15 2.36355e+35 2.54769e+20 7.03717e+38 
1.28893e+15 2.36623e+35 2.54942e+20 7.04122e+38 
1.28982e+15 2.36891e+35 2.55114e+20 7.04528e+38 
1.29072e+15 2.37159e+35 2.55287e+20 7.04934e+38 
1.29161e+15 2.37428e+35 2.5546e+20 7.05341e+38 
1.29251e+15 2.37696e+35 2.55632e+20 7.05747e+38 
1.29341e+15 2.37965e+35 2.55805e+20 7.06154e+38 
1.2943e+15 2.38234e+35 2.55977e+20 7.06561e+38 
1.2952e+15 2.38503e+35 2.5615e+20 7.06968e+38 
1.2961e+15 2.38773e+35 2.56323e+20 7.07375e+38 
1.297e+15 2.39042e+35 2.56495e+20 7.07783e+38 
1.2979e+15 2.39312e+35 2.56668e+20 7.08191e+38 
1.2988e+15 2.39582e+35 2.5684e+20 7.08599e+38 
1.29971e+15 2.39852e+35 2.57013e+20 7.09007e+38 
1.30061e+15 2.40123e+35 2.57185e+20 7.09415e+38 
1.30151e+15 2.40393e+35 2.57358e+20 7.09824e+38 
1.30241e+15 2.40664e+35 2.5753e+20 7.10233e+38 
1.30332e+15 2.40935e+35 2.57703e+20 7.10642e+38 
1.30422e+15 2.41206e+35 2.57875e+20 7.11051e+38 
1.30513e+15 2.41477e+35 2.58048e+20 7.1146e+38 
1.30603e+15 2.41749e+35 2.5822e+20 7.1187e+38 
1.30694e+15 2.4202e+35 2.58392e+20 7.1228e+38 
1.30785e+15 2.42292e+35 2.58565e+20 7.1269e+38 
1.30876e+15 2.42564e+35 2.58737e+20 7.131e+38 
1.30967e+15 2.42836e+35 2.5891e+20 7.1351e+38 
1.31058e+15 2.43109e+35 2.59082e+20 7.13921e+38 
1.31149e+15 2.43381e+35 2.59254e+20 7.14332e+38 
1.3124e+15 2.43654e+35 2.59427e+20 7.14743e+38 
1.31331e+15 2.43927e+35 2.59599e+20 7.15154e+38 
1.31422e+15 2.442e+35 2.59771e+20 7.15565e+38 
1.31513e+15 2.44474e+35 2.59944e+20 7.15977e+38 
1.31604e+15 2.44747e+35 2.60116e+20 7.16389e+38 
1.31696e+15 2.45021e+35 2.60288e+20 7.16801e+38 
1.31787e+15 2.45295e+35 2.6046e+20 7.17213e+38 
1.31879e+15 2.45569e+35 2.60633e+20 7.17626e+38 
1.3197e+15 2.45843e+35 2.60805e+20 7.18038e+38 
1.32062e+15 2.46118e+35 2.60977e+20 7.18451e+38 
1.32154e+15 2.46392e+35 2.61149e+20 7.18864e+38 
1.32245e+15 2.46667e+35 2.61321e+20 7.19278e+38 
1.32337e+15 2.46942e+35 2.61494e+20 7.19691e+38 
1.32429e+15 2.47218e+35 2.61666e+20 7.20105e+38 
1.32521e+15 2.47493e+35 2.61838e+20 7.20519e+38 
1.32613e+15 2.47769e+35 2.6201e+20 7.20933e+38 
1.32705e+15 2.48045e+35 2.62182e+20 7.21347e+38 
1.32797e+15 2.48321e+35 2.62354e+20 7.21762e+38 
1.32889e+15 2.48597e+35 2.62527e+20 7.22177e+38 
1.32982e+15 2.48873e+35 2.62699e+20 7.22592e+38 
1.33074e+15 2.4915e+35 2.62871e+20 7.23007e+38 
1.33166e+15 2.49427e+35 2.63043e+20 7.23422e+38 
1.33259e+15 2.49704e+35 2.63215e+20 7.23838e+38 
1.33351e+15 2.49981e+35 2.63387e+20 7.24254e+38 
1.33444e+15 2.50258e+35 2.63559e+20 7.2467e+38 
1.33537e+15 2.50536e+35 2.63731e+20 7.25086e+38 
1.33629e+15 2.50814e+35 2.63903e+20 7.25502e+38 
1.33722e+15 2.51091e+35 2.64075e+20 7.25919e+38 
1.33815e+15 2.5137e+35 2.64247e+20 7.26336e+38 
1.33908e+15 2.51648e+35 2.64419e+20 7.26753e+38 
1.34001e+15 2.51926e+35 2.64591e+20 7.2717e+38 
1.34094e+15 2.52205e+35 2.64763e+20 7.27588e+38 
1.34187e+15 2.52484e+35 2.64935e+20 7.28006e+38 
1.3428e+15 2.52763e+35 2.65107e+20 7.28423e+38 
1.34373e+15 2.53043e+35 2.65279e+20 7.28842e+38 
1.34467e+15 2.53322e+35 2.65451e+20 7.2926e+38 
1.3456e+15 2.53602e+35 2.65622e+20 7.29678e+38 
1.34653e+15 2.53882e+35 2.65794e+20 7.30097e+38 
1.34747e+15 2.54162e+35 2.65966e+20 7.30516e+38 
1.3484e+15 2.54442e+35 2.66138e+20 7.30935e+38 
1.34934e+15 2.54722e+35 2.6631e+20 7.31355e+38 
1.35028e+15 2.55003e+35 2.66482e+20 7.31774e+38 
1.35122e+15 2.55284e+35 2.66654e+20 7.32194e+38 
1.35215e+15 2.55565e+35 2.66825e+20 7.32614e+38 
1.35309e+15 2.55846e+35 2.66997e+20 7.33034e+38 
1.35403e+15 2.56128e+35 2.67169e+20 7.33455e+38 
1.35497e+15 2.56409e+35 2.67341e+20 7.33876e+38 
1.35591e+15 2.56691e+35 2.67512e+20 7.34296e+38 
1.35685e+15 2.56973e+35 2.67684e+20 7.34717e+38 
1.3578e+15 2.57255e+35 2.67856e+20 7.35139e+38 
1.35874e+15 2.57538e+35 2.68028e+20 7.3556e+38 
1.35968e+15 2.57821e+35 2.68199e+20 7.35982e+38 
1.36063e+15 2.58103e+35 2.68371e+20 7.36404e+38 
1.36157e+15 2.58386e+35 2.68543e+20 7.36826e+38 
1.36252e+15 2.5867e+35 2.68714e+20 7.37248e+38 
1.36346e+15 2.58953e+35 2.68886e+20 7.37671e+38 
1.36441e+15 2.59237e+35 2.69058e+20 7.38094e+38 
1.36536e+15 2.5952e+35 2.69229e+20 7.38517e+38 
1.3663e+15 2.59804e+35 2.69401e+20 7.3894e+38 
1.36725e+15 2.60089e+35 2.69573e+20 7.39363e+38 
1.3682e+15 2.60373e+35 2.69744e+20 7.39787e+38 
1.36915e+15 2.60658e+35 2.69916e+20 7.40211e+38 
1.3701e+15 2.60942e+35 2.70087e+20 7.40635e+38 
1.37105e+15 2.61227e+35 2.70259e+20 7.41059e+38 
1.37201e+15 2.61512e+35 2.70431e+20 7.41484e+38 
1.37296e+15 2.61798e+35 2.70602e+20 7.41908e+38 
1.37391e+15 2.62083e+35 2.70774e+20 7.42333e+38 
1.37487e+15 2.62369e+35 2.70945e+20 7.42758e+38 
1.37582e+15 2.62655e+35 2.71117e+20 7.43184e+38 
1.37678e+15 2.62941e+35 2.71288e+20 7.43609e+38 
1.37773e+15 2.63228e+35 2.7146e+20 7.44035e+38 
1.37869e+15 2.63514e+35 2.71631e+20 7.44461e+38 
1.37965e+15 2.63801e+35 2.71803e+20 7.44887e+38 
1.3806e+15 2.64088e+35 2.71974e+20 7.45314e+38 
1.38156e+15 2.64375e+35 2.72145e+20 7.4574e+38 
1.38252e+15 2.64663e+35 2.72317e+20 7.46167e+38 
1.38348e+15 2.6495e+35 2.72488e+20 7.46594e+38 
1.38444e+15 2.65238e+35 2.7266e+20 7.47021e+38 
1.3854e+15 2.65526e+35 2.72831e+20 7.47449e+38 
1.38636e+15 2.65814e+35 2.73002e+20 7.47876e+38 
1.38733e+15 2.66102e+35 2.73174e+20 7.48304e+38 
1.38829e+15 2.66391e+35 2.73345e+20 7.48733e+38 
1.38925e+15 2.6668e+35 2.73516e+20 7.49161e+38 
1.39022e+15 2.66969e+35 2.73688e+20 7.49589e+38 
1.39118e+15 2.67258e+35 2.73859e+20 7.50018e+38 
1.39215e+15 2.67547e+35 2.7403e+20 7.50447e+38 
1.39312e+15 2.67837e+35 2.74202e+20 7.50876e+38 
1.39408e+15 2.68127e+35 2.74373e+20 7.51306e+38 
1.39505e+15 2.68417e+35 2.74544e+20 7.51735e+38 
1.39602e+15 2.68707e+35 2.74716e+20 7.52165e+38 
1.39699e+15 2.68997e+35 2.74887e+20 7.52595e+38 
1.39796e+15 2.69288e+35 2.75058e+20 7.53026e+38 
1.39893e+15 2.69578e+35 2.75229e+20 7.53456e+38 
1.3999e+15 2.69869e+35 2.754e+20 7.53887e+38 
1.40087e+15 2.70161e+35 2.75572e+20 7.54318e+38 
1.40185e+15 2.70452e+35 2.75743e+20 7.54749e+38 
1.40282e+15 2.70744e+35 2.75914e+20 7.5518e+38 
1.40379e+15 2.71035e+35 2.76085e+20 7.55612e+38 
1.40477e+15 2.71327e+35 2.76256e+20 7.56044e+38 
1.40574e+15 2.7162e+35 2.76427e+20 7.56476e+38 
1.40672e+15 2.71912e+35 2.76599e+20 7.56908e+38 
1.4077e+15 2.72205e+35 2.7677e+20 7.5734e+38 
1.40867e+15 2.72497e+35 2.76941e+20 7.57773e+38 
1.40965e+15 2.7279e+35 2.77112e+20 7.58206e+38 
1.41063e+15 2.73084e+35 2.77283e+20 7.58639e+38 
1.41161e+15 2.73377e+35 2.77454e+20 7.59073e+38 
1.41259e+15 2.73671e+35 2.77625e+20 7.59506e+38 
1.41357e+15 2.73964e+35 2.77796e+20 7.5994e+38 
1.41455e+15 2.74258e+35 2.77967e+20 7.60374e+38 
1.41553e+15 2.74553e+35 2.78138e+20 7.60808e+38 
1.41652e+15 2.74847e+35 2.78309e+20 7.61242e+38 
1.4175e+15 2.75142e+35 2.7848e+20 7.61677e+38 
1.41848e+15 2.75437e+35 2.78651e+20 7.62112e+38 
1.41947e+15 2.75732e+35 2.78822e+20 7.62547e+38 
1.42045e+15 2.76027e+35 2.78993e+20 7.62982e+38 
1.42144e+15 2.76322e+35 2.79164e+20 7.63418e+38 
1.42243e+15 2.76618e+35 2.79335e+20 7.63854e+38 
1.42341e+15 2.76914e+35 2.79506e+20 7.6429e+38 
1.4244e+15 2.7721e+35 2.79677e+20 7.64726e+38 
1.42539e+15 2.77506e+35 2.79848e+20 7.65162e+38 
1.42638e+15 2.77803e+35 2.80019e+20 7.65599e+38 
1.42737e+15 2.78099e+35 2.8019e+20 7.66036e+38 
1.42836e+15 2.78396e+35 2.80361e+20 7.66473e+38 
1.42935e+15 2.78693e+35 2.80531e+20 7.6691e+38 
1.43035e+15 2.78991e+35 2.80702e+20 7.67347e+38 
1.43134e+15 2.79288e+35 2.80873e+20 7.67785e+38 
1.43233e+15 2.79586e+35 2.81044e+20 7.68223e+38 
1.43333e+15 2.79884e+35 2.81215e+20 7.68661e+38 
1.43432e+15 2.80182e+35 2.81386e+20 7.691e+38 
1.43532e+15 2.8048e+35 2.81556e+20 7.69538e+38 
1.43632e+15 2.80779e+35 2.81727e+20 7.69977e+38 
1.43731e+15 2.81078e+35 2.81898e+20 7.70416e+38 
1.43831e+15 2.81377e+35 2.82069e+20 7.70855e+38 
1.43931e+15 2.81676e+35 2.82239e+20 7.71295e+38 
1.44031e+15 2.81975e+35 2.8241e+20 7.71735e+38 
1.44131e+15 2.82275e+35 2.82581e+20 7.72175e+38 
1.44231e+15 2.82575e+35 2.82752e+20 7.72615e+38 
1.44331e+15 2.82875e+35 2.82922e+20 7.73055e+38 
1.44431e+15 2.83175e+35 2.83093e+20 7.73496e+38 
1.44532e+15 2.83475e+35 2.83264e+20 7.73937e+38 
1.44632e+15 2.83776e+35 2.83434e+20 7.74378e+38 
1.44732e+15 2.84077e+35 2.83605e+20 7.74819e+38 
1.44833e+15 2.84378e+35 2.83776e+20 7.7526e+38 
1.44933e+15 2.84679e+35 2.83946e+20 7.75702e+38 
1.45034e+15 2.8498e+35 2.84117e+20 7.76144e+38 
1.45135e+15 2.85282e+35 2.84288e+20 7.76586e+38 
1.45236e+15 2.85584e+35 2.84458e+20 7.77028e+38 
1.45336e+15 2.85886e+35 2.84629e+20 7.77471e+38 
1.45437e+15 2.86188e+35 2.84799e+20 7.77914e+38 
1.45538e+15 2.86491e+35 2.8497e+20 7.78357e+38 
1.45639e+15 2.86794e+35 2.85141e+20 7.788e+38 
1.4574e+15 2.87097e+35 2.85311e+20 7.79244e+38 
1.45842e+15 2.874e+35 2.85482e+20 7.79687e+38 
1.45943e+15 2.87703e+35 2.85652e+20 7.80131e+38 
1.46044e+15 2.88007e+35 2.85823e+20 7.80576e+38 
1.46146e+15 2.8831e+35 2.85993e+20 7.8102e+38 
1.46247e+15 2.88614e+35 2.86164e+20 7.81465e+38 
1.46349e+15 2.88919e+35 2.86334e+20 7.81909e+38 
1.4645e+15 2.89223e+35 2.86505e+20 7.82354e+38 
1.46552e+15 2.89528e+35 2.86675e+20 7.828e+38 
1.46654e+15 2.89832e+35 2.86846e+20 7.83245e+38 
1.46755e+15 2.90137e+35 2.87016e+20 7.83691e+38 
1.46857e+15 2.90443e+35 2.87187e+20 7.84137e+38 
1.46959e+15 2.90748e+35 2.87357e+20 7.84583e+38 
1.47061e+15 2.91054e+35 2.87527e+20 7.8503e+38 
1.47163e+15 2.9136e+35 2.87698e+20 7.85476e+38 
1.47266e+15 2.91666e+35 2.87868e+20 7.85923e+38 
1.47368e+15 2.91972e+35 2.88039e+20 7.8637e+38 
1.4747e+15 2.92279e+35 2.88209e+20 7.86818e+38 
1.47573e+15 2.92585e+35 2.88379e+20 7.87265e+38 
1.47675e+15 2.92892e+35 2.8855e+20 7.87713e+38 
1.47778e+15 2.932e+35 2.8872e+20 7.88161e+38 
1.4788e+15 2.93507e+35 2.8889e+20 7.88609e+38 
1.47983e+15 2.93814e+35 2.89061e+20 7.89057e+38 
1.48086e+15 2.94122e+35 2.89231e+20 7.89506e+38 
1.48188e+15 2.9443e+35 2.89401e+20 7.89955e+38 
1.48291e+15 2.94739e+35 2.89571e+20 7.90404e+38 
1.48394e+15 2.95047e+35 2.89742e+20 7.90854e+38 
1.48497e+15 2.95356e+35 2.89912e+20 7.91303e+38 
1.486e+15 2.95665e+35 2.90082e+20 7.91753e+38 
1.48704e+15 2.95974e+35 2.90252e+20 7.92203e+38 
1.48807e+15 2.96283e+35 2.90423e+20 7.92653e+38 
1.4891e+15 2.96592e+35 2.90593e+20 7.93104e+38 
1.49013e+15 2.96902e+35 2.90763e+20 7.93554e+38 
1.49117e+15 2.97212e+35 2.90933e+20 7.94005e+38 
1.4922e+15 2.97522e+35 2.91103e+20 7.94457e+38 
1.49324e+15 2.97833e+35 2.91274e+20 7.94908e+38 
1.49428e+15 2.98143e+35 2.91444e+20 7.9536e+38 
1.49532e+15 2.98454e+35 2.91614e+20 7.95811e+38 
1.49635e+15 2.98765e+35 2.91784e+20 7.96263e+38 
1.49739e+15 2.99076e+35 2.91954e+20 7.96716e+38 
1.49843e+15 2.99388e+35 2.92124e+20 7.97168e+38 
1.49947e+15 2.99699e+35 2.92294e+20 7.97621e+38 
1.50051e+15 3.00011e+35 2.92465e+20 7.98074e+38 
1.50156e+15 3.00323e+35 2.92635e+20 7.98527e+38 
1.5026e+15 3.00636e+35 2.92805e+20 7.98981e+38 
1.50364e+15 3.00948e+35 2.92975e+20 7.99434e+38 
1.50468e+15 3.01261e+35 2.93145e+20 7.99888e+38 
1.50573e+15 3.01574e+35 2.93315e+20 8.00342e+38 
1.50678e+15 3.01887e+35 2.93485e+20 8.00797e+38 
1.50782e+15 3.02201e+35 2.93655e+20 8.01251e+38 
1.50887e+15 3.02514e+35 2.93825e+20 8.01706e+38 
1.50992e+15 3.02828e+35 2.93995e+20 8.02161e+38 
1.51096e+15 3.03142e+35 2.94165e+20 8.02617e+38 
1.51201e+15 3.03457e+35 2.94335e+20 8.03072e+38 
1.51306e+15 3.03771e+35 2.94505e+20 8.03528e+38 
1.51411e+15 3.04086e+35 2.94675e+20 8.03984e+38 
1.51516e+15 3.04401e+35 2.94845e+20 8.0444e+38 
1.51622e+15 3.04716e+35 2.95015e+20 8.04897e+38 
1.51727e+15 3.05031e+35 2.95185e+20 8.05353e+38 
1.51832e+15 3.05347e+35 2.95355e+20 8.0581e+38 
1.51938e+15 3.05663e+35 2.95524e+20 8.06267e+38 
1.52043e+15 3.05979e+35 2.95694e+20 8.06725e+38 
1.52149e+15 3.06295e+35 2.95864e+20 8.07182e+38 
1.52254e+15 3.06611e+35 2.96034e+20 8.0764e+38 
1.5236e+15 3.06928e+35 2.96204e+20 8.08098e+38 
1.52466e+15 3.07245e+35 2.96374e+20 8.08556e+38 
1.52572e+15 3.07562e+35 2.96544e+20 8.09015e+38 
1.52678e+15 3.07879e+35 2.96713e+20 8.09474e+38 
1.52784e+15 3.08197e+35 2.96883e+20 8.09933e+38 
1.5289e+15 3.08515e+35 2.97053e+20 8.10392e+38 
1.52996e+15 3.08833e+35 2.97223e+20 8.10851e+38 
1.53102e+15 3.09151e+35 2.97393e+20 8.11311e+38 
1.53208e+15 3.0947e+35 2.97562e+20 8.11771e+38 
1.53315e+15 3.09788e+35 2.97732e+20 8.12231e+38 
1.53421e+15 3.10107e+35 2.97902e+20 8.12691e+38 
1.53528e+15 3.10426e+35 2.98072e+20 8.13152e+38 
1.53634e+15 3.10746e+35 2.98241e+20 8.13613e+38 
1.53741e+15 3.11065e+35 2.98411e+20 8.14074e+38 
1.53848e+15 3.11385e+35 2.98581e+20 8.14535e+38 
1.53955e+15 3.11705e+35 2.98751e+20 8.14997e+38 
1.54061e+15 3.12025e+35 2.9892e+20 8.15459e+38 
1.54168e+15 3.12346e+35 2.9909e+20 8.15921e+38 
1.54275e+15 3.12666e+35 2.9926e+20 8.16383e+38 
1.54383e+15 3.12987e+35 2.99429e+20 8.16845e+38 
1.5449e+15 3.13308e+35 2.99599e+20 8.17308e+38 
1.54597e+15 3.1363e+35 2.99769e+20 8.17771e+38 
1.54704e+15 3.13951e+35 2.99938e+20 8.18234e+38 
1.54812e+15 3.14273e+35 3.00108e+20 8.18697e+38 
1.54919e+15 3.14595e+35 3.00277e+20 8.19161e+38 
1.55027e+15 3.14917e+35 3.00447e+20 8.19625e+38 
1.55134e+15 3.1524e+35 3.00617e+20 8.20089e+38 
1.55242e+15 3.15562e+35 3.00786e+20 8.20553e+38 
1.5535e+15 3.15885e+35 3.00956e+20 8.21018e+38 
1.55458e+15 3.16208e+35 3.01125e+20 8.21483e+38 
1.55566e+15 3.16532e+35 3.01295e+20 8.21948e+38 
1.55674e+15 3.16855e+35 3.01464e+20 8.22413e+38 
1.55782e+15 3.17179e+35 3.01634e+20 8.22879e+38 
1.5589e+15 3.17503e+35 3.01804e+20 8.23344e+38 
1.55998e+15 3.17827e+35 3.01973e+20 8.2381e+38 
1.56107e+15 3.18152e+35 3.02143e+20 8.24277e+38 
1.56215e+15 3.18477e+35 3.02312e+20 8.24743e+38 
1.56323e+15 3.18802e+35 3.02482e+20 8.2521e+38 
1.56432e+15 3.19127e+35 3.02651e+20 8.25677e+38 
1.56541e+15 3.19452e+35 3.0282e+20 8.26144e+38 
1.56649e+15 3.19778e+35 3.0299e+20 8.26611e+38 
1.56758e+15 3.20104e+35 3.03159e+20 8.27079e+38 
1.56867e+15 3.2043e+35 3.03329e+20 8.27547e+38 
1.56976e+15 3.20756e+35 3.03498e+20 8.28015e+38 
1.57085e+15 3.21082e+35 3.03668e+20 8.28483e+38 
1.57194e+15 3.21409e+35 3.03837e+20 8.28952e+38 
1.57303e+15 3.21736e+35 3.04006e+20 8.29421e+38 
1.57412e+15 3.22063e+35 3.04176e+20 8.2989e+38 
1.57521e+15 3.22391e+35 3.04345e+20 8.30359e+38 
1.57631e+15 3.22718e+35 3.04514e+20 8.30829e+38 
1.5774e+15 3.23046e+35 3.04684e+20 8.31298e+38 
1.5785e+15 3.23374e+35 3.04853e+20 8.31768e+38 
1.57959e+15 3.23703e+35 3.05022e+20 8.32239e+38 
1.58069e+15 3.24031e+35 3.05192e+20 8.32709e+38 
1.58179e+15 3.2436e+35 3.05361e+20 8.3318e+38 
1.58289e+15 3.24689e+35 3.0553e+20 8.33651e+38 
1.58398e+15 3.25018e+35 3.057e+20 8.34122e+38 
1.58508e+15 3.25348e+35 3.05869e+20 8.34594e+38 
1.58619e+15 3.25677e+35 3.06038e+20 8.35065e+38 
1.58729e+15 3.26007e+35 3.06207e+20 8.35537e+38 
1.58839e+15 3.26337e+35 3.06377e+20 8.36009e+38 
1.58949e+15 3.26668e+35 3.06546e+20 8.36482e+38 
1.59059e+15 3.26998e+35 3.06715e+20 8.36954e+38 
1.5917e+15 3.27329e+35 3.06884e+20 8.37427e+38 
1.5928e+15 3.2766e+35 3.07054e+20 8.379e+38 
1.59391e+15 3.27992e+35 3.07223e+20 8.38374e+38 
1.59502e+15 3.28323e+35 3.07392e+20 8.38847e+38 
1.59612e+15 3.28655e+35 3.07561e+20 8.39321e+38 
1.59723e+15 3.28987e+35 3.0773e+20 8.39795e+38 
1.59834e+15 3.29319e+35 3.079e+20 8.40269e+38 
1.59945e+15 3.29652e+35 3.08069e+20 8.40744e+38 
1.60056e+15 3.29984e+35 3.08238e+20 8.41219e+38 
1.60167e+15 3.30317e+35 3.08407e+20 8.41694e+38 
1.60279e+15 3.3065e+35 3.08576e+20 8.42169e+38 
1.6039e+15 3.30984e+35 3.08745e+20 8.42645e+38 
1.60501e+15 3.31317e+35 3.08914e+20 8.4312e+38 
1.60613e+15 3.31651e+35 3.09083e+20 8.43596e+38 
1.60724e+15 3.31985e+35 3.09252e+20 8.44073e+38 
1.60836e+15 3.3232e+35 3.09421e+20 8.44549e+38 
1.60947e+15 3.32654e+35 3.09591e+20 8.45026e+38 
1.61059e+15 3.32989e+35 3.0976e+20 8.45503e+38 
1.61171e+15 3.33324e+35 3.09929e+20 8.4598e+38 
1.61283e+15 3.33659e+35 3.10098e+20 8.46457e+38 
1.61395e+15 3.33995e+35 3.10267e+20 8.46935e+38 
1.61507e+15 3.3433e+35 3.10436e+20 8.47413e+38 
1.61619e+15 3.34666e+35 3.10605e+20 8.47891e+38 
1.61731e+15 3.35003e+35 3.10774e+20 8.4837e+38 
1.61843e+15 3.35339e+35 3.10943e+20 8.48848e+38 
1.61956e+15 3.35676e+35 3.11112e+20 8.49327e+38 
1.62068e+15 3.36012e+35 3.11281e+20 8.49806e+38 
1.62181e+15 3.3635e+35 3.1145e+20 8.50286e+38 
1.62293e+15 3.36687e+35 3.11618e+20 8.50765e+38 
1.62406e+15 3.37024e+35 3.11787e+20 8.51245e+38 
1.62519e+15 3.37362e+35 3.11956e+20 8.51725e+38 
1.62632e+15 3.377e+35 3.12125e+20 8.52206e+38 
1.62745e+15 3.38039e+35 3.12294e+20 8.52686e+38 
1.62858e+15 3.38377e+35 3.12463e+20 8.53167e+38 
1.62971e+15 3.38716e+35 3.12632e+20 8.53648e+38 
1.63084e+15 3.39055e+35 3.12801e+20 8.54129e+38 
1.63197e+15 3.39394e+35 3.1297e+20 8.54611e+38 
1.6331e+15 3.39733e+35 3.13138e+20 8.55093e+38 
1.63424e+15 3.40073e+35 3.13307e+20 8.55575e+38 
1.63537e+15 3.40413e+35 3.13476e+20 8.56057e+38 
1.63651e+15 3.40753e+35 3.13645e+20 8.5654e+38 
1.63764e+15 3.41094e+35 3.13814e+20 8.57023e+38 
1.63878e+15 3.41434e+35 3.13983e+20 8.57506e+38 
1.63992e+15 3.41775e+35 3.14151e+20 8.57989e+38 
1.64106e+15 3.42116e+35 3.1432e+20 8.58472e+38 
1.6422e+15 3.42458e+35 3.14489e+20 8.58956e+38 
1.64334e+15 3.42799e+35 3.14658e+20 8.5944e+38 
1.64448e+15 3.43141e+35 3.14826e+20 8.59924e+38 
1.64562e+15 3.43483e+35 3.14995e+20 8.60409e+38 
1.64676e+15 3.43825e+35 3.15164e+20 8.60894e+38 
1.64791e+15 3.44168e+35 3.15333e+20 8.61379e+38 
1.64905e+15 3.44511e+35 3.15501e+20 8.61864e+38 
1.65019e+15 3.44854e+35 3.1567e+20 8.62349e+38 
1.65134e+15 3.45197e+35 3.15839e+20 8.62835e+38 
1.65249e+15 3.4554e+35 3.16007e+20 8.63321e+38 
1.65363e+15 3.45884e+35 3.16176e+20 8.63807e+38 
1.65478e+15 3.46228e+35 3.16345e+20 8.64294e+38 
1.65593e+15 3.46572e+35 3.16513e+20 8.6478e+38 
1.65708e+15 3.46917e+35 3.16682e+20 8.65267e+38 
1.65823e+15 3.47261e+35 3.16851e+20 8.65755e+38 
1.65938e+15 3.47606e+35 3.17019e+20 8.66242e+38 
1.66053e+15 3.47951e+35 3.17188e+20 8.6673e+38 
1.66169e+15 3.48297e+35 3.17357e+20 8.67218e+38 
1.66284e+15 3.48642e+35 3.17525e+20 8.67706e+38 
1.664e+15 3.48988e+35 3.17694e+20 8.68194e+38 
1.66515e+15 3.49334e+35 3.17862e+20 8.68683e+38 
1.66631e+15 3.49681e+35 3.18031e+20 8.69172e+38 
1.66746e+15 3.50027e+35 3.182e+20 8.69661e+38 
1.66862e+15 3.50374e+35 3.18368e+20 8.70151e+38 
1.66978e+15 3.50721e+35 3.18537e+20 8.7064e+38 
1.67094e+15 3.51069e+35 3.18705e+20 8.7113e+38 
1.6721e+15 3.51416e+35 3.18874e+20 8.7162e+38 
1.67326e+15 3.51764e+35 3.19042e+20 8.72111e+38 
1.67442e+15 3.52112e+35 3.19211e+20 8.72602e+38 
1.67559e+15 3.5246e+35 3.19379e+20 8.73092e+38 
1.67675e+15 3.52809e+35 3.19548e+20 8.73584e+38 
1.67791e+15 3.53158e+35 3.19716e+20 8.74075e+38 
1.67908e+15 3.53507e+35 3.19885e+20 8.74567e+38 
1.68024e+15 3.53856e+35 3.20053e+20 8.75059e+38 
1.68141e+15 3.54205e+35 3.20222e+20 8.75551e+38 
1.68258e+15 3.54555e+35 3.2039e+20 8.76043e+38 
1.68375e+15 3.54905e+35 3.20558e+20 8.76536e+38 
1.68491e+15 3.55255e+35 3.20727e+20 8.77029e+38 
1.68608e+15 3.55606e+35 3.20895e+20 8.77522e+38 
1.68726e+15 3.55956e+35 3.21064e+20 8.78015e+38 
1.68843e+15 3.56307e+35 3.21232e+20 8.78509e+38 
1.6896e+15 3.56659e+35 3.214e+20 8.79003e+38 
1.69077e+15 3.5701e+35 3.21569e+20 8.79497e+38 
1.69195e+15 3.57362e+35 3.21737e+20 8.79992e+38 
1.69312e+15 3.57714e+35 3.21906e+20 8.80486e+38 
1.6943e+15 3.58066e+35 3.22074e+20 8.80981e+38 
1.69547e+15 3.58418e+35 3.22242e+20 8.81476e+38 
1.69665e+15 3.58771e+35 3.22411e+20 8.81972e+38 
1.69783e+15 3.59124e+35 3.22579e+20 8.82467e+38 
1.69901e+15 3.59477e+35 3.22747e+20 8.82963e+38 
1.70019e+15 3.5983e+35 3.22916e+20 8.8346e+38 
1.70137e+15 3.60184e+35 3.23084e+20 8.83956e+38 
1.70255e+15 3.60538e+35 3.23252e+20 8.84453e+38 
1.70373e+15 3.60892e+35 3.2342e+20 8.8495e+38 
1.70491e+15 3.61246e+35 3.23589e+20 8.85447e+38 
1.7061e+15 3.61601e+35 3.23757e+20 8.85944e+38 
1.70728e+15 3.61956e+35 3.23925e+20 8.86442e+38 
1.70847e+15 3.62311e+35 3.24093e+20 8.8694e+38 
1.70965e+15 3.62666e+35 3.24262e+20 8.87438e+38 
1.71084e+15 3.63022e+35 3.2443e+20 8.87936e+38 
1.71203e+15 3.63378e+35 3.24598e+20 8.88435e+38 
1.71322e+15 3.63734e+35 3.24766e+20 8.88934e+38 
1.71441e+15 3.6409e+35 3.24934e+20 8.89433e+38 
1.7156e+15 3.64447e+35 3.25103e+20 8.89933e+38 
1.71679e+15 3.64804e+35 3.25271e+20 8.90432e+38 
1.71798e+15 3.65161e+35 3.25439e+20 8.90932e+38 
1.71917e+15 3.65518e+35 3.25607e+20 8.91433e+38 
1.72037e+15 3.65876e+35 3.25775e+20 8.91933e+38 
1.72156e+15 3.66234e+35 3.25943e+20 8.92434e+38 
1.72276e+15 3.66592e+35 3.26112e+20 8.92935e+38 
1.72395e+15 3.6695e+35 3.2628e+20 8.93436e+38 
1.72515e+15 3.67309e+35 3.26448e+20 8.93938e+38 
1.72635e+15 3.67667e+35 3.26616e+20 8.94439e+38 
1.72754e+15 3.68027e+35 3.26784e+20 8.94941e+38 
1.72874e+15 3.68386e+35 3.26952e+20 8.95444e+38 
1.72994e+15 3.68745e+35 3.2712e+20 8.95946e+38 
1.73115e+15 3.69105e+35 3.27288e+20 8.96449e+38 
1.73235e+15 3.69465e+35 3.27456e+20 8.96952e+38 
1.73355e+15 3.69826e+35 3.27624e+20 8.97455e+38 
1.73475e+15 3.70186e+35 3.27792e+20 8.97959e+38 
1.73596e+15 3.70547e+35 3.2796e+20 8.98462e+38 
1.73716e+15 3.70908e+35 3.28128e+20 8.98966e+38 
1.73837e+15 3.71269e+35 3.28296e+20 8.99471e+38 
1.73958e+15 3.71631e+35 3.28464e+20 8.99975e+38 
1.74078e+15 3.71993e+35 3.28632e+20 9.0048e+38 
1.74199e+15 3.72355e+35 3.288e+20 9.00985e+38 
1.7432e+15 3.72717e+35 3.28968e+20 9.0149e+38 
1.74441e+15 3.7308e+35 3.29136e+20 9.01996e+38 
1.74562e+15 3.73443e+35 3.29304e+20 9.02502e+38 
1.74684e+15 3.73806e+35 3.29472e+20 9.03008e+38 
1.74805e+15 3.74169e+35 3.2964e+20 9.03514e+38 
1.74926e+15 3.74533e+35 3.29808e+20 9.04021e+38 
1.75048e+15 3.74897e+35 3.29976e+20 9.04528e+38 
1.75169e+15 3.75261e+35 3.30144e+20 9.05035e+38 
1.75291e+15 3.75625e+35 3.30312e+20 9.05542e+38 
1.75413e+15 3.7599e+35 3.3048e+20 9.0605e+38 
1.75534e+15 3.76355e+35 3.30648e+20 9.06558e+38 
1.75656e+15 3.7672e+35 3.30815e+20 9.07066e+38 
1.75778e+15 3.77085e+35 3.30983e+20 9.07574e+38 
1.759e+15 3.77451e+35 3.31151e+20 9.08083e+38 
1.76022e+15 3.77817e+35 3.31319e+20 9.08592e+38 
1.76145e+15 3.78183e+35 3.31487e+20 9.09101e+38 
1.76267e+15 3.78549e+35 3.31655e+20 9.0961e+38 
1.76389e+15 3.78916e+35 3.31823e+20 9.1012e+38 
1.76512e+15 3.79283e+35 3.3199e+20 9.1063e+38 
1.76634e+15 3.7965e+35 3.32158e+20 9.1114e+38 
1.76757e+15 3.80017e+35 3.32326e+20 9.11651e+38 
1.7688e+15 3.80385e+35 3.32494e+20 9.12161e+38 
1.77002e+15 3.80753e+35 3.32662e+20 9.12672e+38 
1.77125e+15 3.81121e+35 3.32829e+20 9.13184e+38 
1.77248e+15 3.81489e+35 3.32997e+20 9.13695e+38 
1.77371e+15 3.81858e+35 3.33165e+20 9.14207e+38 
1.77494e+15 3.82227e+35 3.33333e+20 9.14719e+38 
1.77618e+15 3.82596e+35 3.335e+20 9.15231e+38 
1.77741e+15 3.82966e+35 3.33668e+20 9.15744e+38 
1.77864e+15 3.83335e+35 3.33836e+20 9.16257e+38 
1.77988e+15 3.83705e+35 3.34003e+20 9.1677e+38 
1.78111e+15 3.84075e+35 3.34171e+20 9.17283e+38 
1.78235e+15 3.84446e+35 3.34339e+20 9.17797e+38 
1.78359e+15 3.84817e+35 3.34506e+20 9.1831e+38 
1.78483e+15 3.85188e+35 3.34674e+20 9.18825e+38 
1.78607e+15 3.85559e+35 3.34842e+20 9.19339e+38 
1.78731e+15 3.8593e+35 3.35009e+20 9.19854e+38 
1.78855e+15 3.86302e+35 3.35177e+20 9.20368e+38 
1.78979e+15 3.86674e+35 3.35345e+20 9.20884e+38 
1.79103e+15 3.87046e+35 3.35512e+20 9.21399e+38 
1.79228e+15 3.87419e+35 3.3568e+20 9.21915e+38 
1.79352e+15 3.87792e+35 3.35848e+20 9.22431e+38 
1.79477e+15 3.88165e+35 3.36015e+20 9.22947e+38 
1.79601e+15 3.88538e+35 3.36183e+20 9.23463e+38 
1.79726e+15 3.88912e+35 3.3635e+20 9.2398e+38 
1.79851e+15 3.89286e+35 3.36518e+20 9.24497e+38 
1.79975e+15 3.8966e+35 3.36686e+20 9.25014e+38 
1.801e+15 3.90034e+35 3.36853e+20 9.25532e+38 
1.80225e+15 3.90409e+35 3.37021e+20 9.26049e+38 
1.80351e+15 3.90783e+35 3.37188e+20 9.26568e+38 
1.80476e+15 3.91159e+35 3.37356e+20 9.27086e+38 
1.80601e+15 3.91534e+35 3.37523e+20 9.27604e+38 
1.80727e+15 3.9191e+35 3.37691e+20 9.28123e+38 
1.80852e+15 3.92286e+35 3.37858e+20 9.28642e+38 
1.80978e+15 3.92662e+35 3.38026e+20 9.29162e+38 
1.81103e+15 3.93038e+35 3.38193e+20 9.29681e+38 
1.81229e+15 3.93415e+35 3.38361e+20 9.30201e+38 
1.81355e+15 3.93792e+35 3.38528e+20 9.30721e+38 
1.81481e+15 3.94169e+35 3.38696e+20 9.31242e+38 
1.81607e+15 3.94547e+35 3.38863e+20 9.31762e+38 
1.81733e+15 3.94924e+35 3.39031e+20 9.32283e+38 
1.81859e+15 3.95302e+35 3.39198e+20 9.32804e+38 
1.81985e+15 3.95681e+35 3.39365e+20 9.33326e+38 
1.82112e+15 3.96059e+35 3.39533e+20 9.33848e+38 
1.82238e+15 3.96438e+35 3.397e+20 9.3437e+38 
1.82365e+15 3.96817e+35 3.39868e+20 9.34892e+38 
1.82491e+15 3.97196e+35 3.40035e+20 9.35414e+38 
1.82618e+15 3.97576e+35 3.40202e+20 9.35937e+38 
1.82745e+15 3.97956e+35 3.4037e+20 9.3646e+38 
1.82872e+15 3.98336e+35 3.40537e+20 9.36984e+38 
1.82999e+15 3.98716e+35 3.40705e+20 9.37507e+38 
1.83126e+15 3.99097e+35 3.40872e+20 9.38031e+38 
1.83253e+15 3.99478e+35 3.41039e+20 9.38555e+38 
1.8338e+15 3.99859e+35 3.41207e+20 9.3908e+38 
1.83507e+15 4.0024e+35 3.41374e+20 9.39604e+38 
1.83635e+15 4.00622e+35 3.41541e+20 9.40129e+38 
1.83762e+15 4.01004e+35 3.41709e+20 9.40654e+38 
1.8389e+15 4.01386e+35 3.41876e+20 9.4118e+38 
1.84017e+15 4.01769e+35 3.42043e+20 9.41706e+38 
1.84145e+15 4.02151e+35 3.4221e+20 9.42232e+38 
1.84273e+15 4.02534e+35 3.42378e+20 9.42758e+38 
1.84401e+15 4.02918e+35 3.42545e+20 9.43284e+38 
1.84529e+15 4.03301e+35 3.42712e+20 9.43811e+38 
1.84657e+15 4.03685e+35 3.4288e+20 9.44338e+38 
1.84785e+15 4.04069e+35 3.43047e+20 9.44865e+38 
1.84914e+15 4.04454e+35 3.43214e+20 9.45393e+38 
1.85042e+15 4.04838e+35 3.43381e+20 9.45921e+38 
1.8517e+15 4.05223e+35 3.43548e+20 9.46449e+38 
1.85299e+15 4.05608e+35 3.43716e+20 9.46977e+38 
1.85428e+15 4.05994e+35 3.43883e+20 9.47506e+38 
1.85556e+15 4.06379e+35 3.4405e+20 9.48035e+38 
1.85685e+15 4.06765e+35 3.44217e+20 9.48564e+38 
1.85814e+15 4.07152e+35 3.44384e+20 9.49094e+38 
1.85943e+15 4.07538e+35 3.44552e+20 9.49623e+38 
1.86072e+15 4.07925e+35 3.44719e+20 9.50153e+38 
1.86202e+15 4.08312e+35 3.44886e+20 9.50684e+38 
1.86331e+15 4.08699e+35 3.45053e+20 9.51214e+38 
1.8646e+15 4.09087e+35 3.4522e+20 9.51745e+38 
1.8659e+15 4.09475e+35 3.45387e+20 9.52276e+38 
1.86719e+15 4.09863e+35 3.45554e+20 9.52808e+38 
1.86849e+15 4.10251e+35 3.45722e+20 9.53339e+38 
1.86979e+15 4.1064e+35 3.45889e+20 9.53871e+38 
1.87108e+15 4.11029e+35 3.46056e+20 9.54403e+38 
1.87238e+15 4.11418e+35 3.46223e+20 9.54936e+38 
1.87368e+15 4.11807e+35 3.4639e+20 9.55468e+38 
1.87498e+15 4.12197e+35 3.46557e+20 9.56001e+38 
1.87629e+15 4.12587e+35 3.46724e+20 9.56535e+38 
1.87759e+15 4.12977e+35 3.46891e+20 9.57068e+38 
1.87889e+15 4.13368e+35 3.47058e+20 9.57602e+38 
1.8802e+15 4.13759e+35 3.47225e+20 9.58136e+38 
1.8815e+15 4.1415e+35 3.47392e+20 9.5867e+38 
1.88281e+15 4.14541e+35 3.47559e+20 9.59205e+38 
1.88412e+15 4.14933e+35 3.47726e+20 9.5974e+38 
1.88542e+15 4.15325e+35 3.47893e+20 9.60275e+38 
1.88673e+15 4.15717e+35 3.4806e+20 9.6081e+38 
1.88804e+15 4.16109e+35 3.48227e+20 9.61346e+38 
1.88935e+15 4.16502e+35 3.48394e+20 9.61882e+38 
1.89066e+15 4.16895e+35 3.48561e+20 9.62418e+38 
1.89198e+15 4.17288e+35 3.48728e+20 9.62955e+38 
1.89329e+15 4.17682e+35 3.48895e+20 9.63492e+38 
1.89461e+15 4.18076e+35 3.49062e+20 9.64029e+38 
1.89592e+15 4.1847e+35 3.49229e+20 9.64566e+38 
1.89724e+15 4.18864e+35 3.49396e+20 9.65104e+38 
1.89855e+15 4.19259e+35 3.49563e+20 9.65642e+38 
1.89987e+15 4.19653e+35 3.4973e+20 9.6618e+38 
1.90119e+15 4.20049e+35 3.49897e+20 9.66718e+38 
1.90251e+15 4.20444e+35 3.50064e+20 9.67257e+38 
1.90383e+15 4.2084e+35 3.5023e+20 9.67796e+38 
1.90515e+15 4.21236e+35 3.50397e+20 9.68335e+38 
1.90648e+15 4.21632e+35 3.50564e+20 9.68875e+38 
1.9078e+15 4.22029e+35 3.50731e+20 9.69414e+38 
1.90913e+15 4.22425e+35 3.50898e+20 9.69954e+38 
1.91045e+15 4.22823e+35 3.51065e+20 9.70495e+38 
1.91178e+15 4.2322e+35 3.51232e+20 9.71035e+38 
1.9131e+15 4.23618e+35 3.51398e+20 9.71576e+38 
1.91443e+15 4.24016e+35 3.51565e+20 9.72117e+38 
1.91576e+15 4.24414e+35 3.51732e+20 9.72659e+38 
1.91709e+15 4.24812e+35 3.51899e+20 9.73201e+38 
1.91842e+15 4.25211e+35 3.52066e+20 9.73743e+38 
1.91976e+15 4.2561e+35 3.52232e+20 9.74285e+38 
1.92109e+15 4.26009e+35 3.52399e+20 9.74827e+38 
1.92242e+15 4.26409e+35 3.52566e+20 9.7537e+38 
1.92376e+15 4.26809e+35 3.52733e+20 9.75913e+38 
1.92509e+15 4.27209e+35 3.529e+20 9.76457e+38 
1.92643e+15 4.27609e+35 3.53066e+20 9.77e+38 
1.92777e+15 4.2801e+35 3.53233e+20 9.77544e+38 
1.92911e+15 4.28411e+35 3.534e+20 9.78089e+38 
1.93044e+15 4.28812e+35 3.53566e+20 9.78633e+38 
1.93178e+15 4.29214e+35 3.53733e+20 9.79178e+38 
1.93313e+15 4.29616e+35 3.539e+20 9.79723e+38 
1.93447e+15 4.30018e+35 3.54067e+20 9.80268e+38 
1.93581e+15 4.3042e+35 3.54233e+20 9.80814e+38 
1.93716e+15 4.30823e+35 3.544e+20 9.8136e+38 
1.9385e+15 4.31226e+35 3.54567e+20 9.81906e+38 
1.93985e+15 4.31629e+35 3.54733e+20 9.82452e+38 
1.94119e+15 4.32032e+35 3.549e+20 9.82999e+38 
1.94254e+15 4.32436e+35 3.55067e+20 9.83546e+38 
1.94389e+15 4.3284e+35 3.55233e+20 9.84093e+38 
1.94524e+15 4.33245e+35 3.554e+20 9.84641e+38 
1.94659e+15 4.33649e+35 3.55567e+20 9.85188e+38 
1.94794e+15 4.34054e+35 3.55733e+20 9.85737e+38 
1.94929e+15 4.34459e+35 3.559e+20 9.86285e+38 
1.95065e+15 4.34865e+35 3.56066e+20 9.86834e+38 
1.952e+15 4.3527e+35 3.56233e+20 9.87383e+38 
1.95336e+15 4.35676e+35 3.564e+20 9.87932e+38 
1.95471e+15 4.36083e+35 3.56566e+20 9.88481e+38 
1.95607e+15 4.36489e+35 3.56733e+20 9.89031e+38 
1.95743e+15 4.36896e+35 3.56899e+20 9.89581e+38 
1.95879e+15 4.37303e+35 3.57066e+20 9.90131e+38 
1.96015e+15 4.37711e+35 3.57232e+20 9.90682e+38 
1.96151e+15 4.38118e+35 3.57399e+20 9.91233e+38 
1.96287e+15 4.38526e+35 3.57566e+20 9.91784e+38 
1.96423e+15 4.38935e+35 3.57732e+20 9.92336e+38 
1.9656e+15 4.39343e+35 3.57899e+20 9.92887e+38 
1.96696e+15 4.39752e+35 3.58065e+20 9.93439e+38 
1.96833e+15 4.40161e+35 3.58232e+20 9.93992e+38 
1.96969e+15 4.40571e+35 3.58398e+20 9.94544e+38 
1.97106e+15 4.4098e+35 3.58565e+20 9.95097e+38 
1.97243e+15 4.4139e+35 3.58731e+20 9.9565e+38 
1.9738e+15 4.41801e+35 3.58898e+20 9.96204e+38 
1.97517e+15 4.42211e+35 3.59064e+20 9.96757e+38 
1.97654e+15 4.42622e+35 3.5923e+20 9.97311e+38 
1.97791e+15 4.43033e+35 3.59397e+20 9.97865e+38 
1.97929e+15 4.43445e+35 3.59563e+20 9.9842e+38 
1.98066e+15 4.43856e+35 3.5973e+20 9.98975e+38 
1.98204e+15 4.44268e+35 3.59896e+20 9.9953e+38 
1.98341e+15 4.44681e+35 3.60063e+20 1.00009e+39 
1.98479e+15 4.45093e+35 3.60229e+20 1.00064e+39 
1.98617e+15 4.45506e+35 3.60395e+20 1.0012e+39 
1.98755e+15 4.45919e+35 3.60562e+20 1.00175e+39 
1.98893e+15 4.46332e+35 3.60728e+20 1.00231e+39 
1.99031e+15 4.46746e+35 3.60895e+20 1.00287e+39 
1.99169e+15 4.4716e+35 3.61061e+20 1.00342e+39 
1.99307e+15 4.47574e+35 3.61227e+20 1.00398e+39 
1.99446e+15 4.47989e+35 3.61394e+20 1.00454e+39 
1.99584e+15 4.48404e+35 3.6156e+20 1.0051e+39 
1.99723e+15 4.48819e+35 3.61726e+20 1.00565e+39 
1.99861e+15 4.49234e+35 3.61893e+20 1.00621e+39 
2e+15 4.4965e+35 3.62059e+20 1.00677e+39 
