2000
3.70784e+14 9.3638e+30 2.52548e+16 2.23364e+38 
3.70815e+14 1.87276e+31 5.05067e+16 2.23383e+38 
3.70847e+14 2.80914e+31 7.57558e+16 2.23402e+38 
3.70878e+14 3.74552e+31 1.01002e+17 2.2342e+38 
3.70909e+14 4.6819e+31 1.26245e+17 2.23439e+38 
3.7094e+14 5.61828e+31 1.51486e+17 2.23458e+38 
3.70972e+14 6.55466e+31 1.76724e+17 2.23477e+38 
3.71003e+14 7.49104e+31 2.01959e+17 2.23496e+38 
3.71034e+14 8.42742e+31 2.27191e+17 2.23514e+38 
3.71065e+14 9.3638e+31 2.5242e+17 2.23533e+38 
3.74205e+14 1.03437e+33 2.77274e+18 2.25422e+38 
3.74521e+14 1.12888e+33 3.02439e+18 2.25611e+38 
3.74837e+14 1.22347e+33 3.27596e+18 2.25801e+38 
3.75153e+14 1.31814e+33 3.52747e+18 2.2599e+38 
3.75469e+14 1.41289e+33 3.77891e+18 2.2618e+38 
3.75785e+14 1.50772e+33 4.03028e+18 2.2637e+38 
3.76102e+14 1.60263e+33 4.28158e+18 2.2656e+38 
3.76419e+14 1.69762e+33 4.5328e+18 2.2675e+38 
3.76737e+14 1.79269e+33 4.78397e+18 2.2694e+38 
3.77054e+14 1.88783e+33 5.03506e+18 2.2713e+38 
3.77372e+14 1.98306e+33 5.28608e+18 2.27321e+38 
3.7769e+14 2.07837e+33 5.53703e+18 2.27511e+38 
3.78009e+14 2.17376e+33 5.78792e+18 2.27702e+38 
3.78327e+14 2.26923e+33 6.03873e+18 2.27893e+38 
3.78646e+14 2.36479e+33 6.28948e+18 2.28084e+38 
3.78966e+14 2.46042e+33 6.54016e+18 2.28274e+38 
3.79285e+14 2.55613e+33 6.79077e+18 2.28465e+38 
3.79605e+14 2.65192e+33 7.04131e+18 2.28657e+38 
3.79925e+14 2.7478e+33 7.29179e+18 2.28848e+38 
3.80245e+14 2.84375e+33 7.54219e+18 2.29039e+38 
3.80566e+14 2.93979e+33 7.79253e+18 2.29231e+38 
3.80886e+14 3.0359e+33 8.0428e+18 2.29422e+38 
3.81208e+14 3.1321e+33 8.293e+18 2.29614e+38 
3.81529e+14 3.22838e+33 8.54314e+18 2.29806e+38 
3.81851e+14 3.32474e+33 8.7932e+18 2.29998e+38 
3.82173e+14 3.42118e+33 9.0432e+18 2.3019e+38 
3.82495e+14 3.5177e+33 9.29314e+18 2.30382e+38 
3.82817e+14 3.6143e+33 9.543e+18 2.30574e+38 
3.8314e+14 3.71099e+33 9.7928e+18 2.30766e+38 
3.83463e+14 3.80776e+33 1.00425e+19 2.30959e+38 
3.83786e+14 3.9046e+33 1.02922e+19 2.31151e+38 
3.8411e+14 4.00153e+33 1.05418e+19 2.31344e+38 
3.84434e+14 4.09854e+33 1.07913e+19 2.31537e+38 
3.84758e+14 4.19564e+33 1.10408e+19 2.3173e+38 
3.85082e+14 4.29281e+33 1.12902e+19 2.31923e+38 
3.85407e+14 4.39007e+33 1.15395e+19 2.32116e+38 
3.85732e+14 4.48741e+33 1.17888e+19 2.32309e+38 
3.86057e+14 4.58483e+33 1.2038e+19 2.32502e+38 
3.86382e+14 4.68233e+33 1.22871e+19 2.32696e+38 
3.86708e+14 4.77992e+33 1.25362e+19 2.32889e+38 
3.87034e+14 4.87759e+33 1.27852e+19 2.33083e+38 
3.8736e+14 4.97534e+33 1.30341e+19 2.33277e+38 
3.87687e+14 5.07317e+33 1.32829e+19 2.33471e+38 
3.88014e+14 5.17108e+33 1.35317e+19 2.33664e+38 
3.88341e+14 5.26908e+33 1.37805e+19 2.33859e+38 
3.88668e+14 5.36716e+33 1.40292e+19 2.34053e+38 
3.88996e+14 5.46532e+33 1.42778e+19 2.34247e+38 
3.89324e+14 5.56357e+33 1.45263e+19 2.34441e+38 
3.89652e+14 5.6619e+33 1.47748e+19 2.34636e+38 
3.8998e+14 5.76031e+33 1.50232e+19 2.34831e+38 
3.90309e+14 5.8588e+33 1.52715e+19 2.35025e+38 
3.90638e+14 5.95738e+33 1.55198e+19 2.3522e+38 
3.90968e+14 6.05604e+33 1.5768e+19 2.35415e+38 
3.91297e+14 6.15478e+33 1.60161e+19 2.3561e+38 
3.91627e+14 6.25361e+33 1.62642e+19 2.35805e+38 
3.91957e+14 6.35252e+33 1.65122e+19 2.36001e+38 
3.92288e+14 6.45151e+33 1.67602e+19 2.36196e+38 
3.92618e+14 6.55059e+33 1.70081e+19 2.36392e+38 
3.92949e+14 6.64975e+33 1.72559e+19 2.36587e+38 
3.93281e+14 6.749e+33 1.75037e+19 2.36783e+38 
3.93612e+14 6.84832e+33 1.77513e+19 2.36979e+38 
3.93944e+14 6.94773e+33 1.7999e+19 2.37175e+38 
3.94276e+14 7.04723e+33 1.82465e+19 2.37371e+38 
3.94608e+14 7.14681e+33 1.8494e+19 2.37567e+38 
3.94941e+14 7.24647e+33 1.87415e+19 2.37763e+38 
3.95274e+14 7.34622e+33 1.89888e+19 2.3796e+38 
3.95607e+14 7.44605e+33 1.92362e+19 2.38156e+38 
3.95941e+14 7.54596e+33 1.94834e+19 2.38353e+38 
3.96275e+14 7.64596e+33 1.97306e+19 2.3855e+38 
3.96609e+14 7.74605e+33 1.99777e+19 2.38747e+38 
3.96943e+14 7.84622e+33 2.02248e+19 2.38944e+38 
3.97278e+14 7.94647e+33 2.04717e+19 2.39141e+38 
3.97613e+14 8.04681e+33 2.07187e+19 2.39338e+38 
3.97948e+14 8.14723e+33 2.09655e+19 2.39535e+38 
3.98283e+14 8.24773e+33 2.12123e+19 2.39732e+38 
3.98619e+14 8.34833e+33 2.14591e+19 2.3993e+38 
3.98955e+14 8.449e+33 2.17058e+19 2.40128e+38 
3.99291e+14 8.54976e+33 2.19524e+19 2.40325e+38 
3.99628e+14 8.65061e+33 2.21989e+19 2.40523e+38 
3.99965e+14 8.75154e+33 2.24454e+19 2.40721e+38 
4.00302e+14 8.85255e+33 2.26918e+19 2.40919e+38 
4.0064e+14 8.95366e+33 2.29382e+19 2.41118e+38 
4.00977e+14 9.05484e+33 2.31845e+19 2.41316e+38 
4.01315e+14 9.15611e+33 2.34307e+19 2.41514e+38 
4.01654e+14 9.25747e+33 2.36769e+19 2.41713e+38 
4.01992e+14 9.35891e+33 2.3923e+19 2.41911e+38 
4.02331e+14 9.46044e+33 2.41691e+19 2.4211e+38 
4.0267e+14 9.56205e+33 2.4415e+19 2.42309e+38 
4.0301e+14 9.66375e+33 2.4661e+19 2.42508e+38 
4.0335e+14 9.76554e+33 2.49068e+19 2.42707e+38 
4.0369e+14 9.86741e+33 2.51526e+19 2.42906e+38 
4.0403e+14 9.96937e+33 2.53984e+19 2.43106e+38 
4.04371e+14 1.00714e+34 2.56441e+19 2.43305e+38 
4.04712e+14 1.01735e+34 2.58897e+19 2.43505e+38 
4.05053e+14 1.02758e+34 2.61352e+19 2.43704e+38 
4.05394e+14 1.03781e+34 2.63807e+19 2.43904e+38 
4.05736e+14 1.04804e+34 2.66262e+19 2.44104e+38 
4.06078e+14 1.05829e+34 2.68715e+19 2.44304e+38 
4.0642e+14 1.06855e+34 2.71168e+19 2.44504e+38 
4.06763e+14 1.07881e+34 2.73621e+19 2.44704e+38 
4.07106e+14 1.08909e+34 2.76073e+19 2.44905e+38 
4.07449e+14 1.09937e+34 2.78524e+19 2.45105e+38 
4.07793e+14 1.10966e+34 2.80975e+19 2.45306e+38 
4.08136e+14 1.11996e+34 2.83425e+19 2.45507e+38 
4.0848e+14 1.13026e+34 2.85874e+19 2.45707e+38 
4.08825e+14 1.14058e+34 2.88323e+19 2.45908e+38 
4.0917e+14 1.15091e+34 2.90771e+19 2.46109e+38 
4.09514e+14 1.16124e+34 2.93219e+19 2.46311e+38 
4.0986e+14 1.17158e+34 2.95666e+19 2.46512e+38 
4.10205e+14 1.18194e+34 2.98112e+19 2.46713e+38 
4.10551e+14 1.1923e+34 3.00558e+19 2.46915e+38 
4.10897e+14 1.20266e+34 3.03004e+19 2.47116e+38 
4.11244e+14 1.21304e+34 3.05448e+19 2.47318e+38 
4.1159e+14 1.22343e+34 3.07892e+19 2.4752e+38 
4.11937e+14 1.23382e+34 3.10336e+19 2.47722e+38 
4.12285e+14 1.24423e+34 3.12778e+19 2.47924e+38 
4.12632e+14 1.25464e+34 3.15221e+19 2.48126e+38 
4.1298e+14 1.26506e+34 3.17662e+19 2.48328e+38 
4.13328e+14 1.27549e+34 3.20103e+19 2.48531e+38 
4.13677e+14 1.28593e+34 3.22544e+19 2.48733e+38 
4.14025e+14 1.29638e+34 3.24984e+19 2.48936e+38 
4.14374e+14 1.30684e+34 3.27423e+19 2.49139e+38 
4.14724e+14 1.3173e+34 3.29862e+19 2.49342e+38 
4.15073e+14 1.32778e+34 3.323e+19 2.49545e+38 
4.15423e+14 1.33826e+34 3.34737e+19 2.49748e+38 
4.15773e+14 1.34875e+34 3.37174e+19 2.49951e+38 
4.16124e+14 1.35925e+34 3.3961e+19 2.50154e+38 
4.16475e+14 1.36976e+34 3.42046e+19 2.50358e+38 
4.16826e+14 1.38028e+34 3.44481e+19 2.50561e+38 
4.17177e+14 1.39081e+34 3.46916e+19 2.50765e+38 
4.17529e+14 1.40134e+34 3.4935e+19 2.50969e+38 
4.17881e+14 1.41189e+34 3.51783e+19 2.51173e+38 
4.18233e+14 1.42244e+34 3.54216e+19 2.51377e+38 
4.18586e+14 1.43301e+34 3.56648e+19 2.51581e+38 
4.18939e+14 1.44358e+34 3.5908e+19 2.51785e+38 
4.19292e+14 1.45416e+34 3.61511e+19 2.5199e+38 
4.19645e+14 1.46475e+34 3.63941e+19 2.52194e+38 
4.19999e+14 1.47535e+34 3.66371e+19 2.52399e+38 
4.20353e+14 1.48595e+34 3.68801e+19 2.52604e+38 
4.20708e+14 1.49657e+34 3.71229e+19 2.52809e+38 
4.21062e+14 1.5072e+34 3.73657e+19 2.53014e+38 
4.21417e+14 1.51783e+34 3.76085e+19 2.53219e+38 
4.21773e+14 1.52847e+34 3.78512e+19 2.53424e+38 
4.22128e+14 1.53913e+34 3.80938e+19 2.53629e+38 
4.22484e+14 1.54979e+34 3.83364e+19 2.53835e+38 
4.2284e+14 1.56046e+34 3.85789e+19 2.5404e+38 
4.23197e+14 1.57114e+34 3.88214e+19 2.54246e+38 
4.23553e+14 1.58183e+34 3.90638e+19 2.54452e+38 
4.2391e+14 1.59252e+34 3.93062e+19 2.54658e+38 
4.24268e+14 1.60323e+34 3.95485e+19 2.54864e+38 
4.24625e+14 1.61395e+34 3.97907e+19 2.5507e+38 
4.24983e+14 1.62467e+34 4.00329e+19 2.55276e+38 
4.25342e+14 1.6354e+34 4.0275e+19 2.55483e+38 
4.257e+14 1.64615e+34 4.05171e+19 2.55689e+38 
4.26059e+14 1.6569e+34 4.07591e+19 2.55896e+38 
4.26418e+14 1.66766e+34 4.10011e+19 2.56102e+38 
4.26778e+14 1.67843e+34 4.1243e+19 2.56309e+38 
4.27138e+14 1.68921e+34 4.14848e+19 2.56516e+38 
4.27498e+14 1.69999e+34 4.17266e+19 2.56723e+38 
4.27858e+14 1.71079e+34 4.19683e+19 2.56931e+38 
4.28219e+14 1.7216e+34 4.221e+19 2.57138e+38 
4.2858e+14 1.73241e+34 4.24516e+19 2.57345e+38 
4.28941e+14 1.74324e+34 4.26932e+19 2.57553e+38 
4.29303e+14 1.75407e+34 4.29347e+19 2.57761e+38 
4.29665e+14 1.76491e+34 4.31761e+19 2.57969e+38 
4.30027e+14 1.77576e+34 4.34175e+19 2.58177e+38 
4.30389e+14 1.78663e+34 4.36589e+19 2.58385e+38 
4.30752e+14 1.7975e+34 4.39002e+19 2.58593e+38 
4.31115e+14 1.80837e+34 4.41414e+19 2.58801e+38 
4.31479e+14 1.81926e+34 4.43825e+19 2.59009e+38 
4.31843e+14 1.83016e+34 4.46237e+19 2.59218e+38 
4.32207e+14 1.84107e+34 4.48647e+19 2.59427e+38 
4.32571e+14 1.85198e+34 4.51057e+19 2.59635e+38 
4.32936e+14 1.86291e+34 4.53467e+19 2.59844e+38 
4.33301e+14 1.87384e+34 4.55876e+19 2.60053e+38 
4.33666e+14 1.88479e+34 4.58284e+19 2.60263e+38 
4.34032e+14 1.89574e+34 4.60692e+19 2.60472e+38 
4.34398e+14 1.9067e+34 4.63099e+19 2.60681e+38 
4.34764e+14 1.91767e+34 4.65506e+19 2.60891e+38 
4.3513e+14 1.92865e+34 4.67912e+19 2.611e+38 
4.35497e+14 1.93964e+34 4.70318e+19 2.6131e+38 
4.35864e+14 1.95064e+34 4.72723e+19 2.6152e+38 
4.36232e+14 1.96165e+34 4.75127e+19 2.6173e+38 
4.36599e+14 1.97267e+34 4.77531e+19 2.6194e+38 
4.36967e+14 1.98369e+34 4.79935e+19 2.6215e+38 
4.37336e+14 1.99473e+34 4.82338e+19 2.62361e+38 
4.37705e+14 2.00577e+34 4.8474e+19 2.62571e+38 
4.38074e+14 2.01683e+34 4.87142e+19 2.62782e+38 
4.38443e+14 2.02789e+34 4.89543e+19 2.62992e+38 
4.38813e+14 2.03897e+34 4.91944e+19 2.63203e+38 
4.39182e+14 2.05005e+34 4.94344e+19 2.63414e+38 
4.39553e+14 2.06114e+34 4.96744e+19 2.63625e+38 
4.39923e+14 2.07224e+34 4.99143e+19 2.63836e+38 
4.40294e+14 2.08335e+34 5.01541e+19 2.64048e+38 
4.40665e+14 2.09447e+34 5.03939e+19 2.64259e+38 
4.41037e+14 2.1056e+34 5.06337e+19 2.64471e+38 
4.41409e+14 2.11674e+34 5.08734e+19 2.64682e+38 
4.41781e+14 2.12789e+34 5.1113e+19 2.64894e+38 
4.42153e+14 2.13905e+34 5.13526e+19 2.65106e+38 
4.42526e+14 2.15022e+34 5.15921e+19 2.65318e+38 
4.42899e+14 2.16139e+34 5.18316e+19 2.6553e+38 
4.43272e+14 2.17258e+34 5.2071e+19 2.65743e+38 
4.43646e+14 2.18377e+34 5.23104e+19 2.65955e+38 
4.4402e+14 2.19498e+34 5.25497e+19 2.66168e+38 
4.44394e+14 2.20619e+34 5.2789e+19 2.6638e+38 
4.44769e+14 2.21742e+34 5.30282e+19 2.66593e+38 
4.45144e+14 2.22865e+34 5.32674e+19 2.66806e+38 
4.45519e+14 2.23989e+34 5.35065e+19 2.67019e+38 
4.45895e+14 2.25114e+34 5.37455e+19 2.67232e+38 
4.46271e+14 2.26241e+34 5.39845e+19 2.67445e+38 
4.46647e+14 2.27368e+34 5.42235e+19 2.67659e+38 
4.47024e+14 2.28496e+34 5.44624e+19 2.67872e+38 
4.474e+14 2.29625e+34 5.47012e+19 2.68086e+38 
4.47778e+14 2.30755e+34 5.494e+19 2.683e+38 
4.48155e+14 2.31886e+34 5.51788e+19 2.68514e+38 
4.48533e+14 2.33018e+34 5.54174e+19 2.68728e+38 
4.48911e+14 2.3415e+34 5.56561e+19 2.68942e+38 
4.49289e+14 2.35284e+34 5.58947e+19 2.69156e+38 
4.49668e+14 2.36419e+34 5.61332e+19 2.6937e+38 
4.50047e+14 2.37555e+34 5.63717e+19 2.69585e+38 
4.50427e+14 2.38691e+34 5.66101e+19 2.698e+38 
4.50806e+14 2.39829e+34 5.68485e+19 2.70014e+38 
4.51187e+14 2.40967e+34 5.70868e+19 2.70229e+38 
4.51567e+14 2.42107e+34 5.73251e+19 2.70444e+38 
4.51948e+14 2.43247e+34 5.75633e+19 2.70659e+38 
4.52329e+14 2.44389e+34 5.78014e+19 2.70875e+38 
4.5271e+14 2.45531e+34 5.80396e+19 2.7109e+38 
4.53092e+14 2.46675e+34 5.82776e+19 2.71306e+38 
4.53474e+14 2.47819e+34 5.85156e+19 2.71521e+38 
4.53856e+14 2.48964e+34 5.87536e+19 2.71737e+38 
4.54238e+14 2.5011e+34 5.89915e+19 2.71953e+38 
4.54621e+14 2.51258e+34 5.92293e+19 2.72169e+38 
4.55005e+14 2.52406e+34 5.94671e+19 2.72385e+38 
4.55388e+14 2.53555e+34 5.97049e+19 2.72601e+38 
4.55772e+14 2.54705e+34 5.99426e+19 2.72818e+38 
4.56156e+14 2.55856e+34 6.01803e+19 2.73034e+38 
4.56541e+14 2.57008e+34 6.04179e+19 2.73251e+38 
4.56926e+14 2.58161e+34 6.06554e+19 2.73467e+38 
4.57311e+14 2.59315e+34 6.08929e+19 2.73684e+38 
4.57697e+14 2.6047e+34 6.11304e+19 2.73901e+38 
4.58082e+14 2.61626e+34 6.13677e+19 2.74118e+38 
4.58469e+14 2.62783e+34 6.16051e+19 2.74336e+38 
4.58855e+14 2.63941e+34 6.18424e+19 2.74553e+38 
4.59242e+14 2.651e+34 6.20796e+19 2.74771e+38 
4.59629e+14 2.6626e+34 6.23168e+19 2.74988e+38 
4.60017e+14 2.67421e+34 6.2554e+19 2.75206e+38 
4.60404e+14 2.68583e+34 6.27911e+19 2.75424e+38 
4.60793e+14 2.69746e+34 6.30281e+19 2.75642e+38 
4.61181e+14 2.70909e+34 6.32651e+19 2.7586e+38 
4.6157e+14 2.72074e+34 6.3502e+19 2.76078e+38 
4.61959e+14 2.7324e+34 6.37389e+19 2.76297e+38 
4.62348e+14 2.74407e+34 6.39758e+19 2.76515e+38 
4.62738e+14 2.75574e+34 6.42126e+19 2.76734e+38 
4.63128e+14 2.76743e+34 6.44493e+19 2.76953e+38 
4.63519e+14 2.77913e+34 6.4686e+19 2.77172e+38 
4.63909e+14 2.79083e+34 6.49226e+19 2.77391e+38 
4.64301e+14 2.80255e+34 6.51592e+19 2.7761e+38 
4.64692e+14 2.81428e+34 6.53958e+19 2.77829e+38 
4.65084e+14 2.82601e+34 6.56323e+19 2.78048e+38 
4.65476e+14 2.83776e+34 6.58687e+19 2.78268e+38 
4.65868e+14 2.84952e+34 6.61051e+19 2.78488e+38 
4.66261e+14 2.86128e+34 6.63415e+19 2.78707e+38 
4.66654e+14 2.87306e+34 6.65777e+19 2.78927e+38 
4.67047e+14 2.88484e+34 6.6814e+19 2.79147e+38 
4.67441e+14 2.89664e+34 6.70502e+19 2.79368e+38 
4.67835e+14 2.90844e+34 6.72863e+19 2.79588e+38 
4.6823e+14 2.92026e+34 6.75224e+19 2.79808e+38 
4.68624e+14 2.93209e+34 6.77585e+19 2.80029e+38 
4.69019e+14 2.94392e+34 6.79945e+19 2.80249e+38 
4.69415e+14 2.95577e+34 6.82304e+19 2.8047e+38 
4.69811e+14 2.96762e+34 6.84663e+19 2.80691e+38 
4.70207e+14 2.97949e+34 6.87022e+19 2.80912e+38 
4.70603e+14 2.99136e+34 6.8938e+19 2.81133e+38 
4.71e+14 3.00325e+34 6.91737e+19 2.81355e+38 
4.71397e+14 3.01515e+34 6.94095e+19 2.81576e+38 
4.71794e+14 3.02705e+34 6.96451e+19 2.81798e+38 
4.72192e+14 3.03897e+34 6.98807e+19 2.8202e+38 
4.7259e+14 3.05089e+34 7.01163e+19 2.82241e+38 
4.72988e+14 3.06283e+34 7.03518e+19 2.82463e+38 
4.73387e+14 3.07477e+34 7.05873e+19 2.82685e+38 
4.73786e+14 3.08673e+34 7.08227e+19 2.82908e+38 
4.74186e+14 3.0987e+34 7.1058e+19 2.8313e+38 
4.74585e+14 3.11067e+34 7.12934e+19 2.83352e+38 
4.74986e+14 3.12266e+34 7.15286e+19 2.83575e+38 
4.75386e+14 3.13466e+34 7.17639e+19 2.83798e+38 
4.75787e+14 3.14666e+34 7.1999e+19 2.84021e+38 
4.76188e+14 3.15868e+34 7.22342e+19 2.84244e+38 
4.76589e+14 3.1707e+34 7.24692e+19 2.84467e+38 
4.76991e+14 3.18274e+34 7.27043e+19 2.8469e+38 
4.77393e+14 3.19479e+34 7.29393e+19 2.84913e+38 
4.77796e+14 3.20685e+34 7.31742e+19 2.85137e+38 
4.78199e+14 3.21891e+34 7.34091e+19 2.85361e+38 
4.78602e+14 3.23099e+34 7.36439e+19 2.85584e+38 
4.79005e+14 3.24308e+34 7.38787e+19 2.85808e+38 
4.79409e+14 3.25518e+34 7.41135e+19 2.86032e+38 
4.79813e+14 3.26728e+34 7.43482e+19 2.86257e+38 
4.80218e+14 3.2794e+34 7.45828e+19 2.86481e+38 
4.80622e+14 3.29153e+34 7.48174e+19 2.86705e+38 
4.81028e+14 3.30367e+34 7.5052e+19 2.8693e+38 
4.81433e+14 3.31582e+34 7.52865e+19 2.87155e+38 
4.81839e+14 3.32798e+34 7.55209e+19 2.87379e+38 
4.82245e+14 3.34015e+34 7.57554e+19 2.87604e+38 
4.82652e+14 3.35233e+34 7.59897e+19 2.87829e+38 
4.83059e+14 3.36452e+34 7.62241e+19 2.88055e+38 
4.83466e+14 3.37672e+34 7.64583e+19 2.8828e+38 
4.83874e+14 3.38893e+34 7.66926e+19 2.88505e+38 
4.84281e+14 3.40115e+34 7.69267e+19 2.88731e+38 
4.8469e+14 3.41338e+34 7.71609e+19 2.88957e+38 
4.85098e+14 3.42562e+34 7.7395e+19 2.89183e+38 
4.85507e+14 3.43787e+34 7.7629e+19 2.89409e+38 
4.85917e+14 3.45013e+34 7.7863e+19 2.89635e+38 
4.86326e+14 3.46241e+34 7.80969e+19 2.89861e+38 
4.86736e+14 3.47469e+34 7.83308e+19 2.90087e+38 
4.87147e+14 3.48698e+34 7.85647e+19 2.90314e+38 
4.87557e+14 3.49929e+34 7.87985e+19 2.90541e+38 
4.87968e+14 3.5116e+34 7.90323e+19 2.90767e+38 
4.8838e+14 3.52392e+34 7.9266e+19 2.90994e+38 
4.88791e+14 3.53626e+34 7.94997e+19 2.91221e+38 
4.89203e+14 3.5486e+34 7.97333e+19 2.91449e+38 
4.89616e+14 3.56096e+34 7.99669e+19 2.91676e+38 
4.90029e+14 3.57332e+34 8.02004e+19 2.91903e+38 
4.90442e+14 3.5857e+34 8.04339e+19 2.92131e+38 
4.90855e+14 3.59809e+34 8.06673e+19 2.92359e+38 
4.91269e+14 3.61048e+34 8.09007e+19 2.92587e+38 
4.91683e+14 3.62289e+34 8.11341e+19 2.92815e+38 
4.92098e+14 3.63531e+34 8.13674e+19 2.93043e+38 
4.92513e+14 3.64774e+34 8.16006e+19 2.93271e+38 
4.92928e+14 3.66018e+34 8.18338e+19 2.93499e+38 
4.93343e+14 3.67263e+34 8.2067e+19 2.93728e+38 
4.93759e+14 3.68509e+34 8.23001e+19 2.93956e+38 
4.94175e+14 3.69756e+34 8.25332e+19 2.94185e+38 
4.94592e+14 3.71004e+34 8.27662e+19 2.94414e+38 
4.95009e+14 3.72253e+34 8.29992e+19 2.94643e+38 
4.95426e+14 3.73503e+34 8.32322e+19 2.94872e+38 
4.95844e+14 3.74754e+34 8.34651e+19 2.95102e+38 
4.96262e+14 3.76007e+34 8.36979e+19 2.95331e+38 
4.9668e+14 3.7726e+34 8.39307e+19 2.95561e+38 
4.97099e+14 3.78515e+34 8.41635e+19 2.9579e+38 
4.97518e+14 3.7977e+34 8.43962e+19 2.9602e+38 
4.97938e+14 3.81027e+34 8.46289e+19 2.9625e+38 
4.98357e+14 3.82284e+34 8.48615e+19 2.9648e+38 
4.98778e+14 3.83543e+34 8.50941e+19 2.96711e+38 
4.99198e+14 3.84803e+34 8.53266e+19 2.96941e+38 
4.99619e+14 3.86063e+34 8.55591e+19 2.97172e+38 
5.0004e+14 3.87325e+34 8.57915e+19 2.97402e+38 
5.00462e+14 3.88588e+34 8.60239e+19 2.97633e+38 
5.00883e+14 3.89852e+34 8.62563e+19 2.97864e+38 
5.01306e+14 3.91117e+34 8.64886e+19 2.98095e+38 
5.01728e+14 3.92383e+34 8.67209e+19 2.98326e+38 
5.02151e+14 3.9365e+34 8.69531e+19 2.98558e+38 
5.02575e+14 3.94919e+34 8.71853e+19 2.98789e+38 
5.02998e+14 3.96188e+34 8.74174e+19 2.99021e+38 
5.03422e+14 3.97458e+34 8.76495e+19 2.99252e+38 
5.03847e+14 3.9873e+34 8.78815e+19 2.99484e+38 
5.04272e+14 4.00002e+34 8.81136e+19 2.99716e+38 
5.04697e+14 4.01276e+34 8.83455e+19 2.99949e+38 
5.05122e+14 4.02551e+34 8.85774e+19 3.00181e+38 
5.05548e+14 4.03826e+34 8.88093e+19 3.00413e+38 
5.05974e+14 4.05103e+34 8.90411e+19 3.00646e+38 
5.06401e+14 4.06381e+34 8.92729e+19 3.00878e+38 
5.06828e+14 4.0766e+34 8.95046e+19 3.01111e+38 
5.07255e+14 4.0894e+34 8.97363e+19 3.01344e+38 
5.07683e+14 4.10221e+34 8.9968e+19 3.01577e+38 
5.08111e+14 4.11503e+34 9.01996e+19 3.01811e+38 
5.08539e+14 4.12787e+34 9.04312e+19 3.02044e+38 
5.08968e+14 4.14071e+34 9.06627e+19 3.02278e+38 
5.09397e+14 4.15357e+34 9.08942e+19 3.02511e+38 
5.09826e+14 4.16643e+34 9.11256e+19 3.02745e+38 
5.10256e+14 4.17931e+34 9.1357e+19 3.02979e+38 
5.10686e+14 4.19219e+34 9.15883e+19 3.03213e+38 
5.11117e+14 4.20509e+34 9.18197e+19 3.03447e+38 
5.11548e+14 4.218e+34 9.20509e+19 3.03681e+38 
5.11979e+14 4.23092e+34 9.22821e+19 3.03916e+38 
5.1241e+14 4.24385e+34 9.25133e+19 3.04151e+38 
5.12842e+14 4.25679e+34 9.27444e+19 3.04385e+38 
5.13275e+14 4.26975e+34 9.29755e+19 3.0462e+38 
5.13707e+14 4.28271e+34 9.32066e+19 3.04855e+38 
5.14141e+14 4.29568e+34 9.34376e+19 3.0509e+38 
5.14574e+14 4.30867e+34 9.36685e+19 3.05326e+38 
5.15008e+14 4.32166e+34 9.38995e+19 3.05561e+38 
5.15442e+14 4.33467e+34 9.41303e+19 3.05797e+38 
5.15877e+14 4.34769e+34 9.43612e+19 3.06032e+38 
5.16311e+14 4.36072e+34 9.4592e+19 3.06268e+38 
5.16747e+14 4.37376e+34 9.48227e+19 3.06504e+38 
5.17182e+14 4.38681e+34 9.50534e+19 3.0674e+38 
5.17618e+14 4.39987e+34 9.52841e+19 3.06977e+38 
5.18055e+14 4.41295e+34 9.55147e+19 3.07213e+38 
5.18491e+14 4.42603e+34 9.57453e+19 3.0745e+38 
5.18929e+14 4.43912e+34 9.59758e+19 3.07686e+38 
5.19366e+14 4.45223e+34 9.62063e+19 3.07923e+38 
5.19804e+14 4.46535e+34 9.64368e+19 3.0816e+38 
5.20242e+14 4.47848e+34 9.66672e+19 3.08397e+38 
5.20681e+14 4.49162e+34 9.68975e+19 3.08634e+38 
5.2112e+14 4.50477e+34 9.71279e+19 3.08872e+38 
5.21559e+14 4.51793e+34 9.73581e+19 3.09109e+38 
5.21999e+14 4.5311e+34 9.75884e+19 3.09347e+38 
5.22439e+14 4.54428e+34 9.78186e+19 3.09585e+38 
5.22879e+14 4.55748e+34 9.80487e+19 3.09823e+38 
5.2332e+14 4.57068e+34 9.82789e+19 3.10061e+38 
5.23761e+14 4.5839e+34 9.85089e+19 3.10299e+38 
5.24203e+14 4.59713e+34 9.8739e+19 3.10537e+38 
5.24645e+14 4.61037e+34 9.8969e+19 3.10776e+38 
5.25087e+14 4.62362e+34 9.91989e+19 3.11014e+38 
5.2553e+14 4.63688e+34 9.94288e+19 3.11253e+38 
5.25973e+14 4.65015e+34 9.96587e+19 3.11492e+38 
5.26416e+14 4.66344e+34 9.98885e+19 3.11731e+38 
5.2686e+14 4.67673e+34 1.00118e+20 3.1197e+38 
5.27304e+14 4.69004e+34 1.00348e+20 3.1221e+38 
5.27749e+14 4.70336e+34 1.00578e+20 3.12449e+38 
5.28193e+14 4.71669e+34 1.00807e+20 3.12689e+38 
5.28639e+14 4.73003e+34 1.01037e+20 3.12928e+38 
5.29084e+14 4.74338e+34 1.01267e+20 3.13168e+38 
5.2953e+14 4.75674e+34 1.01496e+20 3.13408e+38 
5.29977e+14 4.77011e+34 1.01726e+20 3.13649e+38 
5.30424e+14 4.7835e+34 1.01955e+20 3.13889e+38 
5.30871e+14 4.7969e+34 1.02184e+20 3.14129e+38 
5.31318e+14 4.8103e+34 1.02414e+20 3.1437e+38 
5.31766e+14 4.82372e+34 1.02643e+20 3.14611e+38 
5.32215e+14 4.83715e+34 1.02872e+20 3.14852e+38 
5.32663e+14 4.8506e+34 1.03102e+20 3.15093e+38 
5.33112e+14 4.86405e+34 1.03331e+20 3.15334e+38 
5.33562e+14 4.87751e+34 1.0356e+20 3.15575e+38 
5.34012e+14 4.89099e+34 1.03789e+20 3.15816e+38 
5.34462e+14 4.90448e+34 1.04018e+20 3.16058e+38 
5.34912e+14 4.91797e+34 1.04247e+20 3.163e+38 
5.35363e+14 4.93148e+34 1.04476e+20 3.16542e+38 
5.35815e+14 4.945e+34 1.04705e+20 3.16784e+38 
5.36266e+14 4.95854e+34 1.04934e+20 3.17026e+38 
5.36718e+14 4.97208e+34 1.05163e+20 3.17268e+38 
5.37171e+14 4.98564e+34 1.05392e+20 3.17511e+38 
5.37624e+14 4.9992e+34 1.05621e+20 3.17753e+38 
5.38077e+14 5.01278e+34 1.0585e+20 3.17996e+38 
5.38531e+14 5.02637e+34 1.06078e+20 3.18239e+38 
5.38985e+14 5.03997e+34 1.06307e+20 3.18482e+38 
5.39439e+14 5.05359e+34 1.06536e+20 3.18725e+38 
5.39894e+14 5.06721e+34 1.06764e+20 3.18968e+38 
5.40349e+14 5.08085e+34 1.06993e+20 3.19212e+38 
5.40804e+14 5.09449e+34 1.07221e+20 3.19455e+38 
5.4126e+14 5.10815e+34 1.0745e+20 3.19699e+38 
5.41717e+14 5.12182e+34 1.07678e+20 3.19943e+38 
5.42173e+14 5.1355e+34 1.07907e+20 3.20187e+38 
5.4263e+14 5.1492e+34 1.08135e+20 3.20431e+38 
5.43088e+14 5.1629e+34 1.08363e+20 3.20675e+38 
5.43546e+14 5.17662e+34 1.08592e+20 3.2092e+38 
5.44004e+14 5.19035e+34 1.0882e+20 3.21164e+38 
5.44463e+14 5.20409e+34 1.09048e+20 3.21409e+38 
5.44922e+14 5.21784e+34 1.09276e+20 3.21654e+38 
5.45381e+14 5.2316e+34 1.09504e+20 3.21899e+38 
5.45841e+14 5.24537e+34 1.09732e+20 3.22144e+38 
5.46301e+14 5.25916e+34 1.09961e+20 3.2239e+38 
5.46761e+14 5.27296e+34 1.10189e+20 3.22635e+38 
5.47222e+14 5.28677e+34 1.10416e+20 3.22881e+38 
5.47684e+14 5.30059e+34 1.10644e+20 3.23126e+38 
5.48145e+14 5.31442e+34 1.10872e+20 3.23372e+38 
5.48608e+14 5.32826e+34 1.111e+20 3.23618e+38 
5.4907e+14 5.34212e+34 1.11328e+20 3.23865e+38 
5.49533e+14 5.35599e+34 1.11556e+20 3.24111e+38 
5.49996e+14 5.36986e+34 1.11784e+20 3.24357e+38 
5.5046e+14 5.38376e+34 1.12011e+20 3.24604e+38 
5.50924e+14 5.39766e+34 1.12239e+20 3.24851e+38 
5.51388e+14 5.41157e+34 1.12466e+20 3.25098e+38 
5.51853e+14 5.4255e+34 1.12694e+20 3.25345e+38 
5.52318e+14 5.43944e+34 1.12922e+20 3.25592e+38 
5.52784e+14 5.45339e+34 1.13149e+20 3.25839e+38 
5.5325e+14 5.46735e+34 1.13377e+20 3.26087e+38 
5.53717e+14 5.48132e+34 1.13604e+20 3.26334e+38 
5.54183e+14 5.4953e+34 1.13831e+20 3.26582e+38 
5.54651e+14 5.5093e+34 1.14059e+20 3.2683e+38 
5.55118e+14 5.52331e+34 1.14286e+20 3.27078e+38 
5.55586e+14 5.53733e+34 1.14513e+20 3.27326e+38 
5.56054e+14 5.55136e+34 1.14741e+20 3.27575e+38 
5.56523e+14 5.56541e+34 1.14968e+20 3.27823e+38 
5.56992e+14 5.57946e+34 1.15195e+20 3.28072e+38 
5.57462e+14 5.59353e+34 1.15422e+20 3.28321e+38 
5.57932e+14 5.60761e+34 1.15649e+20 3.2857e+38 
5.58402e+14 5.6217e+34 1.15876e+20 3.28819e+38 
5.58873e+14 5.6358e+34 1.16103e+20 3.29068e+38 
5.59344e+14 5.64992e+34 1.1633e+20 3.29317e+38 
5.59816e+14 5.66404e+34 1.16557e+20 3.29567e+38 
5.60288e+14 5.67818e+34 1.16784e+20 3.29817e+38 
5.6076e+14 5.69233e+34 1.17011e+20 3.30067e+38 
5.61233e+14 5.7065e+34 1.17238e+20 3.30317e+38 
5.61706e+14 5.72067e+34 1.17464e+20 3.30567e+38 
5.62179e+14 5.73486e+34 1.17691e+20 3.30817e+38 
5.62653e+14 5.74906e+34 1.17918e+20 3.31067e+38 
5.63128e+14 5.76327e+34 1.18145e+20 3.31318e+38 
5.63603e+14 5.77749e+34 1.18371e+20 3.31569e+38 
5.64078e+14 5.79172e+34 1.18598e+20 3.3182e+38 
5.64553e+14 5.80597e+34 1.18824e+20 3.32071e+38 
5.65029e+14 5.82023e+34 1.19051e+20 3.32322e+38 
5.65505e+14 5.8345e+34 1.19277e+20 3.32573e+38 
5.65982e+14 5.84878e+34 1.19504e+20 3.32825e+38 
5.66459e+14 5.86308e+34 1.1973e+20 3.33076e+38 
5.66937e+14 5.87738e+34 1.19956e+20 3.33328e+38 
5.67415e+14 5.8917e+34 1.20183e+20 3.3358e+38 
5.67893e+14 5.90603e+34 1.20409e+20 3.33832e+38 
5.68372e+14 5.92037e+34 1.20635e+20 3.34084e+38 
5.68851e+14 5.93473e+34 1.20862e+20 3.34336e+38 
5.69331e+14 5.9491e+34 1.21088e+20 3.34589e+38 
5.69811e+14 5.96348e+34 1.21314e+20 3.34842e+38 
5.70291e+14 5.97787e+34 1.2154e+20 3.35094e+38 
5.70772e+14 5.99227e+34 1.21766e+20 3.35347e+38 
5.71253e+14 6.00669e+34 1.21992e+20 3.35601e+38 
5.71735e+14 6.02111e+34 1.22218e+20 3.35854e+38 
5.72217e+14 6.03555e+34 1.22444e+20 3.36107e+38 
5.72699e+14 6.05001e+34 1.2267e+20 3.36361e+38 
5.73182e+14 6.06447e+34 1.22896e+20 3.36614e+38 
5.73665e+14 6.07895e+34 1.23122e+20 3.36868e+38 
5.74149e+14 6.09343e+34 1.23348e+20 3.37122e+38 
5.74633e+14 6.10794e+34 1.23573e+20 3.37376e+38 
5.75117e+14 6.12245e+34 1.23799e+20 3.37631e+38 
5.75602e+14 6.13697e+34 1.24025e+20 3.37885e+38 
5.76087e+14 6.15151e+34 1.2425e+20 3.3814e+38 
5.76573e+14 6.16606e+34 1.24476e+20 3.38395e+38 
5.77059e+14 6.18062e+34 1.24702e+20 3.3865e+38 
5.77545e+14 6.1952e+34 1.24927e+20 3.38905e+38 
5.78032e+14 6.20978e+34 1.25153e+20 3.3916e+38 
5.7852e+14 6.22438e+34 1.25378e+20 3.39415e+38 
5.79007e+14 6.23899e+34 1.25604e+20 3.39671e+38 
5.79495e+14 6.25362e+34 1.25829e+20 3.39926e+38 
5.79984e+14 6.26825e+34 1.26054e+20 3.40182e+38 
5.80473e+14 6.2829e+34 1.2628e+20 3.40438e+38 
5.80962e+14 6.29756e+34 1.26505e+20 3.40694e+38 
5.81452e+14 6.31223e+34 1.2673e+20 3.40951e+38 
5.81942e+14 6.32692e+34 1.26956e+20 3.41207e+38 
5.82433e+14 6.34162e+34 1.27181e+20 3.41464e+38 
5.82924e+14 6.35633e+34 1.27406e+20 3.4172e+38 
5.83415e+14 6.37105e+34 1.27631e+20 3.41977e+38 
5.83907e+14 6.38578e+34 1.27856e+20 3.42234e+38 
5.84399e+14 6.40053e+34 1.28081e+20 3.42491e+38 
5.84892e+14 6.41529e+34 1.28306e+20 3.42749e+38 
5.85385e+14 6.43006e+34 1.28531e+20 3.43006e+38 
5.85879e+14 6.44485e+34 1.28756e+20 3.43264e+38 
5.86373e+14 6.45965e+34 1.28981e+20 3.43522e+38 
5.86867e+14 6.47446e+34 1.29206e+20 3.4378e+38 
5.87362e+14 6.48928e+34 1.29431e+20 3.44038e+38 
5.87857e+14 6.50411e+34 1.29656e+20 3.44296e+38 
5.88352e+14 6.51896e+34 1.2988e+20 3.44554e+38 
5.88848e+14 6.53382e+34 1.30105e+20 3.44813e+38 
5.89345e+14 6.54869e+34 1.3033e+20 3.45072e+38 
5.89842e+14 6.56357e+34 1.30554e+20 3.4533e+38 
5.90339e+14 6.57847e+34 1.30779e+20 3.4559e+38 
5.90837e+14 6.59338e+34 1.31004e+20 3.45849e+38 
5.91335e+14 6.6083e+34 1.31228e+20 3.46108e+38 
5.91833e+14 6.62324e+34 1.31453e+20 3.46367e+38 
5.92332e+14 6.63819e+34 1.31677e+20 3.46627e+38 
5.92832e+14 6.65315e+34 1.31902e+20 3.46887e+38 
5.93331e+14 6.66812e+34 1.32126e+20 3.47147e+38 
5.93831e+14 6.6831e+34 1.3235e+20 3.47407e+38 
5.94332e+14 6.6981e+34 1.32575e+20 3.47667e+38 
5.94833e+14 6.71311e+34 1.32799e+20 3.47928e+38 
5.95335e+14 6.72814e+34 1.33023e+20 3.48188e+38 
5.95837e+14 6.74317e+34 1.33248e+20 3.48449e+38 
5.96339e+14 6.75822e+34 1.33472e+20 3.4871e+38 
5.96842e+14 6.77328e+34 1.33696e+20 3.48971e+38 
5.97345e+14 6.78836e+34 1.3392e+20 3.49232e+38 
5.97848e+14 6.80344e+34 1.34144e+20 3.49493e+38 
5.98352e+14 6.81854e+34 1.34368e+20 3.49755e+38 
5.98857e+14 6.83365e+34 1.34592e+20 3.50016e+38 
5.99362e+14 6.84878e+34 1.34816e+20 3.50278e+38 
5.99867e+14 6.86392e+34 1.3504e+20 3.5054e+38 
6.00373e+14 6.87907e+34 1.35264e+20 3.50802e+38 
6.00879e+14 6.89423e+34 1.35488e+20 3.51065e+38 
6.01385e+14 6.90941e+34 1.35712e+20 3.51327e+38 
6.01892e+14 6.92459e+34 1.35936e+20 3.5159e+38 
6.024e+14 6.9398e+34 1.36159e+20 3.51852e+38 
6.02908e+14 6.95501e+34 1.36383e+20 3.52115e+38 
6.03416e+14 6.97024e+34 1.36607e+20 3.52378e+38 
6.03925e+14 6.98548e+34 1.36831e+20 3.52641e+38 
6.04434e+14 7.00073e+34 1.37054e+20 3.52905e+38 
6.04943e+14 7.016e+34 1.37278e+20 3.53168e+38 
6.05453e+14 7.03127e+34 1.37502e+20 3.53432e+38 
6.05964e+14 7.04657e+34 1.37725e+20 3.53696e+38 
6.06474e+14 7.06187e+34 1.37949e+20 3.5396e+38 
6.06986e+14 7.07719e+34 1.38172e+20 3.54224e+38 
6.07497e+14 7.09252e+34 1.38396e+20 3.54488e+38 
6.0801e+14 7.10786e+34 1.38619e+20 3.54753e+38 
6.08522e+14 7.12322e+34 1.38842e+20 3.55017e+38 
6.09035e+14 7.13859e+34 1.39066e+20 3.55282e+38 
6.09549e+14 7.15397e+34 1.39289e+20 3.55547e+38 
6.10063e+14 7.16936e+34 1.39512e+20 3.55812e+38 
6.10577e+14 7.18477e+34 1.39735e+20 3.56077e+38 
6.11092e+14 7.20019e+34 1.39959e+20 3.56343e+38 
6.11607e+14 7.21562e+34 1.40182e+20 3.56608e+38 
6.12122e+14 7.23107e+34 1.40405e+20 3.56874e+38 
6.12638e+14 7.24653e+34 1.40628e+20 3.5714e+38 
6.13155e+14 7.262e+34 1.40851e+20 3.57406e+38 
6.13672e+14 7.27749e+34 1.41074e+20 3.57672e+38 
6.14189e+14 7.29299e+34 1.41297e+20 3.57938e+38 
6.14707e+14 7.3085e+34 1.4152e+20 3.58205e+38 
6.15225e+14 7.32403e+34 1.41743e+20 3.58472e+38 
6.15744e+14 7.33956e+34 1.41966e+20 3.58738e+38 
6.16263e+14 7.35512e+34 1.42189e+20 3.59005e+38 
6.16782e+14 7.37068e+34 1.42412e+20 3.59273e+38 
6.17302e+14 7.38626e+34 1.42635e+20 3.5954e+38 
6.17823e+14 7.40185e+34 1.42857e+20 3.59807e+38 
6.18344e+14 7.41745e+34 1.4308e+20 3.60075e+38 
6.18865e+14 7.43307e+34 1.43303e+20 3.60343e+38 
6.19387e+14 7.4487e+34 1.43526e+20 3.60611e+38 
6.19909e+14 7.46434e+34 1.43748e+20 3.60879e+38 
6.20431e+14 7.48e+34 1.43971e+20 3.61147e+38 
6.20955e+14 7.49567e+34 1.44193e+20 3.61415e+38 
6.21478e+14 7.51135e+34 1.44416e+20 3.61684e+38 
6.22002e+14 7.52705e+34 1.44638e+20 3.61953e+38 
6.22526e+14 7.54276e+34 1.44861e+20 3.62222e+38 
6.23051e+14 7.55848e+34 1.45083e+20 3.62491e+38 
6.23576e+14 7.57422e+34 1.45306e+20 3.6276e+38 
6.24102e+14 7.58997e+34 1.45528e+20 3.63029e+38 
6.24628e+14 7.60573e+34 1.45751e+20 3.63299e+38 
6.25155e+14 7.6215e+34 1.45973e+20 3.63569e+38 
6.25682e+14 7.63729e+34 1.46195e+20 3.63838e+38 
6.26209e+14 7.65309e+34 1.46417e+20 3.64108e+38 
6.26737e+14 7.66891e+34 1.4664e+20 3.64379e+38 
6.27266e+14 7.68474e+34 1.46862e+20 3.64649e+38 
6.27794e+14 7.70058e+34 1.47084e+20 3.64919e+38 
6.28324e+14 7.71644e+34 1.47306e+20 3.6519e+38 
6.28853e+14 7.73231e+34 1.47528e+20 3.65461e+38 
6.29383e+14 7.74819e+34 1.4775e+20 3.65732e+38 
6.29914e+14 7.76408e+34 1.47972e+20 3.66003e+38 
6.30445e+14 7.77999e+34 1.48194e+20 3.66274e+38 
6.30977e+14 7.79592e+34 1.48416e+20 3.66546e+38 
6.31509e+14 7.81185e+34 1.48638e+20 3.66818e+38 
6.32041e+14 7.8278e+34 1.4886e+20 3.67089e+38 
6.32574e+14 7.84377e+34 1.49082e+20 3.67361e+38 
6.33107e+14 7.85974e+34 1.49304e+20 3.67633e+38 
6.33641e+14 7.87573e+34 1.49525e+20 3.67906e+38 
6.34175e+14 7.89173e+34 1.49747e+20 3.68178e+38 
6.3471e+14 7.90775e+34 1.49969e+20 3.68451e+38 
6.35245e+14 7.92378e+34 1.50191e+20 3.68723e+38 
6.3578e+14 7.93983e+34 1.50412e+20 3.68996e+38 
6.36316e+14 7.95588e+34 1.50634e+20 3.6927e+38 
6.36853e+14 7.97195e+34 1.50856e+20 3.69543e+38 
6.3739e+14 7.98804e+34 1.51077e+20 3.69816e+38 
6.37927e+14 8.00414e+34 1.51299e+20 3.7009e+38 
6.38465e+14 8.02025e+34 1.5152e+20 3.70364e+38 
6.39003e+14 8.03637e+34 1.51742e+20 3.70637e+38 
6.39542e+14 8.05251e+34 1.51963e+20 3.70911e+38 
6.40081e+14 8.06866e+34 1.52185e+20 3.71186e+38 
6.4062e+14 8.08483e+34 1.52406e+20 3.7146e+38 
6.4116e+14 8.10101e+34 1.52627e+20 3.71735e+38 
6.41701e+14 8.1172e+34 1.52849e+20 3.72009e+38 
6.42242e+14 8.13341e+34 1.5307e+20 3.72284e+38 
6.42783e+14 8.14963e+34 1.53291e+20 3.72559e+38 
6.43325e+14 8.16587e+34 1.53512e+20 3.72835e+38 
6.43868e+14 8.18211e+34 1.53734e+20 3.7311e+38 
6.4441e+14 8.19837e+34 1.53955e+20 3.73386e+38 
6.44954e+14 8.21465e+34 1.54176e+20 3.73661e+38 
6.45497e+14 8.23094e+34 1.54397e+20 3.73937e+38 
6.46042e+14 8.24724e+34 1.54618e+20 3.74213e+38 
6.46586e+14 8.26356e+34 1.54839e+20 3.74489e+38 
6.47131e+14 8.27989e+34 1.5506e+20 3.74766e+38 
6.47677e+14 8.29623e+34 1.55281e+20 3.75042e+38 
6.48223e+14 8.31259e+34 1.55502e+20 3.75319e+38 
6.48769e+14 8.32896e+34 1.55723e+20 3.75596e+38 
6.49316e+14 8.34535e+34 1.55944e+20 3.75873e+38 
6.49864e+14 8.36175e+34 1.56165e+20 3.7615e+38 
6.50412e+14 8.37816e+34 1.56386e+20 3.76427e+38 
6.5096e+14 8.39459e+34 1.56606e+20 3.76705e+38 
6.51509e+14 8.41103e+34 1.56827e+20 3.76983e+38 
6.52058e+14 8.42748e+34 1.57048e+20 3.7726e+38 
6.52608e+14 8.44395e+34 1.57269e+20 3.77539e+38 
6.53158e+14 8.46043e+34 1.57489e+20 3.77817e+38 
6.53708e+14 8.47693e+34 1.5771e+20 3.78095e+38 
6.5426e+14 8.49344e+34 1.5793e+20 3.78374e+38 
6.54811e+14 8.50996e+34 1.58151e+20 3.78652e+38 
6.55363e+14 8.5265e+34 1.58372e+20 3.78931e+38 
6.55916e+14 8.54305e+34 1.58592e+20 3.7921e+38 
6.56469e+14 8.55962e+34 1.58813e+20 3.79489e+38 
6.57022e+14 8.5762e+34 1.59033e+20 3.79769e+38 
6.57576e+14 8.59279e+34 1.59253e+20 3.80048e+38 
6.5813e+14 8.6094e+34 1.59474e+20 3.80328e+38 
6.58685e+14 8.62602e+34 1.59694e+20 3.80608e+38 
6.5924e+14 8.64266e+34 1.59915e+20 3.80888e+38 
6.59796e+14 8.65931e+34 1.60135e+20 3.81168e+38 
6.60352e+14 8.67597e+34 1.60355e+20 3.81448e+38 
6.60909e+14 8.69265e+34 1.60575e+20 3.81729e+38 
6.61466e+14 8.70934e+34 1.60796e+20 3.8201e+38 
6.62024e+14 8.72605e+34 1.61016e+20 3.8229e+38 
6.62582e+14 8.74277e+34 1.61236e+20 3.82571e+38 
6.63141e+14 8.7595e+34 1.61456e+20 3.82853e+38 
6.637e+14 8.77625e+34 1.61676e+20 3.83134e+38 
6.64259e+14 8.79301e+34 1.61896e+20 3.83416e+38 
6.64819e+14 8.80979e+34 1.62116e+20 3.83697e+38 
6.6538e+14 8.82658e+34 1.62336e+20 3.83979e+38 
6.65941e+14 8.84339e+34 1.62556e+20 3.84261e+38 
6.66502e+14 8.86021e+34 1.62776e+20 3.84543e+38 
6.67064e+14 8.87704e+34 1.62996e+20 3.84826e+38 
6.67626e+14 8.89389e+34 1.63216e+20 3.85108e+38 
6.68189e+14 8.91075e+34 1.63436e+20 3.85391e+38 
6.68752e+14 8.92762e+34 1.63656e+20 3.85674e+38 
6.69316e+14 8.94451e+34 1.63875e+20 3.85957e+38 
6.6988e+14 8.96142e+34 1.64095e+20 3.8624e+38 
6.70445e+14 8.97834e+34 1.64315e+20 3.86524e+38 
6.7101e+14 8.99527e+34 1.64535e+20 3.86807e+38 
6.71576e+14 9.01222e+34 1.64754e+20 3.87091e+38 
6.72142e+14 9.02918e+34 1.64974e+20 3.87375e+38 
6.72709e+14 9.04615e+34 1.65194e+20 3.87659e+38 
6.73276e+14 9.06314e+34 1.65413e+20 3.87943e+38 
6.73844e+14 9.08015e+34 1.65633e+20 3.88228e+38 
6.74412e+14 9.09717e+34 1.65852e+20 3.88512e+38 
6.7498e+14 9.1142e+34 1.66072e+20 3.88797e+38 
6.75549e+14 9.13125e+34 1.66291e+20 3.89082e+38 
6.76119e+14 9.14831e+34 1.66511e+20 3.89367e+38 
6.76689e+14 9.16539e+34 1.6673e+20 3.89652e+38 
6.77259e+14 9.18248e+34 1.66949e+20 3.89938e+38 
6.7783e+14 9.19958e+34 1.67169e+20 3.90223e+38 
6.78402e+14 9.2167e+34 1.67388e+20 3.90509e+38 
6.78974e+14 9.23383e+34 1.67607e+20 3.90795e+38 
6.79546e+14 9.25098e+34 1.67827e+20 3.91081e+38 
6.80119e+14 9.26815e+34 1.68046e+20 3.91367e+38 
6.80692e+14 9.28532e+34 1.68265e+20 3.91654e+38 
6.81266e+14 9.30251e+34 1.68484e+20 3.9194e+38 
6.8184e+14 9.31972e+34 1.68703e+20 3.92227e+38 
6.82415e+14 9.33694e+34 1.68922e+20 3.92514e+38 
6.82991e+14 9.35418e+34 1.69142e+20 3.92801e+38 
6.83566e+14 9.37143e+34 1.69361e+20 3.93089e+38 
6.84143e+14 9.38869e+34 1.6958e+20 3.93376e+38 
6.84719e+14 9.40597e+34 1.69799e+20 3.93664e+38 
6.85297e+14 9.42326e+34 1.70018e+20 3.93952e+38 
6.85874e+14 9.44057e+34 1.70237e+20 3.9424e+38 
6.86453e+14 9.45789e+34 1.70455e+20 3.94528e+38 
6.87031e+14 9.47523e+34 1.70674e+20 3.94816e+38 
6.8761e+14 9.49258e+34 1.70893e+20 3.95105e+38 
6.8819e+14 9.50995e+34 1.71112e+20 3.95393e+38 
6.8877e+14 9.52733e+34 1.71331e+20 3.95682e+38 
6.89351e+14 9.54473e+34 1.7155e+20 3.95971e+38 
6.89932e+14 9.56214e+34 1.71768e+20 3.96261e+38 
6.90514e+14 9.57956e+34 1.71987e+20 3.9655e+38 
6.91096e+14 9.597e+34 1.72206e+20 3.9684e+38 
6.91679e+14 9.61446e+34 1.72424e+20 3.97129e+38 
6.92262e+14 9.63192e+34 1.72643e+20 3.97419e+38 
6.92845e+14 9.64941e+34 1.72862e+20 3.97709e+38 
6.93429e+14 9.66691e+34 1.7308e+20 3.98e+38 
6.94014e+14 9.68442e+34 1.73299e+20 3.9829e+38 
6.94599e+14 9.70195e+34 1.73517e+20 3.98581e+38 
6.95185e+14 9.71949e+34 1.73736e+20 3.98871e+38 
6.95771e+14 9.73705e+34 1.73954e+20 3.99162e+38 
6.96357e+14 9.75462e+34 1.74173e+20 3.99454e+38 
6.96944e+14 9.77221e+34 1.74391e+20 3.99745e+38 
6.97532e+14 9.78981e+34 1.74609e+20 4.00036e+38 
6.9812e+14 9.80743e+34 1.74828e+20 4.00328e+38 
6.98708e+14 9.82506e+34 1.75046e+20 4.0062e+38 
6.99297e+14 9.84271e+34 1.75264e+20 4.00912e+38 
6.99887e+14 9.86037e+34 1.75483e+20 4.01204e+38 
7.00477e+14 9.87804e+34 1.75701e+20 4.01496e+38 
7.01068e+14 9.89574e+34 1.75919e+20 4.01789e+38 
7.01659e+14 9.91344e+34 1.76137e+20 4.02082e+38 
7.0225e+14 9.93116e+34 1.76355e+20 4.02374e+38 
7.02842e+14 9.9489e+34 1.76573e+20 4.02668e+38 
7.03435e+14 9.96665e+34 1.76792e+20 4.02961e+38 
7.04028e+14 9.98442e+34 1.7701e+20 4.03254e+38 
7.04621e+14 1.00022e+35 1.77228e+20 4.03548e+38 
7.05215e+14 1.002e+35 1.77446e+20 4.03842e+38 
7.0581e+14 1.00378e+35 1.77664e+20 4.04135e+38 
7.06405e+14 1.00556e+35 1.77882e+20 4.0443e+38 
7.07e+14 1.00735e+35 1.78099e+20 4.04724e+38 
7.07596e+14 1.00913e+35 1.78317e+20 4.05018e+38 
7.08193e+14 1.01092e+35 1.78535e+20 4.05313e+38 
7.0879e+14 1.01271e+35 1.78753e+20 4.05608e+38 
7.09387e+14 1.0145e+35 1.78971e+20 4.05903e+38 
7.09985e+14 1.01629e+35 1.79189e+20 4.06198e+38 
7.10584e+14 1.01808e+35 1.79406e+20 4.06493e+38 
7.11183e+14 1.01988e+35 1.79624e+20 4.06789e+38 
7.11783e+14 1.02167e+35 1.79842e+20 4.07085e+38 
7.12383e+14 1.02347e+35 1.8006e+20 4.07381e+38 
7.12983e+14 1.02527e+35 1.80277e+20 4.07677e+38 
7.13584e+14 1.02707e+35 1.80495e+20 4.07973e+38 
7.14186e+14 1.02887e+35 1.80712e+20 4.08269e+38 
7.14788e+14 1.03068e+35 1.8093e+20 4.08566e+38 
7.15391e+14 1.03248e+35 1.81148e+20 4.08863e+38 
7.15994e+14 1.03429e+35 1.81365e+20 4.0916e+38 
7.16597e+14 1.0361e+35 1.81583e+20 4.09457e+38 
7.17201e+14 1.03791e+35 1.818e+20 4.09754e+38 
7.17806e+14 1.03972e+35 1.82017e+20 4.10052e+38 
7.18411e+14 1.04153e+35 1.82235e+20 4.10349e+38 
7.19017e+14 1.04335e+35 1.82452e+20 4.10647e+38 
7.19623e+14 1.04516e+35 1.8267e+20 4.10945e+38 
7.2023e+14 1.04698e+35 1.82887e+20 4.11243e+38 
7.20837e+14 1.0488e+35 1.83104e+20 4.11542e+38 
7.21445e+14 1.05062e+35 1.83321e+20 4.1184e+38 
7.22053e+14 1.05244e+35 1.83539e+20 4.12139e+38 
7.22661e+14 1.05427e+35 1.83756e+20 4.12438e+38 
7.23271e+14 1.05609e+35 1.83973e+20 4.12737e+38 
7.2388e+14 1.05792e+35 1.8419e+20 4.13036e+38 
7.24491e+14 1.05975e+35 1.84407e+20 4.13336e+38 
7.25101e+14 1.06158e+35 1.84624e+20 4.13635e+38 
7.25713e+14 1.06341e+35 1.84842e+20 4.13935e+38 
7.26325e+14 1.06524e+35 1.85059e+20 4.14235e+38 
7.26937e+14 1.06707e+35 1.85276e+20 4.14536e+38 
7.2755e+14 1.06891e+35 1.85493e+20 4.14836e+38 
7.28163e+14 1.07075e+35 1.8571e+20 4.15136e+38 
7.28777e+14 1.07259e+35 1.85927e+20 4.15437e+38 
7.29391e+14 1.07443e+35 1.86143e+20 4.15738e+38 
7.30006e+14 1.07627e+35 1.8636e+20 4.16039e+38 
7.30622e+14 1.07811e+35 1.86577e+20 4.1634e+38 
7.31238e+14 1.07996e+35 1.86794e+20 4.16642e+38 
7.31854e+14 1.08181e+35 1.87011e+20 4.16944e+38 
7.32471e+14 1.08365e+35 1.87228e+20 4.17245e+38 
7.33089e+14 1.0855e+35 1.87444e+20 4.17547e+38 
7.33707e+14 1.08736e+35 1.87661e+20 4.1785e+38 
7.34325e+14 1.08921e+35 1.87878e+20 4.18152e+38 
7.34944e+14 1.09106e+35 1.88095e+20 4.18454e+38 
7.35564e+14 1.09292e+35 1.88311e+20 4.18757e+38 
7.36184e+14 1.09478e+35 1.88528e+20 4.1906e+38 
7.36804e+14 1.09664e+35 1.88744e+20 4.19363e+38 
7.37426e+14 1.0985e+35 1.88961e+20 4.19666e+38 
7.38047e+14 1.10036e+35 1.89178e+20 4.1997e+38 
7.3867e+14 1.10222e+35 1.89394e+20 4.20274e+38 
7.39292e+14 1.10409e+35 1.89611e+20 4.20577e+38 
7.39915e+14 1.10596e+35 1.89827e+20 4.20881e+38 
7.40539e+14 1.10783e+35 1.90043e+20 4.21186e+38 
7.41164e+14 1.1097e+35 1.9026e+20 4.2149e+38 
7.41788e+14 1.11157e+35 1.90476e+20 4.21794e+38 
7.42414e+14 1.11344e+35 1.90693e+20 4.22099e+38 
7.4304e+14 1.11532e+35 1.90909e+20 4.22404e+38 
7.43666e+14 1.11719e+35 1.91125e+20 4.22709e+38 
7.44293e+14 1.11907e+35 1.91342e+20 4.23015e+38 
7.4492e+14 1.12095e+35 1.91558e+20 4.2332e+38 
7.45548e+14 1.12283e+35 1.91774e+20 4.23626e+38 
7.46177e+14 1.12471e+35 1.9199e+20 4.23931e+38 
7.46806e+14 1.1266e+35 1.92206e+20 4.24238e+38 
7.47436e+14 1.12849e+35 1.92423e+20 4.24544e+38 
7.48066e+14 1.13037e+35 1.92639e+20 4.2485e+38 
7.48696e+14 1.13226e+35 1.92855e+20 4.25157e+38 
7.49328e+14 1.13415e+35 1.93071e+20 4.25463e+38 
7.49959e+14 1.13605e+35 1.93287e+20 4.2577e+38 
7.50592e+14 1.13794e+35 1.93503e+20 4.26078e+38 
7.51224e+14 1.13984e+35 1.93719e+20 4.26385e+38 
7.51858e+14 1.14173e+35 1.93935e+20 4.26692e+38 
7.52491e+14 1.14363e+35 1.94151e+20 4.27e+38 
7.53126e+14 1.14553e+35 1.94367e+20 4.27308e+38 
7.53761e+14 1.14743e+35 1.94583e+20 4.27616e+38 
7.54396e+14 1.14934e+35 1.94799e+20 4.27924e+38 
7.55032e+14 1.15124e+35 1.95014e+20 4.28233e+38 
7.55669e+14 1.15315e+35 1.9523e+20 4.28541e+38 
7.56306e+14 1.15506e+35 1.95446e+20 4.2885e+38 
7.56943e+14 1.15697e+35 1.95662e+20 4.29159e+38 
7.57581e+14 1.15888e+35 1.95878e+20 4.29468e+38 
7.5822e+14 1.16079e+35 1.96093e+20 4.29778e+38 
7.58859e+14 1.16271e+35 1.96309e+20 4.30087e+38 
7.59499e+14 1.16463e+35 1.96525e+20 4.30397e+38 
7.60139e+14 1.16654e+35 1.9674e+20 4.30707e+38 
7.6078e+14 1.16846e+35 1.96956e+20 4.31017e+38 
7.61422e+14 1.17039e+35 1.97172e+20 4.31327e+38 
7.62064e+14 1.17231e+35 1.97387e+20 4.31638e+38 
7.62706e+14 1.17423e+35 1.97603e+20 4.31948e+38 
7.63349e+14 1.17616e+35 1.97818e+20 4.32259e+38 
7.63992e+14 1.17809e+35 1.98034e+20 4.3257e+38 
7.64637e+14 1.18002e+35 1.98249e+20 4.32881e+38 
7.65281e+14 1.18195e+35 1.98465e+20 4.33193e+38 
7.65926e+14 1.18388e+35 1.9868e+20 4.33504e+38 
7.66572e+14 1.18582e+35 1.98895e+20 4.33816e+38 
7.67218e+14 1.18775e+35 1.99111e+20 4.34128e+38 
7.67865e+14 1.18969e+35 1.99326e+20 4.3444e+38 
7.68512e+14 1.19163e+35 1.99542e+20 4.34753e+38 
7.6916e+14 1.19357e+35 1.99757e+20 4.35065e+38 
7.69809e+14 1.19551e+35 1.99972e+20 4.35378e+38 
7.70458e+14 1.19746e+35 2.00187e+20 4.35691e+38 
7.71107e+14 1.1994e+35 2.00403e+20 4.36004e+38 
7.71757e+14 1.20135e+35 2.00618e+20 4.36317e+38 
7.72408e+14 1.2033e+35 2.00833e+20 4.36631e+38 
7.73059e+14 1.20525e+35 2.01048e+20 4.36945e+38 
7.73711e+14 1.2072e+35 2.01263e+20 4.37258e+38 
7.74363e+14 1.20916e+35 2.01478e+20 4.37573e+38 
7.75016e+14 1.21111e+35 2.01693e+20 4.37887e+38 
7.75669e+14 1.21307e+35 2.01908e+20 4.38201e+38 
7.76323e+14 1.21503e+35 2.02123e+20 4.38516e+38 
7.76978e+14 1.21699e+35 2.02338e+20 4.38831e+38 
7.77633e+14 1.21895e+35 2.02553e+20 4.39146e+38 
7.78288e+14 1.22092e+35 2.02768e+20 4.39461e+38 
7.78944e+14 1.22288e+35 2.02983e+20 4.39776e+38 
7.79601e+14 1.22485e+35 2.03198e+20 4.40092e+38 
7.80258e+14 1.22682e+35 2.03413e+20 4.40408e+38 
7.80916e+14 1.22879e+35 2.03628e+20 4.40724e+38 
7.81574e+14 1.23076e+35 2.03843e+20 4.4104e+38 
7.82233e+14 1.23273e+35 2.04058e+20 4.41356e+38 
7.82893e+14 1.23471e+35 2.04272e+20 4.41673e+38 
7.83553e+14 1.23669e+35 2.04487e+20 4.41989e+38 
7.84213e+14 1.23867e+35 2.04702e+20 4.42306e+38 
7.84874e+14 1.24065e+35 2.04917e+20 4.42623e+38 
7.85536e+14 1.24263e+35 2.05131e+20 4.42941e+38 
7.86198e+14 1.24461e+35 2.05346e+20 4.43258e+38 
7.86861e+14 1.2466e+35 2.05561e+20 4.43576e+38 
7.87525e+14 1.24859e+35 2.05775e+20 4.43894e+38 
7.88188e+14 1.25057e+35 2.0599e+20 4.44212e+38 
7.88853e+14 1.25257e+35 2.06204e+20 4.4453e+38 
7.89518e+14 1.25456e+35 2.06419e+20 4.44848e+38 
7.90184e+14 1.25655e+35 2.06633e+20 4.45167e+38 
7.9085e+14 1.25855e+35 2.06848e+20 4.45486e+38 
7.91516e+14 1.26055e+35 2.07062e+20 4.45805e+38 
7.92184e+14 1.26254e+35 2.07277e+20 4.46124e+38 
7.92852e+14 1.26454e+35 2.07491e+20 4.46444e+38 
7.9352e+14 1.26655e+35 2.07706e+20 4.46763e+38 
7.94189e+14 1.26855e+35 2.0792e+20 4.47083e+38 
7.94858e+14 1.27056e+35 2.08134e+20 4.47403e+38 
7.95529e+14 1.27256e+35 2.08349e+20 4.47723e+38 
7.96199e+14 1.27457e+35 2.08563e+20 4.48044e+38 
7.9687e+14 1.27658e+35 2.08777e+20 4.48364e+38 
7.97542e+14 1.2786e+35 2.08991e+20 4.48685e+38 
7.98215e+14 1.28061e+35 2.09206e+20 4.49006e+38 
7.98888e+14 1.28263e+35 2.0942e+20 4.49327e+38 
7.99561e+14 1.28465e+35 2.09634e+20 4.49648e+38 
8.00235e+14 1.28666e+35 2.09848e+20 4.4997e+38 
8.0091e+14 1.28869e+35 2.10062e+20 4.50292e+38 
8.01585e+14 1.29071e+35 2.10276e+20 4.50614e+38 
8.02261e+14 1.29273e+35 2.10491e+20 4.50936e+38 
8.02937e+14 1.29476e+35 2.10705e+20 4.51258e+38 
8.03614e+14 1.29679e+35 2.10919e+20 4.51581e+38 
8.04291e+14 1.29882e+35 2.11133e+20 4.51903e+38 
8.04969e+14 1.30085e+35 2.11347e+20 4.52226e+38 
8.05648e+14 1.30288e+35 2.11561e+20 4.52549e+38 
8.06327e+14 1.30492e+35 2.11775e+20 4.52873e+38 
8.07007e+14 1.30695e+35 2.11988e+20 4.53196e+38 
8.07687e+14 1.30899e+35 2.12202e+20 4.5352e+38 
8.08368e+14 1.31103e+35 2.12416e+20 4.53844e+38 
8.0905e+14 1.31307e+35 2.1263e+20 4.54168e+38 
8.09732e+14 1.31512e+35 2.12844e+20 4.54492e+38 
8.10414e+14 1.31716e+35 2.13058e+20 4.54816e+38 
8.11098e+14 1.31921e+35 2.13272e+20 4.55141e+38 
8.11781e+14 1.32126e+35 2.13485e+20 4.55466e+38 
8.12466e+14 1.32331e+35 2.13699e+20 4.55791e+38 
8.13151e+14 1.32536e+35 2.13913e+20 4.56116e+38 
8.13836e+14 1.32741e+35 2.14126e+20 4.56442e+38 
8.14522e+14 1.32947e+35 2.1434e+20 4.56767e+38 
8.15209e+14 1.33152e+35 2.14554e+20 4.57093e+38 
8.15896e+14 1.33358e+35 2.14767e+20 4.57419e+38 
8.16584e+14 1.33564e+35 2.14981e+20 4.57746e+38 
8.17273e+14 1.33771e+35 2.15195e+20 4.58072e+38 
8.17962e+14 1.33977e+35 2.15408e+20 4.58399e+38 
8.18651e+14 1.34184e+35 2.15622e+20 4.58726e+38 
8.19341e+14 1.3439e+35 2.15835e+20 4.59053e+38 
8.20032e+14 1.34597e+35 2.16049e+20 4.5938e+38 
8.20723e+14 1.34804e+35 2.16262e+20 4.59707e+38 
8.21415e+14 1.35012e+35 2.16475e+20 4.60035e+38 
8.22108e+14 1.35219e+35 2.16689e+20 4.60363e+38 
8.22801e+14 1.35427e+35 2.16902e+20 4.60691e+38 
8.23494e+14 1.35635e+35 2.17116e+20 4.61019e+38 
8.24189e+14 1.35843e+35 2.17329e+20 4.61347e+38 
8.24883e+14 1.36051e+35 2.17542e+20 4.61676e+38 
8.25579e+14 1.36259e+35 2.17756e+20 4.62005e+38 
8.26275e+14 1.36468e+35 2.17969e+20 4.62334e+38 
8.26971e+14 1.36676e+35 2.18182e+20 4.62663e+38 
8.27669e+14 1.36885e+35 2.18395e+20 4.62992e+38 
8.28366e+14 1.37094e+35 2.18609e+20 4.63322e+38 
8.29065e+14 1.37303e+35 2.18822e+20 4.63652e+38 
8.29764e+14 1.37513e+35 2.19035e+20 4.63982e+38 
8.30463e+14 1.37722e+35 2.19248e+20 4.64312e+38 
8.31163e+14 1.37932e+35 2.19461e+20 4.64643e+38 
8.31864e+14 1.38142e+35 2.19674e+20 4.64973e+38 
8.32565e+14 1.38352e+35 2.19887e+20 4.65304e+38 
8.33267e+14 1.38562e+35 2.201e+20 4.65635e+38 
8.3397e+14 1.38773e+35 2.20313e+20 4.65966e+38 
8.34673e+14 1.38983e+35 2.20526e+20 4.66298e+38 
8.35376e+14 1.39194e+35 2.20739e+20 4.66629e+38 
8.36081e+14 1.39405e+35 2.20952e+20 4.66961e+38 
8.36785e+14 1.39616e+35 2.21165e+20 4.67293e+38 
8.37491e+14 1.39828e+35 2.21378e+20 4.67625e+38 
8.38197e+14 1.40039e+35 2.21591e+20 4.67958e+38 
8.38904e+14 1.40251e+35 2.21804e+20 4.6829e+38 
8.39611e+14 1.40463e+35 2.22017e+20 4.68623e+38 
8.40319e+14 1.40675e+35 2.2223e+20 4.68956e+38 
8.41027e+14 1.40887e+35 2.22442e+20 4.69289e+38 
8.41736e+14 1.411e+35 2.22655e+20 4.69623e+38 
8.42446e+14 1.41312e+35 2.22868e+20 4.69957e+38 
8.43156e+14 1.41525e+35 2.23081e+20 4.7029e+38 
8.43867e+14 1.41738e+35 2.23293e+20 4.70624e+38 
8.44578e+14 1.41951e+35 2.23506e+20 4.70959e+38 
8.4529e+14 1.42164e+35 2.23719e+20 4.71293e+38 
8.46003e+14 1.42378e+35 2.23931e+20 4.71628e+38 
8.46716e+14 1.42591e+35 2.24144e+20 4.71963e+38 
8.4743e+14 1.42805e+35 2.24357e+20 4.72298e+38 
8.48144e+14 1.43019e+35 2.24569e+20 4.72633e+38 
8.48859e+14 1.43234e+35 2.24782e+20 4.72968e+38 
8.49575e+14 1.43448e+35 2.24994e+20 4.73304e+38 
8.50291e+14 1.43663e+35 2.25207e+20 4.7364e+38 
8.51008e+14 1.43877e+35 2.25419e+20 4.73976e+38 
8.51725e+14 1.44092e+35 2.25632e+20 4.74312e+38 
8.52443e+14 1.44307e+35 2.25844e+20 4.74649e+38 
8.53162e+14 1.44523e+35 2.26057e+20 4.74985e+38 
8.53881e+14 1.44738e+35 2.26269e+20 4.75322e+38 
8.54601e+14 1.44954e+35 2.26482e+20 4.75659e+38 
8.55322e+14 1.4517e+35 2.26694e+20 4.75997e+38 
8.56043e+14 1.45386e+35 2.26906e+20 4.76334e+38 
8.56764e+14 1.45602e+35 2.27119e+20 4.76672e+38 
8.57487e+14 1.45818e+35 2.27331e+20 4.7701e+38 
8.5821e+14 1.46035e+35 2.27543e+20 4.77348e+38 
8.58933e+14 1.46252e+35 2.27755e+20 4.77686e+38 
8.59657e+14 1.46468e+35 2.27968e+20 4.78025e+38 
8.60382e+14 1.46686e+35 2.2818e+20 4.78364e+38 
8.61107e+14 1.46903e+35 2.28392e+20 4.78702e+38 
8.61833e+14 1.4712e+35 2.28604e+20 4.79042e+38 
8.6256e+14 1.47338e+35 2.28816e+20 4.79381e+38 
8.63287e+14 1.47556e+35 2.29028e+20 4.7972e+38 
8.64015e+14 1.47774e+35 2.29241e+20 4.8006e+38 
8.64743e+14 1.47992e+35 2.29453e+20 4.804e+38 
8.65472e+14 1.48211e+35 2.29665e+20 4.8074e+38 
8.66202e+14 1.48429e+35 2.29877e+20 4.81081e+38 
8.66932e+14 1.48648e+35 2.30089e+20 4.81421e+38 
8.67663e+14 1.48867e+35 2.30301e+20 4.81762e+38 
8.68394e+14 1.49086e+35 2.30513e+20 4.82103e+38 
8.69126e+14 1.49305e+35 2.30725e+20 4.82444e+38 
8.69859e+14 1.49525e+35 2.30937e+20 4.82786e+38 
8.70592e+14 1.49744e+35 2.31149e+20 4.83127e+38 
8.71326e+14 1.49964e+35 2.3136e+20 4.83469e+38 
8.72061e+14 1.50184e+35 2.31572e+20 4.83811e+38 
8.72796e+14 1.50405e+35 2.31784e+20 4.84153e+38 
8.73532e+14 1.50625e+35 2.31996e+20 4.84496e+38 
8.74268e+14 1.50846e+35 2.32208e+20 4.84839e+38 
8.75005e+14 1.51067e+35 2.3242e+20 4.85181e+38 
8.75743e+14 1.51288e+35 2.32631e+20 4.85525e+38 
8.76481e+14 1.51509e+35 2.32843e+20 4.85868e+38 
8.7722e+14 1.5173e+35 2.33055e+20 4.86211e+38 
8.7796e+14 1.51952e+35 2.33267e+20 4.86555e+38 
8.787e+14 1.52173e+35 2.33478e+20 4.86899e+38 
8.79441e+14 1.52395e+35 2.3369e+20 4.87243e+38 
8.80182e+14 1.52617e+35 2.33902e+20 4.87587e+38 
8.80924e+14 1.5284e+35 2.34113e+20 4.87932e+38 
8.81667e+14 1.53062e+35 2.34325e+20 4.88277e+38 
8.8241e+14 1.53285e+35 2.34536e+20 4.88622e+38 
8.83154e+14 1.53508e+35 2.34748e+20 4.88967e+38 
8.83898e+14 1.53731e+35 2.34959e+20 4.89312e+38 
8.84644e+14 1.53954e+35 2.35171e+20 4.89658e+38 
8.85389e+14 1.54177e+35 2.35382e+20 4.90004e+38 
8.86136e+14 1.54401e+35 2.35594e+20 4.9035e+38 
8.86883e+14 1.54625e+35 2.35805e+20 4.90696e+38 
8.87631e+14 1.54849e+35 2.36017e+20 4.91042e+38 
8.88379e+14 1.55073e+35 2.36228e+20 4.91389e+38 
8.89128e+14 1.55297e+35 2.3644e+20 4.91736e+38 
8.89877e+14 1.55522e+35 2.36651e+20 4.92083e+38 
8.90628e+14 1.55747e+35 2.36862e+20 4.9243e+38 
8.91378e+14 1.55972e+35 2.37074e+20 4.92777e+38 
8.9213e+14 1.56197e+35 2.37285e+20 4.93125e+38 
8.92882e+14 1.56422e+35 2.37496e+20 4.93473e+38 
8.93635e+14 1.56648e+35 2.37707e+20 4.93821e+38 
8.94388e+14 1.56873e+35 2.37919e+20 4.94169e+38 
8.95142e+14 1.57099e+35 2.3813e+20 4.94518e+38 
8.95897e+14 1.57325e+35 2.38341e+20 4.94867e+38 
8.96652e+14 1.57552e+35 2.38552e+20 4.95216e+38 
8.97408e+14 1.57778e+35 2.38763e+20 4.95565e+38 
8.98164e+14 1.58005e+35 2.38975e+20 4.95914e+38 
8.98922e+14 1.58231e+35 2.39186e+20 4.96264e+38 
8.99679e+14 1.58459e+35 2.39397e+20 4.96614e+38 
9.00438e+14 1.58686e+35 2.39608e+20 4.96964e+38 
9.01197e+14 1.58913e+35 2.39819e+20 4.97314e+38 
9.01957e+14 1.59141e+35 2.4003e+20 4.97664e+38 
9.02717e+14 1.59369e+35 2.40241e+20 4.98015e+38 
9.03478e+14 1.59597e+35 2.40452e+20 4.98366e+38 
9.0424e+14 1.59825e+35 2.40663e+20 4.98717e+38 
9.05002e+14 1.60053e+35 2.40874e+20 4.99068e+38 
9.05765e+14 1.60282e+35 2.41085e+20 4.9942e+38 
9.06529e+14 1.6051e+35 2.41296e+20 4.99772e+38 
9.07293e+14 1.60739e+35 2.41507e+20 5.00124e+38 
9.08058e+14 1.60969e+35 2.41718e+20 5.00476e+38 
9.08823e+14 1.61198e+35 2.41928e+20 5.00828e+38 
9.0959e+14 1.61427e+35 2.42139e+20 5.01181e+38 
9.10356e+14 1.61657e+35 2.4235e+20 5.01533e+38 
9.11124e+14 1.61887e+35 2.42561e+20 5.01886e+38 
9.11892e+14 1.62117e+35 2.42772e+20 5.0224e+38 
9.12661e+14 1.62348e+35 2.42982e+20 5.02593e+38 
9.1343e+14 1.62578e+35 2.43193e+20 5.02947e+38 
9.142e+14 1.62809e+35 2.43404e+20 5.03301e+38 
9.14971e+14 1.6304e+35 2.43614e+20 5.03655e+38 
9.15742e+14 1.63271e+35 2.43825e+20 5.04009e+38 
9.16514e+14 1.63502e+35 2.44036e+20 5.04364e+38 
9.17287e+14 1.63733e+35 2.44246e+20 5.04718e+38 
9.1806e+14 1.63965e+35 2.44457e+20 5.05073e+38 
9.18834e+14 1.64197e+35 2.44668e+20 5.05428e+38 
9.19609e+14 1.64429e+35 2.44878e+20 5.05784e+38 
9.20384e+14 1.64661e+35 2.45089e+20 5.06139e+38 
9.2116e+14 1.64894e+35 2.45299e+20 5.06495e+38 
9.21937e+14 1.65126e+35 2.4551e+20 5.06851e+38 
9.22714e+14 1.65359e+35 2.4572e+20 5.07207e+38 
9.23492e+14 1.65592e+35 2.45931e+20 5.07564e+38 
9.2427e+14 1.65826e+35 2.46141e+20 5.07921e+38 
9.25049e+14 1.66059e+35 2.46352e+20 5.08278e+38 
9.25829e+14 1.66293e+35 2.46562e+20 5.08635e+38 
9.2661e+14 1.66526e+35 2.46773e+20 5.08992e+38 
9.27391e+14 1.6676e+35 2.46983e+20 5.0935e+38 
9.28173e+14 1.66995e+35 2.47193e+20 5.09707e+38 
9.28955e+14 1.67229e+35 2.47404e+20 5.10065e+38 
9.29738e+14 1.67464e+35 2.47614e+20 5.10424e+38 
9.30522e+14 1.67699e+35 2.47824e+20 5.10782e+38 
9.31307e+14 1.67934e+35 2.48034e+20 5.11141e+38 
9.32092e+14 1.68169e+35 2.48245e+20 5.11499e+38 
9.32878e+14 1.68404e+35 2.48455e+20 5.11859e+38 
9.33664e+14 1.6864e+35 2.48665e+20 5.12218e+38 
9.34451e+14 1.68876e+35 2.48875e+20 5.12577e+38 
9.35239e+14 1.69112e+35 2.49086e+20 5.12937e+38 
9.36027e+14 1.69348e+35 2.49296e+20 5.13297e+38 
9.36816e+14 1.69584e+35 2.49506e+20 5.13657e+38 
9.37606e+14 1.69821e+35 2.49716e+20 5.14018e+38 
9.38397e+14 1.70058e+35 2.49926e+20 5.14378e+38 
9.39188e+14 1.70295e+35 2.50136e+20 5.14739e+38 
9.3998e+14 1.70532e+35 2.50346e+20 5.151e+38 
9.40772e+14 1.70769e+35 2.50556e+20 5.15461e+38 
9.41565e+14 1.71007e+35 2.50766e+20 5.15823e+38 
9.42359e+14 1.71245e+35 2.50976e+20 5.16185e+38 
9.43153e+14 1.71483e+35 2.51186e+20 5.16547e+38 
9.43948e+14 1.71721e+35 2.51396e+20 5.16909e+38 
9.44744e+14 1.71959e+35 2.51606e+20 5.17271e+38 
9.45541e+14 1.72198e+35 2.51816e+20 5.17634e+38 
9.46338e+14 1.72437e+35 2.52026e+20 5.17996e+38 
9.47136e+14 1.72676e+35 2.52236e+20 5.18359e+38 
9.47934e+14 1.72915e+35 2.52446e+20 5.18723e+38 
9.48733e+14 1.73154e+35 2.52656e+20 5.19086e+38 
9.49533e+14 1.73394e+35 2.52866e+20 5.1945e+38 
9.50333e+14 1.73634e+35 2.53075e+20 5.19814e+38 
9.51135e+14 1.73874e+35 2.53285e+20 5.20178e+38 
9.51936e+14 1.74114e+35 2.53495e+20 5.20542e+38 
9.52739e+14 1.74354e+35 2.53705e+20 5.20907e+38 
9.53542e+14 1.74595e+35 2.53914e+20 5.21272e+38 
9.54346e+14 1.74836e+35 2.54124e+20 5.21637e+38 
9.55151e+14 1.75077e+35 2.54334e+20 5.22002e+38 
9.55956e+14 1.75318e+35 2.54543e+20 5.22368e+38 
9.56762e+14 1.7556e+35 2.54753e+20 5.22733e+38 
9.57568e+14 1.75801e+35 2.54963e+20 5.23099e+38 
9.58376e+14 1.76043e+35 2.55172e+20 5.23465e+38 
9.59184e+14 1.76285e+35 2.55382e+20 5.23832e+38 
9.59992e+14 1.76527e+35 2.55592e+20 5.24198e+38 
9.60802e+14 1.7677e+35 2.55801e+20 5.24565e+38 
9.61612e+14 1.77012e+35 2.56011e+20 5.24932e+38 
9.62422e+14 1.77255e+35 2.5622e+20 5.25299e+38 
9.63234e+14 1.77498e+35 2.5643e+20 5.25667e+38 
9.64046e+14 1.77742e+35 2.56639e+20 5.26035e+38 
9.64858e+14 1.77985e+35 2.56849e+20 5.26403e+38 
9.65672e+14 1.78229e+35 2.57058e+20 5.26771e+38 
9.66486e+14 1.78473e+35 2.57268e+20 5.27139e+38 
9.67301e+14 1.78717e+35 2.57477e+20 5.27508e+38 
9.68116e+14 1.78961e+35 2.57686e+20 5.27877e+38 
9.68932e+14 1.79206e+35 2.57896e+20 5.28246e+38 
9.69749e+14 1.7945e+35 2.58105e+20 5.28615e+38 
9.70567e+14 1.79695e+35 2.58315e+20 5.28984e+38 
9.71385e+14 1.7994e+35 2.58524e+20 5.29354e+38 
9.72204e+14 1.80186e+35 2.58733e+20 5.29724e+38 
9.73023e+14 1.80431e+35 2.58942e+20 5.30094e+38 
9.73844e+14 1.80677e+35 2.59152e+20 5.30465e+38 
9.74665e+14 1.80923e+35 2.59361e+20 5.30835e+38 
9.75486e+14 1.81169e+35 2.5957e+20 5.31206e+38 
9.76309e+14 1.81416e+35 2.59779e+20 5.31577e+38 
9.77132e+14 1.81662e+35 2.59989e+20 5.31949e+38 
9.77956e+14 1.81909e+35 2.60198e+20 5.3232e+38 
9.7878e+14 1.82156e+35 2.60407e+20 5.32692e+38 
9.79605e+14 1.82403e+35 2.60616e+20 5.33064e+38 
9.80431e+14 1.8265e+35 2.60825e+20 5.33436e+38 
9.81258e+14 1.82898e+35 2.61034e+20 5.33809e+38 
9.82085e+14 1.83146e+35 2.61243e+20 5.34181e+38 
9.82913e+14 1.83394e+35 2.61452e+20 5.34554e+38 
9.83741e+14 1.83642e+35 2.61661e+20 5.34927e+38 
9.84571e+14 1.83891e+35 2.6187e+20 5.35301e+38 
9.85401e+14 1.84139e+35 2.6208e+20 5.35674e+38 
9.86231e+14 1.84388e+35 2.62288e+20 5.36048e+38 
9.87063e+14 1.84637e+35 2.62497e+20 5.36422e+38 
9.87895e+14 1.84887e+35 2.62706e+20 5.36796e+38 
9.88728e+14 1.85136e+35 2.62915e+20 5.37171e+38 
9.89561e+14 1.85386e+35 2.63124e+20 5.37546e+38 
9.90396e+14 1.85636e+35 2.63333e+20 5.37921e+38 
9.91231e+14 1.85886e+35 2.63542e+20 5.38296e+38 
9.92066e+14 1.86136e+35 2.63751e+20 5.38671e+38 
9.92903e+14 1.86387e+35 2.6396e+20 5.39047e+38 
9.9374e+14 1.86638e+35 2.64169e+20 5.39423e+38 
9.94577e+14 1.86889e+35 2.64377e+20 5.39799e+38 
9.95416e+14 1.8714e+35 2.64586e+20 5.40175e+38 
9.96255e+14 1.87391e+35 2.64795e+20 5.40552e+38 
9.97095e+14 1.87643e+35 2.65004e+20 5.40929e+38 
9.97935e+14 1.87895e+35 2.65212e+20 5.41306e+38 
9.98777e+14 1.88147e+35 2.65421e+20 5.41683e+38 
9.99619e+14 1.88399e+35 2.6563e+20 5.4206e+38 
1.00046e+15 1.88651e+35 2.65839e+20 5.42438e+38 
1.0013e+15 1.88904e+35 2.66047e+20 5.42816e+38 
1.00215e+15 1.89157e+35 2.66256e+20 5.43194e+38 
1.00299e+15 1.8941e+35 2.66465e+20 5.43573e+38 
1.00384e+15 1.89663e+35 2.66673e+20 5.43951e+38 
1.00469e+15 1.89917e+35 2.66882e+20 5.4433e+38 
1.00553e+15 1.90171e+35 2.6709e+20 5.44709e+38 
1.00638e+15 1.90425e+35 2.67299e+20 5.45089e+38 
1.00723e+15 1.90679e+35 2.67507e+20 5.45468e+38 
1.00808e+15 1.90933e+35 2.67716e+20 5.45848e+38 
1.00893e+15 1.91188e+35 2.67924e+20 5.46228e+38 
1.00978e+15 1.91443e+35 2.68133e+20 5.46608e+38 
1.01063e+15 1.91698e+35 2.68341e+20 5.46989e+38 
1.01148e+15 1.91953e+35 2.6855e+20 5.47369e+38 
1.01233e+15 1.92208e+35 2.68758e+20 5.4775e+38 
1.01319e+15 1.92464e+35 2.68967e+20 5.48132e+38 
1.01404e+15 1.9272e+35 2.69175e+20 5.48513e+38 
1.0149e+15 1.92976e+35 2.69383e+20 5.48895e+38 
1.01575e+15 1.93232e+35 2.69592e+20 5.49277e+38 
1.01661e+15 1.93489e+35 2.698e+20 5.49659e+38 
1.01747e+15 1.93746e+35 2.70008e+20 5.50041e+38 
1.01832e+15 1.94003e+35 2.70217e+20 5.50424e+38 
1.01918e+15 1.9426e+35 2.70425e+20 5.50806e+38 
1.02004e+15 1.94517e+35 2.70633e+20 5.51189e+38 
1.0209e+15 1.94775e+35 2.70842e+20 5.51573e+38 
1.02176e+15 1.95033e+35 2.7105e+20 5.51956e+38 
1.02262e+15 1.95291e+35 2.71258e+20 5.5234e+38 
1.02349e+15 1.95549e+35 2.71466e+20 5.52724e+38 
1.02435e+15 1.95807e+35 2.71674e+20 5.53108e+38 
1.02521e+15 1.96066e+35 2.71883e+20 5.53493e+38 
1.02608e+15 1.96325e+35 2.72091e+20 5.53877e+38 
1.02694e+15 1.96584e+35 2.72299e+20 5.54262e+38 
1.02781e+15 1.96844e+35 2.72507e+20 5.54648e+38 
1.02867e+15 1.97103e+35 2.72715e+20 5.55033e+38 
1.02954e+15 1.97363e+35 2.72923e+20 5.55419e+38 
1.03041e+15 1.97623e+35 2.73131e+20 5.55804e+38 
1.03128e+15 1.97883e+35 2.73339e+20 5.56191e+38 
1.03215e+15 1.98144e+35 2.73547e+20 5.56577e+38 
1.03302e+15 1.98404e+35 2.73755e+20 5.56964e+38 
1.03389e+15 1.98665e+35 2.73963e+20 5.5735e+38 
1.03476e+15 1.98926e+35 2.74171e+20 5.57737e+38 
1.03563e+15 1.99188e+35 2.74379e+20 5.58125e+38 
1.0365e+15 1.99449e+35 2.74587e+20 5.58512e+38 
1.03738e+15 1.99711e+35 2.74795e+20 5.589e+38 
1.03825e+15 1.99973e+35 2.75003e+20 5.59288e+38 
1.03913e+15 2.00235e+35 2.75211e+20 5.59676e+38 
1.04e+15 2.00498e+35 2.75419e+20 5.60065e+38 
1.04088e+15 2.0076e+35 2.75627e+20 5.60453e+38 
1.04176e+15 2.01023e+35 2.75835e+20 5.60842e+38 
1.04264e+15 2.01286e+35 2.76042e+20 5.61232e+38 
1.04352e+15 2.0155e+35 2.7625e+20 5.61621e+38 
1.0444e+15 2.01813e+35 2.76458e+20 5.62011e+38 
1.04528e+15 2.02077e+35 2.76666e+20 5.62401e+38 
1.04616e+15 2.02341e+35 2.76874e+20 5.62791e+38 
1.04704e+15 2.02605e+35 2.77081e+20 5.63181e+38 
1.04792e+15 2.0287e+35 2.77289e+20 5.63572e+38 
1.04881e+15 2.03134e+35 2.77497e+20 5.63963e+38 
1.04969e+15 2.03399e+35 2.77704e+20 5.64354e+38 
1.05057e+15 2.03664e+35 2.77912e+20 5.64745e+38 
1.05146e+15 2.0393e+35 2.7812e+20 5.65137e+38 
1.05235e+15 2.04195e+35 2.78327e+20 5.65529e+38 
1.05323e+15 2.04461e+35 2.78535e+20 5.65921e+38 
1.05412e+15 2.04727e+35 2.78743e+20 5.66313e+38 
1.05501e+15 2.04993e+35 2.7895e+20 5.66705e+38 
1.0559e+15 2.0526e+35 2.79158e+20 5.67098e+38 
1.05679e+15 2.05526e+35 2.79365e+20 5.67491e+38 
1.05768e+15 2.05793e+35 2.79573e+20 5.67885e+38 
1.05857e+15 2.0606e+35 2.7978e+20 5.68278e+38 
1.05946e+15 2.06328e+35 2.79988e+20 5.68672e+38 
1.06036e+15 2.06595e+35 2.80195e+20 5.69066e+38 
1.06125e+15 2.06863e+35 2.80403e+20 5.6946e+38 
1.06215e+15 2.07131e+35 2.8061e+20 5.69854e+38 
1.06304e+15 2.07399e+35 2.80818e+20 5.70249e+38 
1.06394e+15 2.07668e+35 2.81025e+20 5.70644e+38 
1.06484e+15 2.07937e+35 2.81233e+20 5.71039e+38 
1.06573e+15 2.08206e+35 2.8144e+20 5.71435e+38 
1.06663e+15 2.08475e+35 2.81647e+20 5.7183e+38 
1.06753e+15 2.08744e+35 2.81855e+20 5.72226e+38 
1.06843e+15 2.09014e+35 2.82062e+20 5.72622e+38 
1.06933e+15 2.09284e+35 2.82269e+20 5.73019e+38 
1.07023e+15 2.09554e+35 2.82477e+20 5.73416e+38 
1.07113e+15 2.09824e+35 2.82684e+20 5.73812e+38 
1.07204e+15 2.10095e+35 2.82891e+20 5.7421e+38 
1.07294e+15 2.10365e+35 2.83098e+20 5.74607e+38 
1.07385e+15 2.10636e+35 2.83306e+20 5.75005e+38 
1.07475e+15 2.10907e+35 2.83513e+20 5.75402e+38 
1.07566e+15 2.11179e+35 2.8372e+20 5.75801e+38 
1.07656e+15 2.11451e+35 2.83927e+20 5.76199e+38 
1.07747e+15 2.11723e+35 2.84134e+20 5.76597e+38 
1.07838e+15 2.11995e+35 2.84342e+20 5.76996e+38 
1.07929e+15 2.12267e+35 2.84549e+20 5.77395e+38 
1.0802e+15 2.1254e+35 2.84756e+20 5.77795e+38 
1.08111e+15 2.12812e+35 2.84963e+20 5.78194e+38 
1.08202e+15 2.13085e+35 2.8517e+20 5.78594e+38 
1.08293e+15 2.13359e+35 2.85377e+20 5.78994e+38 
1.08385e+15 2.13632e+35 2.85584e+20 5.79394e+38 
1.08476e+15 2.13906e+35 2.85791e+20 5.79795e+38 
1.08567e+15 2.1418e+35 2.85998e+20 5.80196e+38 
1.08659e+15 2.14454e+35 2.86205e+20 5.80597e+38 
1.08751e+15 2.14729e+35 2.86412e+20 5.80998e+38 
1.08842e+15 2.15003e+35 2.86619e+20 5.814e+38 
1.08934e+15 2.15278e+35 2.86826e+20 5.81801e+38 
1.09026e+15 2.15553e+35 2.87033e+20 5.82203e+38 
1.09118e+15 2.15829e+35 2.8724e+20 5.82606e+38 
1.0921e+15 2.16104e+35 2.87447e+20 5.83008e+38 
1.09302e+15 2.1638e+35 2.87654e+20 5.83411e+38 
1.09394e+15 2.16656e+35 2.87861e+20 5.83814e+38 
1.09486e+15 2.16932e+35 2.88068e+20 5.84217e+38 
1.09579e+15 2.17209e+35 2.88274e+20 5.84621e+38 
1.09671e+15 2.17486e+35 2.88481e+20 5.85025e+38 
1.09763e+15 2.17763e+35 2.88688e+20 5.85429e+38 
1.09856e+15 2.1804e+35 2.88895e+20 5.85833e+38 
1.09949e+15 2.18317e+35 2.89102e+20 5.86237e+38 
1.10041e+15 2.18595e+35 2.89308e+20 5.86642e+38 
1.10134e+15 2.18873e+35 2.89515e+20 5.87047e+38 
1.10227e+15 2.19151e+35 2.89722e+20 5.87452e+38 
1.1032e+15 2.19429e+35 2.89929e+20 5.87858e+38 
1.10413e+15 2.19708e+35 2.90135e+20 5.88264e+38 
1.10506e+15 2.19987e+35 2.90342e+20 5.88669e+38 
1.10599e+15 2.20266e+35 2.90549e+20 5.89076e+38 
1.10692e+15 2.20545e+35 2.90755e+20 5.89482e+38 
1.10786e+15 2.20825e+35 2.90962e+20 5.89889e+38 
1.10879e+15 2.21105e+35 2.91169e+20 5.90296e+38 
1.10972e+15 2.21385e+35 2.91375e+20 5.90703e+38 
1.11066e+15 2.21665e+35 2.91582e+20 5.91111e+38 
1.1116e+15 2.21946e+35 2.91788e+20 5.91518e+38 
1.11253e+15 2.22226e+35 2.91995e+20 5.91926e+38 
1.11347e+15 2.22507e+35 2.92201e+20 5.92335e+38 
1.11441e+15 2.22788e+35 2.92408e+20 5.92743e+38 
1.11535e+15 2.2307e+35 2.92614e+20 5.93152e+38 
1.11629e+15 2.23352e+35 2.92821e+20 5.93561e+38 
1.11723e+15 2.23634e+35 2.93027e+20 5.9397e+38 
1.11817e+15 2.23916e+35 2.93234e+20 5.94379e+38 
1.11912e+15 2.24198e+35 2.9344e+20 5.94789e+38 
1.12006e+15 2.24481e+35 2.93647e+20 5.95199e+38 
1.121e+15 2.24764e+35 2.93853e+20 5.95609e+38 
1.12195e+15 2.25047e+35 2.9406e+20 5.9602e+38 
1.12289e+15 2.2533e+35 2.94266e+20 5.96431e+38 
1.12384e+15 2.25614e+35 2.94472e+20 5.96842e+38 
1.12479e+15 2.25898e+35 2.94679e+20 5.97253e+38 
1.12574e+15 2.26182e+35 2.94885e+20 5.97664e+38 
1.12669e+15 2.26466e+35 2.95091e+20 5.98076e+38 
1.12763e+15 2.26751e+35 2.95298e+20 5.98488e+38 
1.12859e+15 2.27035e+35 2.95504e+20 5.989e+38 
1.12954e+15 2.2732e+35 2.9571e+20 5.99313e+38 
1.13049e+15 2.27606e+35 2.95916e+20 5.99726e+38 
1.13144e+15 2.27891e+35 2.96123e+20 6.00139e+38 
1.1324e+15 2.28177e+35 2.96329e+20 6.00552e+38 
1.13335e+15 2.28463e+35 2.96535e+20 6.00965e+38 
1.13431e+15 2.28749e+35 2.96741e+20 6.01379e+38 
1.13526e+15 2.29036e+35 2.96948e+20 6.01793e+38 
1.13622e+15 2.29322e+35 2.97154e+20 6.02208e+38 
1.13718e+15 2.29609e+35 2.9736e+20 6.02622e+38 
1.13814e+15 2.29897e+35 2.97566e+20 6.03037e+38 
1.1391e+15 2.30184e+35 2.97772e+20 6.03452e+38 
1.14006e+15 2.30472e+35 2.97978e+20 6.03867e+38 
1.14102e+15 2.3076e+35 2.98184e+20 6.04283e+38 
1.14198e+15 2.31048e+35 2.9839e+20 6.04699e+38 
1.14294e+15 2.31336e+35 2.98596e+20 6.05115e+38 
1.14391e+15 2.31625e+35 2.98802e+20 6.05531e+38 
1.14487e+15 2.31914e+35 2.99009e+20 6.05948e+38 
1.14583e+15 2.32203e+35 2.99215e+20 6.06364e+38 
1.1468e+15 2.32492e+35 2.99421e+20 6.06781e+38 
1.14777e+15 2.32782e+35 2.99627e+20 6.07199e+38 
1.14874e+15 2.33072e+35 2.99832e+20 6.07616e+38 
1.1497e+15 2.33362e+35 3.00038e+20 6.08034e+38 
1.15067e+15 2.33652e+35 3.00244e+20 6.08452e+38 
1.15164e+15 2.33943e+35 3.0045e+20 6.08871e+38 
1.15261e+15 2.34234e+35 3.00656e+20 6.09289e+38 
1.15359e+15 2.34525e+35 3.00862e+20 6.09708e+38 
1.15456e+15 2.34816e+35 3.01068e+20 6.10127e+38 
1.15553e+15 2.35108e+35 3.01274e+20 6.10547e+38 
1.15651e+15 2.354e+35 3.0148e+20 6.10966e+38 
1.15748e+15 2.35692e+35 3.01685e+20 6.11386e+38 
1.15846e+15 2.35984e+35 3.01891e+20 6.11807e+38 
1.15943e+15 2.36277e+35 3.02097e+20 6.12227e+38 
1.16041e+15 2.3657e+35 3.02303e+20 6.12648e+38 
1.16139e+15 2.36863e+35 3.02509e+20 6.13069e+38 
1.16237e+15 2.37156e+35 3.02714e+20 6.1349e+38 
1.16335e+15 2.3745e+35 3.0292e+20 6.13911e+38 
1.16433e+15 2.37743e+35 3.03126e+20 6.14333e+38 
1.16531e+15 2.38037e+35 3.03332e+20 6.14755e+38 
1.16629e+15 2.38332e+35 3.03537e+20 6.15177e+38 
1.16728e+15 2.38626e+35 3.03743e+20 6.156e+38 
1.16826e+15 2.38921e+35 3.03949e+20 6.16022e+38 
1.16924e+15 2.39216e+35 3.04154e+20 6.16445e+38 
1.17023e+15 2.39511e+35 3.0436e+20 6.16869e+38 
1.17122e+15 2.39807e+35 3.04566e+20 6.17292e+38 
1.1722e+15 2.40103e+35 3.04771e+20 6.17716e+38 
1.17319e+15 2.40399e+35 3.04977e+20 6.1814e+38 
1.17418e+15 2.40695e+35 3.05182e+20 6.18564e+38 
1.17517e+15 2.40992e+35 3.05388e+20 6.18989e+38 
1.17616e+15 2.41289e+35 3.05593e+20 6.19414e+38 
1.17715e+15 2.41586e+35 3.05799e+20 6.19839e+38 
1.17815e+15 2.41883e+35 3.06004e+20 6.20264e+38 
1.17914e+15 2.4218e+35 3.0621e+20 6.2069e+38 
1.18013e+15 2.42478e+35 3.06415e+20 6.21116e+38 
1.18113e+15 2.42776e+35 3.06621e+20 6.21542e+38 
1.18212e+15 2.43075e+35 3.06826e+20 6.21968e+38 
1.18312e+15 2.43373e+35 3.07032e+20 6.22395e+38 
1.18412e+15 2.43672e+35 3.07237e+20 6.22822e+38 
1.18512e+15 2.43971e+35 3.07443e+20 6.23249e+38 
1.18612e+15 2.4427e+35 3.07648e+20 6.23677e+38 
1.18712e+15 2.4457e+35 3.07853e+20 6.24104e+38 
1.18812e+15 2.4487e+35 3.08059e+20 6.24532e+38 
1.18912e+15 2.4517e+35 3.08264e+20 6.2496e+38 
1.19012e+15 2.4547e+35 3.0847e+20 6.25389e+38 
1.19112e+15 2.45771e+35 3.08675e+20 6.25818e+38 
1.19213e+15 2.46072e+35 3.0888e+20 6.26247e+38 
1.19313e+15 2.46373e+35 3.09085e+20 6.26676e+38 
1.19414e+15 2.46674e+35 3.09291e+20 6.27106e+38 
1.19515e+15 2.46976e+35 3.09496e+20 6.27535e+38 
1.19615e+15 2.47277e+35 3.09701e+20 6.27966e+38 
1.19716e+15 2.4758e+35 3.09907e+20 6.28396e+38 
1.19817e+15 2.47882e+35 3.10112e+20 6.28827e+38 
1.19918e+15 2.48185e+35 3.10317e+20 6.29257e+38 
1.20019e+15 2.48487e+35 3.10522e+20 6.29689e+38 
1.2012e+15 2.48791e+35 3.10727e+20 6.3012e+38 
1.20222e+15 2.49094e+35 3.10932e+20 6.30552e+38 
1.20323e+15 2.49398e+35 3.11138e+20 6.30984e+38 
1.20424e+15 2.49701e+35 3.11343e+20 6.31416e+38 
1.20526e+15 2.50006e+35 3.11548e+20 6.31848e+38 
1.20628e+15 2.5031e+35 3.11753e+20 6.32281e+38 
1.20729e+15 2.50615e+35 3.11958e+20 6.32714e+38 
1.20831e+15 2.5092e+35 3.12163e+20 6.33147e+38 
1.20933e+15 2.51225e+35 3.12368e+20 6.33581e+38 
1.21035e+15 2.5153e+35 3.12573e+20 6.34015e+38 
1.21137e+15 2.51836e+35 3.12778e+20 6.34449e+38 
1.21239e+15 2.52142e+35 3.12983e+20 6.34883e+38 
1.21341e+15 2.52448e+35 3.13188e+20 6.35318e+38 
1.21443e+15 2.52754e+35 3.13393e+20 6.35752e+38 
1.21546e+15 2.53061e+35 3.13598e+20 6.36188e+38 
1.21648e+15 2.53368e+35 3.13803e+20 6.36623e+38 
1.21751e+15 2.53675e+35 3.14008e+20 6.37059e+38 
1.21853e+15 2.53983e+35 3.14213e+20 6.37495e+38 
1.21956e+15 2.54291e+35 3.14418e+20 6.37931e+38 
1.22059e+15 2.54599e+35 3.14623e+20 6.38367e+38 
1.22162e+15 2.54907e+35 3.14828e+20 6.38804e+38 
1.22265e+15 2.55215e+35 3.15033e+20 6.39241e+38 
1.22368e+15 2.55524e+35 3.15238e+20 6.39678e+38 
1.22471e+15 2.55833e+35 3.15443e+20 6.40116e+38 
1.22574e+15 2.56143e+35 3.15647e+20 6.40554e+38 
1.22678e+15 2.56452e+35 3.15852e+20 6.40992e+38 
1.22781e+15 2.56762e+35 3.16057e+20 6.4143e+38 
1.22885e+15 2.57072e+35 3.16262e+20 6.41869e+38 
1.22988e+15 2.57382e+35 3.16467e+20 6.42308e+38 
1.23092e+15 2.57693e+35 3.16671e+20 6.42747e+38 
1.23196e+15 2.58004e+35 3.16876e+20 6.43186e+38 
1.233e+15 2.58315e+35 3.17081e+20 6.43626e+38 
1.23404e+15 2.58627e+35 3.17286e+20 6.44066e+38 
1.23508e+15 2.58938e+35 3.1749e+20 6.44506e+38 
1.23612e+15 2.5925e+35 3.17695e+20 6.44947e+38 
1.23716e+15 2.59562e+35 3.179e+20 6.45388e+38 
1.2382e+15 2.59875e+35 3.18104e+20 6.45829e+38 
1.23925e+15 2.60188e+35 3.18309e+20 6.4627e+38 
1.24029e+15 2.60501e+35 3.18514e+20 6.46712e+38 
1.24134e+15 2.60814e+35 3.18718e+20 6.47153e+38 
1.24238e+15 2.61127e+35 3.18923e+20 6.47596e+38 
1.24343e+15 2.61441e+35 3.19127e+20 6.48038e+38 
1.24448e+15 2.61755e+35 3.19332e+20 6.48481e+38 
1.24553e+15 2.62069e+35 3.19537e+20 6.48924e+38 
1.24658e+15 2.62384e+35 3.19741e+20 6.49367e+38 
1.24763e+15 2.62699e+35 3.19946e+20 6.4981e+38 
1.24868e+15 2.63014e+35 3.2015e+20 6.50254e+38 
1.24973e+15 2.63329e+35 3.20355e+20 6.50698e+38 
1.25079e+15 2.63645e+35 3.20559e+20 6.51143e+38 
1.25184e+15 2.63961e+35 3.20764e+20 6.51587e+38 
1.2529e+15 2.64277e+35 3.20968e+20 6.52032e+38 
1.25395e+15 2.64593e+35 3.21173e+20 6.52477e+38 
1.25501e+15 2.6491e+35 3.21377e+20 6.52923e+38 
1.25607e+15 2.65227e+35 3.21582e+20 6.53368e+38 
1.25713e+15 2.65544e+35 3.21786e+20 6.53814e+38 
1.25819e+15 2.65862e+35 3.2199e+20 6.54261e+38 
1.25925e+15 2.6618e+35 3.22195e+20 6.54707e+38 
1.26031e+15 2.66498e+35 3.22399e+20 6.55154e+38 
1.26137e+15 2.66816e+35 3.22604e+20 6.55601e+38 
1.26243e+15 2.67135e+35 3.22808e+20 6.56048e+38 
1.2635e+15 2.67453e+35 3.23012e+20 6.56496e+38 
1.26456e+15 2.67772e+35 3.23217e+20 6.56944e+38 
1.26563e+15 2.68092e+35 3.23421e+20 6.57392e+38 
1.2667e+15 2.68412e+35 3.23625e+20 6.5784e+38 
1.26776e+15 2.68731e+35 3.23829e+20 6.58289e+38 
1.26883e+15 2.69052e+35 3.24034e+20 6.58738e+38 
1.2699e+15 2.69372e+35 3.24238e+20 6.59187e+38 
1.27097e+15 2.69693e+35 3.24442e+20 6.59637e+38 
1.27205e+15 2.70014e+35 3.24646e+20 6.60087e+38 
1.27312e+15 2.70335e+35 3.24851e+20 6.60537e+38 
1.27419e+15 2.70657e+35 3.25055e+20 6.60987e+38 
1.27527e+15 2.70978e+35 3.25259e+20 6.61438e+38 
1.27634e+15 2.71301e+35 3.25463e+20 6.61889e+38 
1.27742e+15 2.71623e+35 3.25667e+20 6.6234e+38 
1.27849e+15 2.71945e+35 3.25871e+20 6.62792e+38 
1.27957e+15 2.72268e+35 3.26076e+20 6.63243e+38 
1.28065e+15 2.72592e+35 3.2628e+20 6.63696e+38 
1.28173e+15 2.72915e+35 3.26484e+20 6.64148e+38 
1.28281e+15 2.73239e+35 3.26688e+20 6.646e+38 
1.28389e+15 2.73563e+35 3.26892e+20 6.65053e+38 
1.28497e+15 2.73887e+35 3.27096e+20 6.65507e+38 
1.28606e+15 2.74212e+35 3.273e+20 6.6596e+38 
1.28714e+15 2.74536e+35 3.27504e+20 6.66414e+38 
1.28823e+15 2.74861e+35 3.27708e+20 6.66868e+38 
1.28931e+15 2.75187e+35 3.27912e+20 6.67322e+38 
1.2904e+15 2.75512e+35 3.28116e+20 6.67777e+38 
1.29149e+15 2.75838e+35 3.2832e+20 6.68231e+38 
1.29258e+15 2.76164e+35 3.28524e+20 6.68687e+38 
1.29367e+15 2.76491e+35 3.28728e+20 6.69142e+38 
1.29476e+15 2.76818e+35 3.28932e+20 6.69598e+38 
1.29585e+15 2.77145e+35 3.29136e+20 6.70054e+38 
1.29694e+15 2.77472e+35 3.2934e+20 6.7051e+38 
1.29803e+15 2.77799e+35 3.29544e+20 6.70966e+38 
1.29913e+15 2.78127e+35 3.29748e+20 6.71423e+38 
1.30022e+15 2.78455e+35 3.29952e+20 6.7188e+38 
1.30132e+15 2.78784e+35 3.30156e+20 6.72338e+38 
1.30242e+15 2.79112e+35 3.30359e+20 6.72795e+38 
1.30351e+15 2.79441e+35 3.30563e+20 6.73253e+38 
1.30461e+15 2.79771e+35 3.30767e+20 6.73711e+38 
1.30571e+15 2.801e+35 3.30971e+20 6.7417e+38 
1.30681e+15 2.8043e+35 3.31175e+20 6.74629e+38 
1.30792e+15 2.8076e+35 3.31378e+20 6.75088e+38 
1.30902e+15 2.8109e+35 3.31582e+20 6.75547e+38 
1.31012e+15 2.81421e+35 3.31786e+20 6.76007e+38 
1.31123e+15 2.81752e+35 3.3199e+20 6.76467e+38 
1.31233e+15 2.82083e+35 3.32193e+20 6.76927e+38 
1.31344e+15 2.82414e+35 3.32397e+20 6.77387e+38 
1.31455e+15 2.82746e+35 3.32601e+20 6.77848e+38 
1.31565e+15 2.83078e+35 3.32805e+20 6.78309e+38 
1.31676e+15 2.8341e+35 3.33008e+20 6.7877e+38 
1.31787e+15 2.83743e+35 3.33212e+20 6.79232e+38 
1.31898e+15 2.84076e+35 3.33416e+20 6.79694e+38 
1.3201e+15 2.84409e+35 3.33619e+20 6.80156e+38 
1.32121e+15 2.84742e+35 3.33823e+20 6.80619e+38 
1.32232e+15 2.85076e+35 3.34027e+20 6.81081e+38 
1.32344e+15 2.8541e+35 3.3423e+20 6.81544e+38 
1.32455e+15 2.85744e+35 3.34434e+20 6.82008e+38 
1.32567e+15 2.86079e+35 3.34637e+20 6.82471e+38 
1.32679e+15 2.86414e+35 3.34841e+20 6.82935e+38 
1.32791e+15 2.86749e+35 3.35044e+20 6.83399e+38 
1.32903e+15 2.87084e+35 3.35248e+20 6.83864e+38 
1.33015e+15 2.8742e+35 3.35452e+20 6.84329e+38 
1.33127e+15 2.87756e+35 3.35655e+20 6.84794e+38 
1.33239e+15 2.88092e+35 3.35859e+20 6.85259e+38 
1.33351e+15 2.88428e+35 3.36062e+20 6.85725e+38 
1.33464e+15 2.88765e+35 3.36266e+20 6.86191e+38 
1.33576e+15 2.89102e+35 3.36469e+20 6.86657e+38 
1.33689e+15 2.8944e+35 3.36672e+20 6.87123e+38 
1.33801e+15 2.89777e+35 3.36876e+20 6.8759e+38 
1.33914e+15 2.90115e+35 3.37079e+20 6.88057e+38 
1.34027e+15 2.90453e+35 3.37283e+20 6.88524e+38 
1.3414e+15 2.90792e+35 3.37486e+20 6.88992e+38 
1.34253e+15 2.91131e+35 3.37689e+20 6.8946e+38 
1.34366e+15 2.9147e+35 3.37893e+20 6.89928e+38 
1.3448e+15 2.91809e+35 3.38096e+20 6.90397e+38 
1.34593e+15 2.92149e+35 3.383e+20 6.90865e+38 
1.34707e+15 2.92489e+35 3.38503e+20 6.91335e+38 
1.3482e+15 2.92829e+35 3.38706e+20 6.91804e+38 
1.34934e+15 2.93169e+35 3.3891e+20 6.92274e+38 
1.35048e+15 2.9351e+35 3.39113e+20 6.92743e+38 
1.35161e+15 2.93851e+35 3.39316e+20 6.93214e+38 
1.35275e+15 2.94193e+35 3.39519e+20 6.93684e+38 
1.35389e+15 2.94534e+35 3.39723e+20 6.94155e+38 
1.35504e+15 2.94876e+35 3.39926e+20 6.94626e+38 
1.35618e+15 2.95219e+35 3.40129e+20 6.95098e+38 
1.35732e+15 2.95561e+35 3.40332e+20 6.95569e+38 
1.35847e+15 2.95904e+35 3.40536e+20 6.96041e+38 
1.35961e+15 2.96247e+35 3.40739e+20 6.96513e+38 
1.36076e+15 2.9659e+35 3.40942e+20 6.96986e+38 
1.3619e+15 2.96934e+35 3.41145e+20 6.97459e+38 
1.36305e+15 2.97278e+35 3.41348e+20 6.97932e+38 
1.3642e+15 2.97622e+35 3.41551e+20 6.98405e+38 
1.36535e+15 2.97967e+35 3.41755e+20 6.98879e+38 
1.3665e+15 2.98312e+35 3.41958e+20 6.99353e+38 
1.36765e+15 2.98657e+35 3.42161e+20 6.99827e+38 
1.36881e+15 2.99002e+35 3.42364e+20 7.00302e+38 
1.36996e+15 2.99348e+35 3.42567e+20 7.00777e+38 
1.37112e+15 2.99694e+35 3.4277e+20 7.01252e+38 
1.37227e+15 3.0004e+35 3.42973e+20 7.01728e+38 
1.37343e+15 3.00387e+35 3.43176e+20 7.02203e+38 
1.37459e+15 3.00734e+35 3.43379e+20 7.02679e+38 
1.37575e+15 3.01081e+35 3.43582e+20 7.03156e+38 
1.37691e+15 3.01428e+35 3.43785e+20 7.03633e+38 
1.37807e+15 3.01776e+35 3.43988e+20 7.04109e+38 
1.37923e+15 3.02124e+35 3.44191e+20 7.04587e+38 
1.38039e+15 3.02472e+35 3.44394e+20 7.05064e+38 
1.38155e+15 3.02821e+35 3.44597e+20 7.05542e+38 
1.38272e+15 3.0317e+35 3.448e+20 7.0602e+38 
1.38388e+15 3.03519e+35 3.45003e+20 7.06499e+38 
1.38505e+15 3.03869e+35 3.45206e+20 7.06977e+38 
1.38622e+15 3.04218e+35 3.45409e+20 7.07456e+38 
1.38739e+15 3.04569e+35 3.45612e+20 7.07936e+38 
1.38856e+15 3.04919e+35 3.45815e+20 7.08415e+38 
1.38973e+15 3.0527e+35 3.46018e+20 7.08895e+38 
1.3909e+15 3.05621e+35 3.46221e+20 7.09375e+38 
1.39207e+15 3.05972e+35 3.46423e+20 7.09856e+38 
1.39325e+15 3.06324e+35 3.46626e+20 7.10337e+38 
1.39442e+15 3.06675e+35 3.46829e+20 7.10818e+38 
1.3956e+15 3.07028e+35 3.47032e+20 7.11299e+38 
1.39677e+15 3.0738e+35 3.47235e+20 7.11781e+38 
1.39795e+15 3.07733e+35 3.47437e+20 7.12263e+38 
1.39913e+15 3.08086e+35 3.4764e+20 7.12745e+38 
1.40031e+15 3.08439e+35 3.47843e+20 7.13228e+38 
1.40149e+15 3.08793e+35 3.48046e+20 7.1371e+38 
1.40267e+15 3.09147e+35 3.48249e+20 7.14194e+38 
1.40385e+15 3.09501e+35 3.48451e+20 7.14677e+38 
1.40504e+15 3.09856e+35 3.48654e+20 7.15161e+38 
1.40622e+15 3.10211e+35 3.48857e+20 7.15645e+38 
1.40741e+15 3.10566e+35 3.49059e+20 7.16129e+38 
1.40859e+15 3.10921e+35 3.49262e+20 7.16614e+38 
1.40978e+15 3.11277e+35 3.49465e+20 7.17099e+38 
1.41097e+15 3.11633e+35 3.49667e+20 7.17584e+38 
1.41216e+15 3.11989e+35 3.4987e+20 7.1807e+38 
1.41335e+15 3.12346e+35 3.50073e+20 7.18556e+38 
1.41454e+15 3.12703e+35 3.50275e+20 7.19042e+38 
1.41573e+15 3.1306e+35 3.50478e+20 7.19528e+38 
1.41693e+15 3.13418e+35 3.50681e+20 7.20015e+38 
1.41812e+15 3.13776e+35 3.50883e+20 7.20502e+38 
1.41932e+15 3.14134e+35 3.51086e+20 7.20989e+38 
1.42051e+15 3.14492e+35 3.51288e+20 7.21477e+38 
1.42171e+15 3.14851e+35 3.51491e+20 7.21965e+38 
1.42291e+15 3.1521e+35 3.51693e+20 7.22453e+38 
1.42411e+15 3.1557e+35 3.51896e+20 7.22942e+38 
1.42531e+15 3.15929e+35 3.52098e+20 7.23431e+38 
1.42651e+15 3.16289e+35 3.52301e+20 7.2392e+38 
1.42771e+15 3.16649e+35 3.52503e+20 7.24409e+38 
1.42892e+15 3.1701e+35 3.52706e+20 7.24899e+38 
1.43012e+15 3.17371e+35 3.52908e+20 7.25389e+38 
1.43133e+15 3.17732e+35 3.53111e+20 7.2588e+38 
1.43253e+15 3.18094e+35 3.53313e+20 7.2637e+38 
1.43374e+15 3.18455e+35 3.53516e+20 7.26861e+38 
1.43495e+15 3.18818e+35 3.53718e+20 7.27353e+38 
1.43616e+15 3.1918e+35 3.5392e+20 7.27844e+38 
1.43737e+15 3.19543e+35 3.54123e+20 7.28336e+38 
1.43858e+15 3.19906e+35 3.54325e+20 7.28828e+38 
1.43979e+15 3.20269e+35 3.54528e+20 7.29321e+38 
1.44101e+15 3.20633e+35 3.5473e+20 7.29814e+38 
1.44222e+15 3.20997e+35 3.54932e+20 7.30307e+38 
1.44344e+15 3.21361e+35 3.55135e+20 7.308e+38 
1.44466e+15 3.21725e+35 3.55337e+20 7.31294e+38 
1.44587e+15 3.2209e+35 3.55539e+20 7.31788e+38 
1.44709e+15 3.22455e+35 3.55742e+20 7.32282e+38 
1.44831e+15 3.22821e+35 3.55944e+20 7.32777e+38 
1.44953e+15 3.23187e+35 3.56146e+20 7.33272e+38 
1.45076e+15 3.23553e+35 3.56349e+20 7.33767e+38 
1.45198e+15 3.23919e+35 3.56551e+20 7.34263e+38 
1.4532e+15 3.24286e+35 3.56753e+20 7.34758e+38 
1.45443e+15 3.24653e+35 3.56955e+20 7.35255e+38 
1.45565e+15 3.2502e+35 3.57157e+20 7.35751e+38 
1.45688e+15 3.25388e+35 3.5736e+20 7.36248e+38 
1.45811e+15 3.25756e+35 3.57562e+20 7.36745e+38 
1.45934e+15 3.26124e+35 3.57764e+20 7.37242e+38 
1.46057e+15 3.26493e+35 3.57966e+20 7.3774e+38 
1.4618e+15 3.26862e+35 3.58168e+20 7.38238e+38 
1.46303e+15 3.27231e+35 3.58371e+20 7.38736e+38 
1.46427e+15 3.276e+35 3.58573e+20 7.39235e+38 
1.4655e+15 3.2797e+35 3.58775e+20 7.39734e+38 
1.46674e+15 3.2834e+35 3.58977e+20 7.40233e+38 
1.46797e+15 3.28711e+35 3.59179e+20 7.40733e+38 
1.46921e+15 3.29081e+35 3.59381e+20 7.41233e+38 
1.47045e+15 3.29453e+35 3.59583e+20 7.41733e+38 
1.47169e+15 3.29824e+35 3.59785e+20 7.42233e+38 
1.47293e+15 3.30196e+35 3.59987e+20 7.42734e+38 
1.47417e+15 3.30568e+35 3.60189e+20 7.43235e+38 
1.47541e+15 3.3094e+35 3.60391e+20 7.43736e+38 
1.47666e+15 3.31313e+35 3.60594e+20 7.44238e+38 
1.4779e+15 3.31685e+35 3.60796e+20 7.4474e+38 
1.47915e+15 3.32059e+35 3.60998e+20 7.45243e+38 
1.4804e+15 3.32432e+35 3.612e+20 7.45745e+38 
1.48164e+15 3.32806e+35 3.61402e+20 7.46248e+38 
1.48289e+15 3.3318e+35 3.61603e+20 7.46751e+38 
1.48414e+15 3.33555e+35 3.61805e+20 7.47255e+38 
1.48539e+15 3.3393e+35 3.62007e+20 7.47759e+38 
1.48665e+15 3.34305e+35 3.62209e+20 7.48263e+38 
1.4879e+15 3.3468e+35 3.62411e+20 7.48768e+38 
1.48915e+15 3.35056e+35 3.62613e+20 7.49272e+38 
1.49041e+15 3.35432e+35 3.62815e+20 7.49778e+38 
1.49167e+15 3.35809e+35 3.63017e+20 7.50283e+38 
1.49292e+15 3.36185e+35 3.63219e+20 7.50789e+38 
1.49418e+15 3.36563e+35 3.63421e+20 7.51295e+38 
1.49544e+15 3.3694e+35 3.63623e+20 7.51801e+38 
1.4967e+15 3.37318e+35 3.63824e+20 7.52308e+38 
1.49796e+15 3.37696e+35 3.64026e+20 7.52815e+38 
1.49923e+15 3.38074e+35 3.64228e+20 7.53322e+38 
1.50049e+15 3.38453e+35 3.6443e+20 7.5383e+38 
1.50176e+15 3.38832e+35 3.64632e+20 7.54338e+38 
1.50302e+15 3.39211e+35 3.64833e+20 7.54846e+38 
1.50429e+15 3.3959e+35 3.65035e+20 7.55355e+38 
1.50556e+15 3.3997e+35 3.65237e+20 7.55864e+38 
1.50683e+15 3.40351e+35 3.65439e+20 7.56373e+38 
1.5081e+15 3.40731e+35 3.65641e+20 7.56882e+38 
1.50937e+15 3.41112e+35 3.65842e+20 7.57392e+38 
1.51064e+15 3.41493e+35 3.66044e+20 7.57902e+38 
1.51191e+15 3.41875e+35 3.66246e+20 7.58413e+38 
1.51319e+15 3.42257e+35 3.66447e+20 7.58924e+38 
1.51446e+15 3.42639e+35 3.66649e+20 7.59435e+38 
1.51574e+15 3.43021e+35 3.66851e+20 7.59946e+38 
1.51702e+15 3.43404e+35 3.67052e+20 7.60458e+38 
1.5183e+15 3.43787e+35 3.67254e+20 7.6097e+38 
1.51958e+15 3.44171e+35 3.67456e+20 7.61482e+38 
1.52086e+15 3.44555e+35 3.67657e+20 7.61995e+38 
1.52214e+15 3.44939e+35 3.67859e+20 7.62508e+38 
1.52342e+15 3.45323e+35 3.68061e+20 7.63021e+38 
1.52471e+15 3.45708e+35 3.68262e+20 7.63535e+38 
1.52599e+15 3.46093e+35 3.68464e+20 7.64049e+38 
1.52728e+15 3.46478e+35 3.68665e+20 7.64563e+38 
1.52857e+15 3.46864e+35 3.68867e+20 7.65078e+38 
1.52986e+15 3.4725e+35 3.69069e+20 7.65593e+38 
1.53115e+15 3.47636e+35 3.6927e+20 7.66108e+38 
1.53244e+15 3.48023e+35 3.69472e+20 7.66623e+38 
1.53373e+15 3.4841e+35 3.69673e+20 7.67139e+38 
1.53502e+15 3.48798e+35 3.69875e+20 7.67655e+38 
1.53632e+15 3.49185e+35 3.70076e+20 7.68172e+38 
1.53761e+15 3.49573e+35 3.70278e+20 7.68689e+38 
1.53891e+15 3.49962e+35 3.70479e+20 7.69206e+38 
1.5402e+15 3.5035e+35 3.70681e+20 7.69723e+38 
1.5415e+15 3.50739e+35 3.70882e+20 7.70241e+38 
1.5428e+15 3.51129e+35 3.71084e+20 7.70759e+38 
1.5441e+15 3.51518e+35 3.71285e+20 7.71278e+38 
1.54541e+15 3.51908e+35 3.71486e+20 7.71796e+38 
1.54671e+15 3.52299e+35 3.71688e+20 7.72316e+38 
1.54801e+15 3.52689e+35 3.71889e+20 7.72835e+38 
1.54932e+15 3.5308e+35 3.72091e+20 7.73355e+38 
1.55062e+15 3.53471e+35 3.72292e+20 7.73875e+38 
1.55193e+15 3.53863e+35 3.72493e+20 7.74395e+38 
1.55324e+15 3.54255e+35 3.72695e+20 7.74916e+38 
1.55455e+15 3.54647e+35 3.72896e+20 7.75437e+38 
1.55586e+15 3.5504e+35 3.73097e+20 7.75958e+38 
1.55717e+15 3.55433e+35 3.73299e+20 7.7648e+38 
1.55848e+15 3.55826e+35 3.735e+20 7.77002e+38 
1.5598e+15 3.5622e+35 3.73701e+20 7.77524e+38 
1.56111e+15 3.56614e+35 3.73903e+20 7.78047e+38 
1.56243e+15 3.57008e+35 3.74104e+20 7.78569e+38 
1.56375e+15 3.57403e+35 3.74305e+20 7.79093e+38 
1.56506e+15 3.57798e+35 3.74506e+20 7.79616e+38 
1.56638e+15 3.58193e+35 3.74708e+20 7.8014e+38 
1.5677e+15 3.58588e+35 3.74909e+20 7.80664e+38 
1.56902e+15 3.58984e+35 3.7511e+20 7.81189e+38 
1.57035e+15 3.59381e+35 3.75311e+20 7.81714e+38 
1.57167e+15 3.59777e+35 3.75513e+20 7.82239e+38 
1.573e+15 3.60174e+35 3.75714e+20 7.82765e+38 
1.57432e+15 3.60572e+35 3.75915e+20 7.83291e+38 
1.57565e+15 3.60969e+35 3.76116e+20 7.83817e+38 
1.57698e+15 3.61367e+35 3.76317e+20 7.84343e+38 
1.57831e+15 3.61765e+35 3.76519e+20 7.8487e+38 
1.57964e+15 3.62164e+35 3.7672e+20 7.85397e+38 
1.58097e+15 3.62563e+35 3.76921e+20 7.85925e+38 
1.5823e+15 3.62962e+35 3.77122e+20 7.86452e+38 
1.58364e+15 3.63362e+35 3.77323e+20 7.86981e+38 
1.58497e+15 3.63762e+35 3.77524e+20 7.87509e+38 
1.58631e+15 3.64162e+35 3.77725e+20 7.88038e+38 
1.58765e+15 3.64563e+35 3.77926e+20 7.88567e+38 
1.58898e+15 3.64964e+35 3.78127e+20 7.89096e+38 
1.59032e+15 3.65365e+35 3.78329e+20 7.89626e+38 
1.59166e+15 3.65767e+35 3.7853e+20 7.90156e+38 
1.59301e+15 3.66169e+35 3.78731e+20 7.90687e+38 
1.59435e+15 3.66571e+35 3.78932e+20 7.91218e+38 
1.59569e+15 3.66974e+35 3.79133e+20 7.91749e+38 
1.59704e+15 3.67377e+35 3.79334e+20 7.9228e+38 
1.59838e+15 3.6778e+35 3.79535e+20 7.92812e+38 
1.59973e+15 3.68184e+35 3.79736e+20 7.93344e+38 
1.60108e+15 3.68588e+35 3.79937e+20 7.93876e+38 
1.60243e+15 3.68992e+35 3.80138e+20 7.94409e+38 
1.60378e+15 3.69397e+35 3.80339e+20 7.94942e+38 
1.60513e+15 3.69802e+35 3.8054e+20 7.95475e+38 
1.60649e+15 3.70207e+35 3.8074e+20 7.96009e+38 
1.60784e+15 3.70613e+35 3.80941e+20 7.96543e+38 
1.6092e+15 3.71019e+35 3.81142e+20 7.97078e+38 
1.61055e+15 3.71426e+35 3.81343e+20 7.97612e+38 
1.61191e+15 3.71832e+35 3.81544e+20 7.98147e+38 
1.61327e+15 3.72239e+35 3.81745e+20 7.98683e+38 
1.61463e+15 3.72647e+35 3.81946e+20 7.99218e+38 
1.61599e+15 3.73055e+35 3.82147e+20 7.99755e+38 
1.61735e+15 3.73463e+35 3.82348e+20 8.00291e+38 
1.61872e+15 3.73871e+35 3.82548e+20 8.00828e+38 
1.62008e+15 3.7428e+35 3.82749e+20 8.01365e+38 
1.62145e+15 3.74689e+35 3.8295e+20 8.01902e+38 
1.62281e+15 3.75099e+35 3.83151e+20 8.0244e+38 
1.62418e+15 3.75509e+35 3.83352e+20 8.02978e+38 
1.62555e+15 3.75919e+35 3.83553e+20 8.03516e+38 
1.62692e+15 3.76329e+35 3.83753e+20 8.04055e+38 
1.62829e+15 3.7674e+35 3.83954e+20 8.04594e+38 
1.62967e+15 3.77152e+35 3.84155e+20 8.05133e+38 
1.63104e+15 3.77563e+35 3.84356e+20 8.05673e+38 
1.63241e+15 3.77975e+35 3.84556e+20 8.06213e+38 
1.63379e+15 3.78387e+35 3.84757e+20 8.06753e+38 
1.63517e+15 3.788e+35 3.84958e+20 8.07294e+38 
1.63655e+15 3.79213e+35 3.85159e+20 8.07835e+38 
1.63793e+15 3.79626e+35 3.85359e+20 8.08377e+38 
1.63931e+15 3.8004e+35 3.8556e+20 8.08918e+38 
1.64069e+15 3.80454e+35 3.85761e+20 8.0946e+38 
1.64207e+15 3.80868e+35 3.85961e+20 8.10003e+38 
1.64346e+15 3.81283e+35 3.86162e+20 8.10545e+38 
1.64484e+15 3.81698e+35 3.86363e+20 8.11088e+38 
1.64623e+15 3.82114e+35 3.86563e+20 8.11632e+38 
1.64762e+15 3.82529e+35 3.86764e+20 8.12176e+38 
1.64901e+15 3.82946e+35 3.86965e+20 8.1272e+38 
1.6504e+15 3.83362e+35 3.87165e+20 8.13264e+38 
1.65179e+15 3.83779e+35 3.87366e+20 8.13809e+38 
1.65318e+15 3.84196e+35 3.87566e+20 8.14354e+38 
1.65457e+15 3.84614e+35 3.87767e+20 8.14899e+38 
1.65597e+15 3.85031e+35 3.87967e+20 8.15445e+38 
1.65736e+15 3.8545e+35 3.88168e+20 8.15991e+38 
1.65876e+15 3.85868e+35 3.88369e+20 8.16538e+38 
1.66016e+15 3.86287e+35 3.88569e+20 8.17084e+38 
1.66156e+15 3.86707e+35 3.8877e+20 8.17632e+38 
1.66296e+15 3.87126e+35 3.8897e+20 8.18179e+38 
1.66436e+15 3.87546e+35 3.89171e+20 8.18727e+38 
1.66577e+15 3.87967e+35 3.89371e+20 8.19275e+38 
1.66717e+15 3.88387e+35 3.89572e+20 8.19823e+38 
1.66858e+15 3.88808e+35 3.89772e+20 8.20372e+38 
1.66998e+15 3.8923e+35 3.89973e+20 8.20921e+38 
1.67139e+15 3.89651e+35 3.90173e+20 8.21471e+38 
1.6728e+15 3.90074e+35 3.90374e+20 8.22021e+38 
1.67421e+15 3.90496e+35 3.90574e+20 8.22571e+38 
1.67562e+15 3.90919e+35 3.90774e+20 8.23121e+38 
1.67703e+15 3.91342e+35 3.90975e+20 8.23672e+38 
1.67845e+15 3.91766e+35 3.91175e+20 8.24223e+38 
1.67986e+15 3.9219e+35 3.91376e+20 8.24775e+38 
1.68128e+15 3.92614e+35 3.91576e+20 8.25327e+38 
1.6827e+15 3.93038e+35 3.91776e+20 8.25879e+38 
1.68411e+15 3.93463e+35 3.91977e+20 8.26432e+38 
1.68553e+15 3.93889e+35 3.92177e+20 8.26985e+38 
1.68695e+15 3.94315e+35 3.92378e+20 8.27538e+38 
1.68838e+15 3.94741e+35 3.92578e+20 8.28091e+38 
1.6898e+15 3.95167e+35 3.92778e+20 8.28645e+38 
1.69123e+15 3.95594e+35 3.92979e+20 8.292e+38 
1.69265e+15 3.96021e+35 3.93179e+20 8.29754e+38 
1.69408e+15 3.96448e+35 3.93379e+20 8.30309e+38 
1.69551e+15 3.96876e+35 3.9358e+20 8.30864e+38 
1.69694e+15 3.97304e+35 3.9378e+20 8.3142e+38 
1.69837e+15 3.97733e+35 3.9398e+20 8.31976e+38 
1.6998e+15 3.98162e+35 3.9418e+20 8.32532e+38 
1.70123e+15 3.98591e+35 3.94381e+20 8.33089e+38 
1.70266e+15 3.99021e+35 3.94581e+20 8.33646e+38 
1.7041e+15 3.99451e+35 3.94781e+20 8.34204e+38 
1.70554e+15 3.99881e+35 3.94981e+20 8.34761e+38 
1.70697e+15 4.00312e+35 3.95182e+20 8.35319e+38 
1.70841e+15 4.00743e+35 3.95382e+20 8.35878e+38 
1.70985e+15 4.01175e+35 3.95582e+20 8.36437e+38 
1.7113e+15 4.01607e+35 3.95782e+20 8.36996e+38 
1.71274e+15 4.02039e+35 3.95982e+20 8.37555e+38 
1.71418e+15 4.02471e+35 3.96182e+20 8.38115e+38 
1.71563e+15 4.02904e+35 3.96383e+20 8.38675e+38 
1.71707e+15 4.03338e+35 3.96583e+20 8.39236e+38 
1.71852e+15 4.03771e+35 3.96783e+20 8.39796e+38 
1.71997e+15 4.04205e+35 3.96983e+20 8.40358e+38 
1.72142e+15 4.0464e+35 3.97183e+20 8.40919e+38 
1.72287e+15 4.05074e+35 3.97383e+20 8.41481e+38 
1.72432e+15 4.0551e+35 3.97583e+20 8.42043e+38 
1.72578e+15 4.05945e+35 3.97783e+20 8.42606e+38 
1.72723e+15 4.06381e+35 3.97984e+20 8.43169e+38 
1.72869e+15 4.06817e+35 3.98184e+20 8.43732e+38 
1.73015e+15 4.07254e+35 3.98384e+20 8.44296e+38 
1.7316e+15 4.07691e+35 3.98584e+20 8.4486e+38 
1.73306e+15 4.08128e+35 3.98784e+20 8.45424e+38 
1.73453e+15 4.08566e+35 3.98984e+20 8.45989e+38 
1.73599e+15 4.09004e+35 3.99184e+20 8.46554e+38 
1.73745e+15 4.09442e+35 3.99384e+20 8.47119e+38 
1.73892e+15 4.09881e+35 3.99584e+20 8.47685e+38 
1.74038e+15 4.1032e+35 3.99784e+20 8.48251e+38 
1.74185e+15 4.1076e+35 3.99984e+20 8.48817e+38 
1.74332e+15 4.112e+35 4.00184e+20 8.49384e+38 
1.74479e+15 4.1164e+35 4.00384e+20 8.49951e+38 
1.74626e+15 4.12081e+35 4.00584e+20 8.50519e+38 
1.74773e+15 4.12522e+35 4.00784e+20 8.51087e+38 
1.7492e+15 4.12963e+35 4.00984e+20 8.51655e+38 
1.75068e+15 4.13405e+35 4.01184e+20 8.52223e+38 
1.75215e+15 4.13847e+35 4.01384e+20 8.52792e+38 
1.75363e+15 4.1429e+35 4.01583e+20 8.53362e+38 
1.75511e+15 4.14733e+35 4.01783e+20 8.53931e+38 
1.75659e+15 4.15176e+35 4.01983e+20 8.54501e+38 
1.75807e+15 4.1562e+35 4.02183e+20 8.55072e+38 
1.75955e+15 4.16064e+35 4.02383e+20 8.55642e+38 
1.76104e+15 4.16508e+35 4.02583e+20 8.56213e+38 
1.76252e+15 4.16953e+35 4.02783e+20 8.56785e+38 
1.76401e+15 4.17398e+35 4.02983e+20 8.57356e+38 
1.76549e+15 4.17843e+35 4.03182e+20 8.57928e+38 
1.76698e+15 4.18289e+35 4.03382e+20 8.58501e+38 
1.76847e+15 4.18736e+35 4.03582e+20 8.59074e+38 
1.76996e+15 4.19182e+35 4.03782e+20 8.59647e+38 
1.77145e+15 4.19629e+35 4.03982e+20 8.6022e+38 
1.77295e+15 4.20077e+35 4.04181e+20 8.60794e+38 
1.77444e+15 4.20524e+35 4.04381e+20 8.61368e+38 
1.77594e+15 4.20973e+35 4.04581e+20 8.61943e+38 
1.77744e+15 4.21421e+35 4.04781e+20 8.62518e+38 
1.77893e+15 4.2187e+35 4.04981e+20 8.63093e+38 
1.78043e+15 4.22319e+35 4.0518e+20 8.63669e+38 
1.78193e+15 4.22769e+35 4.0538e+20 8.64245e+38 
1.78344e+15 4.23219e+35 4.0558e+20 8.64821e+38 
1.78494e+15 4.23669e+35 4.05779e+20 8.65398e+38 
1.78644e+15 4.2412e+35 4.05979e+20 8.65975e+38 
1.78795e+15 4.24571e+35 4.06179e+20 8.66552e+38 
1.78946e+15 4.25023e+35 4.06379e+20 8.6713e+38 
1.79097e+15 4.25475e+35 4.06578e+20 8.67708e+38 
1.79248e+15 4.25927e+35 4.06778e+20 8.68287e+38 
1.79399e+15 4.2638e+35 4.06978e+20 8.68866e+38 
1.7955e+15 4.26833e+35 4.07177e+20 8.69445e+38 
1.79701e+15 4.27287e+35 4.07377e+20 8.70025e+38 
1.79853e+15 4.2774e+35 4.07576e+20 8.70605e+38 
1.80005e+15 4.28195e+35 4.07776e+20 8.71185e+38 
1.80156e+15 4.28649e+35 4.07976e+20 8.71766e+38 
1.80308e+15 4.29104e+35 4.08175e+20 8.72347e+38 
1.8046e+15 4.2956e+35 4.08375e+20 8.72928e+38 
1.80612e+15 4.30015e+35 4.08574e+20 8.7351e+38 
1.80765e+15 4.30472e+35 4.08774e+20 8.74092e+38 
1.80917e+15 4.30928e+35 4.08974e+20 8.74674e+38 
1.81069e+15 4.31385e+35 4.09173e+20 8.75257e+38 
1.81222e+15 4.31842e+35 4.09373e+20 8.7584e+38 
1.81375e+15 4.323e+35 4.09572e+20 8.76424e+38 
1.81528e+15 4.32758e+35 4.09772e+20 8.77008e+38 
1.81681e+15 4.33217e+35 4.09971e+20 8.77592e+38 
1.81834e+15 4.33675e+35 4.10171e+20 8.78177e+38 
1.81987e+15 4.34135e+35 4.1037e+20 8.78762e+38 
1.82141e+15 4.34594e+35 4.1057e+20 8.79347e+38 
1.82294e+15 4.35054e+35 4.10769e+20 8.79933e+38 
1.82448e+15 4.35515e+35 4.10969e+20 8.80519e+38 
1.82602e+15 4.35976e+35 4.11168e+20 8.81105e+38 
1.82756e+15 4.36437e+35 4.11368e+20 8.81692e+38 
1.8291e+15 4.36898e+35 4.11567e+20 8.82279e+38 
1.83064e+15 4.3736e+35 4.11767e+20 8.82867e+38 
1.83218e+15 4.37823e+35 4.11966e+20 8.83455e+38 
1.83373e+15 4.38285e+35 4.12166e+20 8.84043e+38 
1.83527e+15 4.38748e+35 4.12365e+20 8.84632e+38 
1.83682e+15 4.39212e+35 4.12564e+20 8.85221e+38 
1.83837e+15 4.39676e+35 4.12764e+20 8.8581e+38 
1.83992e+15 4.4014e+35 4.12963e+20 8.864e+38 
1.84147e+15 4.40605e+35 4.13163e+20 8.8699e+38 
1.84302e+15 4.4107e+35 4.13362e+20 8.87581e+38 
1.84458e+15 4.41535e+35 4.13561e+20 8.88172e+38 
1.84613e+15 4.42001e+35 4.13761e+20 8.88763e+38 
1.84769e+15 4.42468e+35 4.1396e+20 8.89354e+38 
1.84925e+15 4.42934e+35 4.14159e+20 8.89946e+38 
1.8508e+15 4.43401e+35 4.14359e+20 8.90539e+38 
1.85236e+15 4.43869e+35 4.14558e+20 8.91131e+38 
1.85393e+15 4.44337e+35 4.14757e+20 8.91724e+38 
1.85549e+15 4.44805e+35 4.14957e+20 8.92318e+38 
1.85705e+15 4.45273e+35 4.15156e+20 8.92912e+38 
1.85862e+15 4.45742e+35 4.15355e+20 8.93506e+38 
1.86019e+15 4.46212e+35 4.15554e+20 8.941e+38 
1.86175e+15 4.46682e+35 4.15754e+20 8.94695e+38 
1.86332e+15 4.47152e+35 4.15953e+20 8.9529e+38 
1.86489e+15 4.47623e+35 4.16152e+20 8.95886e+38 
1.86647e+15 4.48094e+35 4.16351e+20 8.96482e+38 
1.86804e+15 4.48565e+35 4.16551e+20 8.97078e+38 
1.86961e+15 4.49037e+35 4.1675e+20 8.97675e+38 
1.87119e+15 4.49509e+35 4.16949e+20 8.98272e+38 
1.87277e+15 4.49981e+35 4.17148e+20 8.9887e+38 
1.87435e+15 4.50454e+35 4.17348e+20 8.99468e+38 
1.87593e+15 4.50928e+35 4.17547e+20 9.00066e+38 
1.87751e+15 4.51402e+35 4.17746e+20 9.00665e+38 
1.87909e+15 4.51876e+35 4.17945e+20 9.01263e+38 
1.88068e+15 4.5235e+35 4.18144e+20 9.01863e+38 
1.88226e+15 4.52825e+35 4.18343e+20 9.02463e+38 
1.88385e+15 4.53301e+35 4.18542e+20 9.03063e+38 
1.88544e+15 4.53777e+35 4.18742e+20 9.03663e+38 
1.88703e+15 4.54253e+35 4.18941e+20 9.04264e+38 
1.88862e+15 4.54729e+35 4.1914e+20 9.04865e+38 
1.89021e+15 4.55206e+35 4.19339e+20 9.05467e+38 
1.8918e+15 4.55684e+35 4.19538e+20 9.06069e+38 
1.8934e+15 4.56162e+35 4.19737e+20 9.06671e+38 
1.89499e+15 4.5664e+35 4.19936e+20 9.07274e+38 
1.89659e+15 4.57118e+35 4.20135e+20 9.07877e+38 
1.89819e+15 4.57597e+35 4.20334e+20 9.0848e+38 
1.89979e+15 4.58077e+35 4.20533e+20 9.09084e+38 
1.90139e+15 4.58557e+35 4.20733e+20 9.09688e+38 
1.90299e+15 4.59037e+35 4.20932e+20 9.10293e+38 
1.9046e+15 4.59517e+35 4.21131e+20 9.10898e+38 
1.9062e+15 4.59998e+35 4.2133e+20 9.11503e+38 
1.90781e+15 4.6048e+35 4.21529e+20 9.12109e+38 
1.90942e+15 4.60962e+35 4.21728e+20 9.12715e+38 
1.91103e+15 4.61444e+35 4.21927e+20 9.13322e+38 
1.91264e+15 4.61927e+35 4.22126e+20 9.13928e+38 
1.91425e+15 4.6241e+35 4.22325e+20 9.14536e+38 
1.91587e+15 4.62893e+35 4.22524e+20 9.15143e+38 
1.91748e+15 4.63377e+35 4.22723e+20 9.15751e+38 
1.9191e+15 4.63861e+35 4.22921e+20 9.16359e+38 
1.92072e+15 4.64346e+35 4.2312e+20 9.16968e+38 
1.92234e+15 4.64831e+35 4.23319e+20 9.17577e+38 
1.92396e+15 4.65317e+35 4.23518e+20 9.18187e+38 
1.92558e+15 4.65803e+35 4.23717e+20 9.18797e+38 
1.9272e+15 4.66289e+35 4.23916e+20 9.19407e+38 
1.92883e+15 4.66776e+35 4.24115e+20 9.20018e+38 
1.93045e+15 4.67263e+35 4.24314e+20 9.20629e+38 
1.93208e+15 4.6775e+35 4.24513e+20 9.2124e+38 
1.93371e+15 4.68238e+35 4.24712e+20 9.21852e+38 
1.93534e+15 4.68727e+35 4.24911e+20 9.22464e+38 
1.93697e+15 4.69215e+35 4.25109e+20 9.23076e+38 
1.9386e+15 4.69705e+35 4.25308e+20 9.23689e+38 
1.94024e+15 4.70194e+35 4.25507e+20 9.24303e+38 
1.94187e+15 4.70684e+35 4.25706e+20 9.24916e+38 
1.94351e+15 4.71175e+35 4.25905e+20 9.2553e+38 
1.94515e+15 4.71666e+35 4.26104e+20 9.26145e+38 
1.94679e+15 4.72157e+35 4.26302e+20 9.2676e+38 
1.94843e+15 4.72649e+35 4.26501e+20 9.27375e+38 
1.95007e+15 4.73141e+35 4.267e+20 9.2799e+38 
1.95172e+15 4.73633e+35 4.26899e+20 9.28606e+38 
1.95336e+15 4.74126e+35 4.27098e+20 9.29223e+38 
1.95501e+15 4.74619e+35 4.27296e+20 9.29839e+38 
1.95666e+15 4.75113e+35 4.27495e+20 9.30456e+38 
1.95831e+15 4.75607e+35 4.27694e+20 9.31074e+38 
1.95996e+15 4.76102e+35 4.27893e+20 9.31692e+38 
1.96161e+15 4.76597e+35 4.28091e+20 9.3231e+38 
1.96326e+15 4.77092e+35 4.2829e+20 9.32929e+38 
1.96492e+15 4.77588e+35 4.28489e+20 9.33548e+38 
1.96658e+15 4.78085e+35 4.28687e+20 9.34167e+38 
1.96823e+15 4.78581e+35 4.28886e+20 9.34787e+38 
1.96989e+15 4.79078e+35 4.29085e+20 9.35407e+38 
1.97155e+15 4.79576e+35 4.29284e+20 9.36028e+38 
1.97322e+15 4.80074e+35 4.29482e+20 9.36649e+38 
1.97488e+15 4.80572e+35 4.29681e+20 9.3727e+38 
1.97654e+15 4.81071e+35 4.2988e+20 9.37892e+38 
1.97821e+15 4.8157e+35 4.30078e+20 9.38514e+38 
1.97988e+15 4.8207e+35 4.30277e+20 9.39136e+38 
1.98155e+15 4.8257e+35 4.30476e+20 9.39759e+38 
1.98322e+15 4.8307e+35 4.30674e+20 9.40383e+38 
1.98489e+15 4.83571e+35 4.30873e+20 9.41006e+38 
1.98656e+15 4.84072e+35 4.31071e+20 9.4163e+38 
1.98824e+15 4.84574e+35 4.3127e+20 9.42255e+38 
1.98991e+15 4.85076e+35 4.31469e+20 9.4288e+38 
1.99159e+15 4.85579e+35 4.31667e+20 9.43505e+38 
1.99327e+15 4.86082e+35 4.31866e+20 9.4413e+38 
1.99495e+15 4.86585e+35 4.32064e+20 9.44756e+38 
1.99663e+15 4.87089e+35 4.32263e+20 9.45383e+38 
1.99832e+15 4.87593e+35 4.32461e+20 9.4601e+38 
2e+15 4.88098e+35 4.3266e+20 9.46637e+38 
