2000
5.34775e+14 1.05697e+31 1.97651e+16 3.22154e+38 
5.3481e+14 2.11393e+31 3.95285e+16 3.22175e+38 
5.34845e+14 3.1709e+31 5.92901e+16 3.22196e+38 
5.34881e+14 4.22786e+31 7.905e+16 3.22217e+38 
5.34916e+14 5.28483e+31 9.88082e+16 3.22239e+38 
5.34951e+14 6.34179e+31 1.18565e+17 3.2226e+38 
5.34987e+14 7.39876e+31 1.38319e+17 3.22281e+38 
5.35022e+14 8.45573e+31 1.58072e+17 3.22302e+38 
5.35057e+14 9.51269e+31 1.77824e+17 3.22324e+38 
5.35092e+14 1.05697e+32 1.97573e+17 3.22345e+38 
5.38633e+14 1.16651e+33 2.17092e+18 3.24475e+38 
5.38989e+14 1.27297e+33 2.36802e+18 3.24689e+38 
5.39344e+14 1.37951e+33 2.56508e+18 3.24902e+38 
5.397e+14 1.48611e+33 2.76209e+18 3.25116e+38 
5.40056e+14 1.59279e+33 2.95906e+18 3.2533e+38 
5.40413e+14 1.69954e+33 3.15599e+18 3.25544e+38 
5.40769e+14 1.80636e+33 3.35287e+18 3.25758e+38 
5.41126e+14 1.91325e+33 3.54971e+18 3.25972e+38 
5.41483e+14 2.0202e+33 3.74651e+18 3.26186e+38 
5.4184e+14 2.12723e+33 3.94327e+18 3.264e+38 
5.42198e+14 2.23433e+33 4.13998e+18 3.26615e+38 
5.42555e+14 2.3415e+33 4.33665e+18 3.26829e+38 
5.42913e+14 2.44875e+33 4.53328e+18 3.27044e+38 
5.43272e+14 2.55606e+33 4.72987e+18 3.27259e+38 
5.4363e+14 2.66344e+33 4.92642e+18 3.27473e+38 
5.43989e+14 2.7709e+33 5.12292e+18 3.27688e+38 
5.44348e+14 2.87842e+33 5.31938e+18 3.27903e+38 
5.44707e+14 2.98602e+33 5.5158e+18 3.28118e+38 
5.45066e+14 3.09368e+33 5.71217e+18 3.28333e+38 
5.45426e+14 3.20142e+33 5.9085e+18 3.28549e+38 
5.45786e+14 3.30923e+33 6.1048e+18 3.28764e+38 
5.46146e+14 3.41711e+33 6.30105e+18 3.28979e+38 
5.46506e+14 3.52506e+33 6.49725e+18 3.29195e+38 
5.46867e+14 3.63308e+33 6.69342e+18 3.2941e+38 
5.47227e+14 3.74118e+33 6.88954e+18 3.29626e+38 
5.47589e+14 3.84934e+33 7.08563e+18 3.29842e+38 
5.4795e+14 3.95758e+33 7.28167e+18 3.30058e+38 
5.48311e+14 4.06588e+33 7.47766e+18 3.30274e+38 
5.48673e+14 4.17426e+33 7.67362e+18 3.3049e+38 
5.49035e+14 4.28271e+33 7.86954e+18 3.30706e+38 
5.49397e+14 4.39124e+33 8.06541e+18 3.30923e+38 
5.4976e+14 4.49983e+33 8.26124e+18 3.31139e+38 
5.50123e+14 4.6085e+33 8.45703e+18 3.31355e+38 
5.50486e+14 4.71723e+33 8.65278e+18 3.31572e+38 
5.50849e+14 4.82604e+33 8.84849e+18 3.31789e+38 
5.51212e+14 4.93492e+33 9.04416e+18 3.32005e+38 
5.51576e+14 5.04388e+33 9.23978e+18 3.32222e+38 
5.5194e+14 5.1529e+33 9.43537e+18 3.32439e+38 
5.52304e+14 5.262e+33 9.63091e+18 3.32656e+38 
5.52668e+14 5.37116e+33 9.82641e+18 3.32873e+38 
5.53033e+14 5.4804e+33 1.00219e+19 3.33091e+38 
5.53398e+14 5.58972e+33 1.02173e+19 3.33308e+38 
5.53763e+14 5.6991e+33 1.04127e+19 3.33525e+38 
5.54128e+14 5.80856e+33 1.0608e+19 3.33743e+38 
5.54494e+14 5.91809e+33 1.08033e+19 3.33961e+38 
5.5486e+14 6.02769e+33 1.09986e+19 3.34178e+38 
5.55226e+14 6.13736e+33 1.11938e+19 3.34396e+38 
5.55592e+14 6.24711e+33 1.13889e+19 3.34614e+38 
5.55959e+14 6.35693e+33 1.15841e+19 3.34832e+38 
5.56326e+14 6.46682e+33 1.17792e+19 3.3505e+38 
5.56693e+14 6.57678e+33 1.19742e+19 3.35268e+38 
5.5706e+14 6.68682e+33 1.21692e+19 3.35487e+38 
5.57427e+14 6.79692e+33 1.23642e+19 3.35705e+38 
5.57795e+14 6.90711e+33 1.25591e+19 3.35924e+38 
5.58163e+14 7.01736e+33 1.2754e+19 3.36142e+38 
5.58531e+14 7.12769e+33 1.29489e+19 3.36361e+38 
5.589e+14 7.23808e+33 1.31437e+19 3.3658e+38 
5.59269e+14 7.34856e+33 1.33384e+19 3.36799e+38 
5.59638e+14 7.4591e+33 1.35332e+19 3.37018e+38 
5.60007e+14 7.56972e+33 1.37279e+19 3.37237e+38 
5.60376e+14 7.68041e+33 1.39225e+19 3.37456e+38 
5.60746e+14 7.79117e+33 1.41171e+19 3.37675e+38 
5.61116e+14 7.90201e+33 1.43117e+19 3.37895e+38 
5.61486e+14 8.01292e+33 1.45062e+19 3.38114e+38 
5.61857e+14 8.12391e+33 1.47007e+19 3.38334e+38 
5.62228e+14 8.23496e+33 1.48951e+19 3.38553e+38 
5.62598e+14 8.34609e+33 1.50895e+19 3.38773e+38 
5.6297e+14 8.45729e+33 1.52839e+19 3.38993e+38 
5.63341e+14 8.56857e+33 1.54782e+19 3.39213e+38 
5.63713e+14 8.67992e+33 1.56725e+19 3.39433e+38 
5.64085e+14 8.79134e+33 1.58668e+19 3.39653e+38 
5.64457e+14 8.90284e+33 1.6061e+19 3.39873e+38 
5.64829e+14 9.01441e+33 1.62551e+19 3.40094e+38 
5.65202e+14 9.12606e+33 1.64493e+19 3.40314e+38 
5.65575e+14 9.23777e+33 1.66434e+19 3.40535e+38 
5.65948e+14 9.34957e+33 1.68374e+19 3.40755e+38 
5.66321e+14 9.46143e+33 1.70314e+19 3.40976e+38 
5.66695e+14 9.57337e+33 1.72254e+19 3.41197e+38 
5.67069e+14 9.68538e+33 1.74193e+19 3.41418e+38 
5.67443e+14 9.79747e+33 1.76132e+19 3.41639e+38 
5.67817e+14 9.90963e+33 1.78071e+19 3.4186e+38 
5.68192e+14 1.00219e+34 1.80009e+19 3.42081e+38 
5.68567e+14 1.01342e+34 1.81946e+19 3.42303e+38 
5.68942e+14 1.02466e+34 1.83884e+19 3.42524e+38 
5.69317e+14 1.0359e+34 1.85821e+19 3.42746e+38 
5.69693e+14 1.04715e+34 1.87757e+19 3.42967e+38 
5.70069e+14 1.05841e+34 1.89693e+19 3.43189e+38 
5.70445e+14 1.06968e+34 1.91629e+19 3.43411e+38 
5.70821e+14 1.08096e+34 1.93564e+19 3.43633e+38 
5.71198e+14 1.09224e+34 1.95499e+19 3.43855e+38 
5.71575e+14 1.10353e+34 1.97434e+19 3.44077e+38 
5.71952e+14 1.11483e+34 1.99368e+19 3.44299e+38 
5.72329e+14 1.12613e+34 2.01302e+19 3.44521e+38 
5.72707e+14 1.13745e+34 2.03235e+19 3.44744e+38 
5.73085e+14 1.14877e+34 2.05168e+19 3.44966e+38 
5.73463e+14 1.16009e+34 2.07101e+19 3.45189e+38 
5.73841e+14 1.17143e+34 2.09033e+19 3.45412e+38 
5.7422e+14 1.18277e+34 2.10965e+19 3.45634e+38 
5.74599e+14 1.19412e+34 2.12897e+19 3.45857e+38 
5.74978e+14 1.20548e+34 2.14828e+19 3.4608e+38 
5.75357e+14 1.21684e+34 2.16759e+19 3.46303e+38 
5.75737e+14 1.22822e+34 2.18689e+19 3.46527e+38 
5.76117e+14 1.2396e+34 2.20619e+19 3.4675e+38 
5.76497e+14 1.25098e+34 2.22548e+19 3.46973e+38 
5.76877e+14 1.26238e+34 2.24478e+19 3.47197e+38 
5.77258e+14 1.27378e+34 2.26406e+19 3.4742e+38 
5.77639e+14 1.28519e+34 2.28335e+19 3.47644e+38 
5.7802e+14 1.29661e+34 2.30263e+19 3.47868e+38 
5.78401e+14 1.30804e+34 2.3219e+19 3.48092e+38 
5.78783e+14 1.31947e+34 2.34118e+19 3.48316e+38 
5.79165e+14 1.33091e+34 2.36045e+19 3.4854e+38 
5.79547e+14 1.34236e+34 2.37971e+19 3.48764e+38 
5.79929e+14 1.35381e+34 2.39897e+19 3.48988e+38 
5.80312e+14 1.36527e+34 2.41823e+19 3.49213e+38 
5.80695e+14 1.37674e+34 2.43748e+19 3.49437e+38 
5.81078e+14 1.38822e+34 2.45673e+19 3.49662e+38 
5.81461e+14 1.39971e+34 2.47598e+19 3.49887e+38 
5.81845e+14 1.4112e+34 2.49522e+19 3.50111e+38 
5.82229e+14 1.4227e+34 2.51446e+19 3.50336e+38 
5.82613e+14 1.43421e+34 2.53369e+19 3.50561e+38 
5.82997e+14 1.44573e+34 2.55292e+19 3.50786e+38 
5.83382e+14 1.45725e+34 2.57215e+19 3.51012e+38 
5.83767e+14 1.46878e+34 2.59137e+19 3.51237e+38 
5.84152e+14 1.48032e+34 2.61059e+19 3.51462e+38 
5.84537e+14 1.49187e+34 2.62981e+19 3.51688e+38 
5.84923e+14 1.50342e+34 2.64902e+19 3.51913e+38 
5.85309e+14 1.51498e+34 2.66823e+19 3.52139e+38 
5.85695e+14 1.52655e+34 2.68743e+19 3.52365e+38 
5.86082e+14 1.53813e+34 2.70663e+19 3.52591e+38 
5.86468e+14 1.54971e+34 2.72583e+19 3.52817e+38 
5.86855e+14 1.5613e+34 2.74502e+19 3.53043e+38 
5.87242e+14 1.5729e+34 2.76421e+19 3.53269e+38 
5.8763e+14 1.58451e+34 2.7834e+19 3.53496e+38 
5.88018e+14 1.59613e+34 2.80258e+19 3.53722e+38 
5.88405e+14 1.60775e+34 2.82176e+19 3.53948e+38 
5.88794e+14 1.61938e+34 2.84093e+19 3.54175e+38 
5.89182e+14 1.63102e+34 2.86011e+19 3.54402e+38 
5.89571e+14 1.64266e+34 2.87927e+19 3.54629e+38 
5.8996e+14 1.65432e+34 2.89844e+19 3.54856e+38 
5.90349e+14 1.66598e+34 2.9176e+19 3.55083e+38 
5.90739e+14 1.67765e+34 2.93675e+19 3.5531e+38 
5.91128e+14 1.68932e+34 2.9559e+19 3.55537e+38 
5.91518e+14 1.70101e+34 2.97505e+19 3.55764e+38 
5.91909e+14 1.7127e+34 2.9942e+19 3.55992e+38 
5.92299e+14 1.7244e+34 3.01334e+19 3.56219e+38 
5.9269e+14 1.73611e+34 3.03248e+19 3.56447e+38 
5.93081e+14 1.74782e+34 3.05161e+19 3.56674e+38 
5.93472e+14 1.75954e+34 3.07074e+19 3.56902e+38 
5.93864e+14 1.77128e+34 3.08987e+19 3.5713e+38 
5.94256e+14 1.78301e+34 3.10899e+19 3.57358e+38 
5.94648e+14 1.79476e+34 3.12811e+19 3.57586e+38 
5.9504e+14 1.80651e+34 3.14723e+19 3.57815e+38 
5.95433e+14 1.81827e+34 3.16634e+19 3.58043e+38 
5.95826e+14 1.83004e+34 3.18545e+19 3.58271e+38 
5.96219e+14 1.84182e+34 3.20455e+19 3.585e+38 
5.96612e+14 1.85361e+34 3.22365e+19 3.58729e+38 
5.97006e+14 1.8654e+34 3.24275e+19 3.58957e+38 
5.974e+14 1.8772e+34 3.26184e+19 3.59186e+38 
5.97794e+14 1.88901e+34 3.28093e+19 3.59415e+38 
5.98188e+14 1.90082e+34 3.30002e+19 3.59644e+38 
5.98583e+14 1.91265e+34 3.3191e+19 3.59873e+38 
5.98978e+14 1.92448e+34 3.33818e+19 3.60103e+38 
5.99373e+14 1.93632e+34 3.35726e+19 3.60332e+38 
5.99768e+14 1.94817e+34 3.37633e+19 3.60562e+38 
6.00164e+14 1.96002e+34 3.3954e+19 3.60791e+38 
6.0056e+14 1.97188e+34 3.41446e+19 3.61021e+38 
6.00956e+14 1.98375e+34 3.43352e+19 3.61251e+38 
6.01353e+14 1.99563e+34 3.45258e+19 3.6148e+38 
6.0175e+14 2.00752e+34 3.47164e+19 3.6171e+38 
6.02147e+14 2.01941e+34 3.49069e+19 3.6194e+38 
6.02544e+14 2.03131e+34 3.50973e+19 3.62171e+38 
6.02941e+14 2.04322e+34 3.52878e+19 3.62401e+38 
6.03339e+14 2.05514e+34 3.54782e+19 3.62631e+38 
6.03737e+14 2.06707e+34 3.56685e+19 3.62862e+38 
6.04136e+14 2.079e+34 3.58589e+19 3.63092e+38 
6.04534e+14 2.09094e+34 3.60491e+19 3.63323e+38 
6.04933e+14 2.10289e+34 3.62394e+19 3.63554e+38 
6.05332e+14 2.11485e+34 3.64296e+19 3.63785e+38 
6.05732e+14 2.12681e+34 3.66198e+19 3.64016e+38 
6.06131e+14 2.13879e+34 3.68099e+19 3.64247e+38 
6.06531e+14 2.15077e+34 3.70001e+19 3.64478e+38 
6.06931e+14 2.16276e+34 3.71901e+19 3.6471e+38 
6.07332e+14 2.17475e+34 3.73802e+19 3.64941e+38 
6.07732e+14 2.18676e+34 3.75702e+19 3.65172e+38 
6.08133e+14 2.19877e+34 3.77602e+19 3.65404e+38 
6.08535e+14 2.21079e+34 3.79501e+19 3.65636e+38 
6.08936e+14 2.22282e+34 3.814e+19 3.65868e+38 
6.09338e+14 2.23485e+34 3.83299e+19 3.661e+38 
6.0974e+14 2.2469e+34 3.85197e+19 3.66332e+38 
6.10142e+14 2.25895e+34 3.87095e+19 3.66564e+38 
6.10545e+14 2.27101e+34 3.88992e+19 3.66796e+38 
6.10948e+14 2.28308e+34 3.9089e+19 3.67028e+38 
6.11351e+14 2.29516e+34 3.92787e+19 3.67261e+38 
6.11754e+14 2.30724e+34 3.94683e+19 3.67493e+38 
6.12158e+14 2.31933e+34 3.96579e+19 3.67726e+38 
6.12562e+14 2.33143e+34 3.98475e+19 3.67959e+38 
6.12966e+14 2.34354e+34 4.00371e+19 3.68192e+38 
6.1337e+14 2.35565e+34 4.02266e+19 3.68425e+38 
6.13775e+14 2.36778e+34 4.04161e+19 3.68658e+38 
6.1418e+14 2.37991e+34 4.06055e+19 3.68891e+38 
6.14585e+14 2.39205e+34 4.07949e+19 3.69124e+38 
6.14991e+14 2.4042e+34 4.09843e+19 3.69358e+38 
6.15396e+14 2.41635e+34 4.11736e+19 3.69591e+38 
6.15802e+14 2.42852e+34 4.13629e+19 3.69825e+38 
6.16209e+14 2.44069e+34 4.15522e+19 3.70059e+38 
6.16615e+14 2.45287e+34 4.17414e+19 3.70292e+38 
6.17022e+14 2.46506e+34 4.19306e+19 3.70526e+38 
6.17429e+14 2.47725e+34 4.21198e+19 3.7076e+38 
6.17836e+14 2.48946e+34 4.23089e+19 3.70995e+38 
6.18244e+14 2.50167e+34 4.2498e+19 3.71229e+38 
6.18652e+14 2.51389e+34 4.26871e+19 3.71463e+38 
6.1906e+14 2.52612e+34 4.28761e+19 3.71698e+38 
6.19469e+14 2.53836e+34 4.30651e+19 3.71932e+38 
6.19877e+14 2.5506e+34 4.32541e+19 3.72167e+38 
6.20286e+14 2.56285e+34 4.3443e+19 3.72402e+38 
6.20696e+14 2.57511e+34 4.36319e+19 3.72637e+38 
6.21105e+14 2.58738e+34 4.38208e+19 3.72872e+38 
6.21515e+14 2.59966e+34 4.40096e+19 3.73107e+38 
6.21925e+14 2.61194e+34 4.41984e+19 3.73342e+38 
6.22335e+14 2.62424e+34 4.43871e+19 3.73577e+38 
6.22746e+14 2.63654e+34 4.45759e+19 3.73813e+38 
6.23157e+14 2.64885e+34 4.47646e+19 3.74048e+38 
6.23568e+14 2.66116e+34 4.49532e+19 3.74284e+38 
6.23979e+14 2.67349e+34 4.51418e+19 3.74519e+38 
6.24391e+14 2.68582e+34 4.53304e+19 3.74755e+38 
6.24803e+14 2.69816e+34 4.5519e+19 3.74991e+38 
6.25215e+14 2.71051e+34 4.57075e+19 3.75227e+38 
6.25628e+14 2.72287e+34 4.5896e+19 3.75463e+38 
6.26041e+14 2.73524e+34 4.60844e+19 3.757e+38 
6.26454e+14 2.74761e+34 4.62728e+19 3.75936e+38 
6.26867e+14 2.75999e+34 4.64612e+19 3.76172e+38 
6.2728e+14 2.77239e+34 4.66496e+19 3.76409e+38 
6.27694e+14 2.78478e+34 4.68379e+19 3.76646e+38 
6.28108e+14 2.79719e+34 4.70262e+19 3.76882e+38 
6.28523e+14 2.80961e+34 4.72144e+19 3.77119e+38 
6.28938e+14 2.82203e+34 4.74026e+19 3.77356e+38 
6.29353e+14 2.83446e+34 4.75908e+19 3.77593e+38 
6.29768e+14 2.8469e+34 4.7779e+19 3.77831e+38 
6.30183e+14 2.85935e+34 4.79671e+19 3.78068e+38 
6.30599e+14 2.87181e+34 4.81552e+19 3.78305e+38 
6.31015e+14 2.88427e+34 4.83432e+19 3.78543e+38 
6.31431e+14 2.89674e+34 4.85312e+19 3.78781e+38 
6.31848e+14 2.90922e+34 4.87192e+19 3.79018e+38 
6.32265e+14 2.92171e+34 4.89072e+19 3.79256e+38 
6.32682e+14 2.93421e+34 4.90951e+19 3.79494e+38 
6.331e+14 2.94672e+34 4.9283e+19 3.79732e+38 
6.33517e+14 2.95923e+34 4.94708e+19 3.7997e+38 
6.33935e+14 2.97175e+34 4.96586e+19 3.80209e+38 
6.34353e+14 2.98428e+34 4.98464e+19 3.80447e+38 
6.34772e+14 2.99682e+34 5.00342e+19 3.80686e+38 
6.35191e+14 3.00937e+34 5.02219e+19 3.80924e+38 
6.3561e+14 3.02192e+34 5.04096e+19 3.81163e+38 
6.36029e+14 3.03449e+34 5.05972e+19 3.81402e+38 
6.36449e+14 3.04706e+34 5.07848e+19 3.81641e+38 
6.36869e+14 3.05964e+34 5.09724e+19 3.8188e+38 
6.37289e+14 3.07223e+34 5.116e+19 3.82119e+38 
6.37709e+14 3.08482e+34 5.13475e+19 3.82358e+38 
6.3813e+14 3.09743e+34 5.1535e+19 3.82597e+38 
6.38551e+14 3.11004e+34 5.17224e+19 3.82837e+38 
6.38973e+14 3.12266e+34 5.19098e+19 3.83077e+38 
6.39394e+14 3.13529e+34 5.20972e+19 3.83316e+38 
6.39816e+14 3.14793e+34 5.22846e+19 3.83556e+38 
6.40238e+14 3.16058e+34 5.24719e+19 3.83796e+38 
6.40661e+14 3.17323e+34 5.26592e+19 3.84036e+38 
6.41083e+14 3.1859e+34 5.28465e+19 3.84276e+38 
6.41506e+14 3.19857e+34 5.30337e+19 3.84516e+38 
6.41929e+14 3.21125e+34 5.32209e+19 3.84757e+38 
6.42353e+14 3.22394e+34 5.3408e+19 3.84997e+38 
6.42777e+14 3.23663e+34 5.35952e+19 3.85238e+38 
6.43201e+14 3.24934e+34 5.37823e+19 3.85478e+38 
6.43625e+14 3.26205e+34 5.39693e+19 3.85719e+38 
6.4405e+14 3.27477e+34 5.41564e+19 3.8596e+38 
6.44475e+14 3.2875e+34 5.43434e+19 3.86201e+38 
6.449e+14 3.30024e+34 5.45303e+19 3.86442e+38 
6.45326e+14 3.31299e+34 5.47173e+19 3.86683e+38 
6.45751e+14 3.32574e+34 5.49042e+19 3.86925e+38 
6.46177e+14 3.33851e+34 5.5091e+19 3.87166e+38 
6.46604e+14 3.35128e+34 5.52779e+19 3.87407e+38 
6.4703e+14 3.36406e+34 5.54647e+19 3.87649e+38 
6.47457e+14 3.37685e+34 5.56514e+19 3.87891e+38 
6.47884e+14 3.38965e+34 5.58382e+19 3.88133e+38 
6.48312e+14 3.40245e+34 5.60249e+19 3.88375e+38 
6.4874e+14 3.41527e+34 5.62116e+19 3.88617e+38 
6.49168e+14 3.42809e+34 5.63982e+19 3.88859e+38 
6.49596e+14 3.44092e+34 5.65848e+19 3.89101e+38 
6.50025e+14 3.45376e+34 5.67714e+19 3.89344e+38 
6.50453e+14 3.46661e+34 5.6958e+19 3.89586e+38 
6.50883e+14 3.47947e+34 5.71445e+19 3.89829e+38 
6.51312e+14 3.49233e+34 5.7331e+19 3.90072e+38 
6.51742e+14 3.50521e+34 5.75174e+19 3.90314e+38 
6.52172e+14 3.51809e+34 5.77038e+19 3.90557e+38 
6.52602e+14 3.53098e+34 5.78902e+19 3.908e+38 
6.53033e+14 3.54388e+34 5.80766e+19 3.91044e+38 
6.53463e+14 3.55679e+34 5.82629e+19 3.91287e+38 
6.53895e+14 3.5697e+34 5.84492e+19 3.9153e+38 
6.54326e+14 3.58263e+34 5.86355e+19 3.91774e+38 
6.54758e+14 3.59556e+34 5.88217e+19 3.92017e+38 
6.5519e+14 3.6085e+34 5.90079e+19 3.92261e+38 
6.55622e+14 3.62145e+34 5.91941e+19 3.92505e+38 
6.56055e+14 3.63441e+34 5.93802e+19 3.92749e+38 
6.56487e+14 3.64738e+34 5.95663e+19 3.92993e+38 
6.56921e+14 3.66036e+34 5.97524e+19 3.93237e+38 
6.57354e+14 3.67334e+34 5.99384e+19 3.93481e+38 
6.57788e+14 3.68634e+34 6.01245e+19 3.93726e+38 
6.58222e+14 3.69934e+34 6.03104e+19 3.9397e+38 
6.58656e+14 3.71235e+34 6.04964e+19 3.94215e+38 
6.5909e+14 3.72537e+34 6.06823e+19 3.9446e+38 
6.59525e+14 3.73839e+34 6.08682e+19 3.94704e+38 
6.5996e+14 3.75143e+34 6.1054e+19 3.94949e+38 
6.60396e+14 3.76448e+34 6.12399e+19 3.95194e+38 
6.60832e+14 3.77753e+34 6.14257e+19 3.9544e+38 
6.61268e+14 3.79059e+34 6.16114e+19 3.95685e+38 
6.61704e+14 3.80366e+34 6.17972e+19 3.9593e+38 
6.62141e+14 3.81674e+34 6.19829e+19 3.96176e+38 
6.62577e+14 3.82983e+34 6.21685e+19 3.96421e+38 
6.63015e+14 3.84292e+34 6.23542e+19 3.96667e+38 
6.63452e+14 3.85603e+34 6.25398e+19 3.96913e+38 
6.6389e+14 3.86914e+34 6.27254e+19 3.97159e+38 
6.64328e+14 3.88227e+34 6.29109e+19 3.97405e+38 
6.64766e+14 3.8954e+34 6.30964e+19 3.97651e+38 
6.65205e+14 3.90854e+34 6.32819e+19 3.97897e+38 
6.65644e+14 3.92169e+34 6.34674e+19 3.98144e+38 
6.66083e+14 3.93484e+34 6.36528e+19 3.9839e+38 
6.66522e+14 3.94801e+34 6.38382e+19 3.98637e+38 
6.66962e+14 3.96118e+34 6.40235e+19 3.98884e+38 
6.67402e+14 3.97437e+34 6.42089e+19 3.9913e+38 
6.67842e+14 3.98756e+34 6.43942e+19 3.99377e+38 
6.68283e+14 4.00076e+34 6.45794e+19 3.99624e+38 
6.68724e+14 4.01397e+34 6.47647e+19 3.99872e+38 
6.69165e+14 4.02719e+34 6.49499e+19 4.00119e+38 
6.69607e+14 4.04041e+34 6.51351e+19 4.00366e+38 
6.70048e+14 4.05365e+34 6.53202e+19 4.00614e+38 
6.7049e+14 4.06689e+34 6.55053e+19 4.00861e+38 
6.70933e+14 4.08014e+34 6.56904e+19 4.01109e+38 
6.71375e+14 4.09341e+34 6.58755e+19 4.01357e+38 
6.71818e+14 4.10668e+34 6.60605e+19 4.01605e+38 
6.72262e+14 4.11996e+34 6.62455e+19 4.01853e+38 
6.72705e+14 4.13324e+34 6.64305e+19 4.02101e+38 
6.73149e+14 4.14654e+34 6.66154e+19 4.0235e+38 
6.73593e+14 4.15985e+34 6.68003e+19 4.02598e+38 
6.74038e+14 4.17316e+34 6.69852e+19 4.02846e+38 
6.74482e+14 4.18648e+34 6.717e+19 4.03095e+38 
6.74927e+14 4.19982e+34 6.73548e+19 4.03344e+38 
6.75373e+14 4.21316e+34 6.75396e+19 4.03593e+38 
6.75818e+14 4.22651e+34 6.77244e+19 4.03842e+38 
6.76264e+14 4.23986e+34 6.79091e+19 4.04091e+38 
6.7671e+14 4.25323e+34 6.80938e+19 4.0434e+38 
6.77157e+14 4.26661e+34 6.82785e+19 4.04589e+38 
6.77604e+14 4.27999e+34 6.84631e+19 4.04839e+38 
6.78051e+14 4.29338e+34 6.86477e+19 4.05088e+38 
6.78498e+14 4.30679e+34 6.88323e+19 4.05338e+38 
6.78946e+14 4.3202e+34 6.90168e+19 4.05588e+38 
6.79394e+14 4.33362e+34 6.92013e+19 4.05838e+38 
6.79842e+14 4.34705e+34 6.93858e+19 4.06088e+38 
6.8029e+14 4.36048e+34 6.95703e+19 4.06338e+38 
6.80739e+14 4.37393e+34 6.97547e+19 4.06588e+38 
6.81188e+14 4.38739e+34 6.99391e+19 4.06838e+38 
6.81638e+14 4.40085e+34 7.01235e+19 4.07089e+38 
6.82088e+14 4.41432e+34 7.03078e+19 4.07339e+38 
6.82538e+14 4.42781e+34 7.04921e+19 4.0759e+38 
6.82988e+14 4.4413e+34 7.06764e+19 4.07841e+38 
6.83439e+14 4.4548e+34 7.08606e+19 4.08092e+38 
6.83889e+14 4.46831e+34 7.10449e+19 4.08343e+38 
6.84341e+14 4.48182e+34 7.1229e+19 4.08594e+38 
6.84792e+14 4.49535e+34 7.14132e+19 4.08845e+38 
6.85244e+14 4.50889e+34 7.15973e+19 4.09096e+38 
6.85696e+14 4.52243e+34 7.17814e+19 4.09348e+38 
6.86149e+14 4.53598e+34 7.19655e+19 4.09599e+38 
6.86601e+14 4.54955e+34 7.21495e+19 4.09851e+38 
6.87054e+14 4.56312e+34 7.23336e+19 4.10103e+38 
6.87508e+14 4.5767e+34 7.25175e+19 4.10355e+38 
6.87961e+14 4.59029e+34 7.27015e+19 4.10607e+38 
6.88415e+14 4.60389e+34 7.28854e+19 4.10859e+38 
6.88869e+14 4.61749e+34 7.30693e+19 4.11111e+38 
6.89324e+14 4.63111e+34 7.32532e+19 4.11364e+38 
6.89779e+14 4.64473e+34 7.3437e+19 4.11616e+38 
6.90234e+14 4.65837e+34 7.36208e+19 4.11869e+38 
6.90689e+14 4.67201e+34 7.38046e+19 4.12122e+38 
6.91145e+14 4.68566e+34 7.39884e+19 4.12374e+38 
6.91601e+14 4.69932e+34 7.41721e+19 4.12627e+38 
6.92057e+14 4.713e+34 7.43558e+19 4.1288e+38 
6.92514e+14 4.72667e+34 7.45394e+19 4.13134e+38 
6.92971e+14 4.74036e+34 7.47231e+19 4.13387e+38 
6.93428e+14 4.75406e+34 7.49067e+19 4.1364e+38 
6.93885e+14 4.76777e+34 7.50902e+19 4.13894e+38 
6.94343e+14 4.78148e+34 7.52738e+19 4.14148e+38 
6.94801e+14 4.79521e+34 7.54573e+19 4.14401e+38 
6.9526e+14 4.80894e+34 7.56408e+19 4.14655e+38 
6.95718e+14 4.82268e+34 7.58243e+19 4.14909e+38 
6.96177e+14 4.83643e+34 7.60077e+19 4.15163e+38 
6.96637e+14 4.85019e+34 7.61911e+19 4.15418e+38 
6.97096e+14 4.86396e+34 7.63745e+19 4.15672e+38 
6.97556e+14 4.87774e+34 7.65578e+19 4.15926e+38 
6.98016e+14 4.89153e+34 7.67411e+19 4.16181e+38 
6.98477e+14 4.90533e+34 7.69244e+19 4.16436e+38 
6.98938e+14 4.91913e+34 7.71077e+19 4.16691e+38 
6.99399e+14 4.93295e+34 7.72909e+19 4.16946e+38 
6.9986e+14 4.94677e+34 7.74741e+19 4.17201e+38 
7.00322e+14 4.96061e+34 7.76573e+19 4.17456e+38 
7.00784e+14 4.97445e+34 7.78404e+19 4.17711e+38 
7.01247e+14 4.9883e+34 7.80235e+19 4.17966e+38 
7.01709e+14 5.00216e+34 7.82066e+19 4.18222e+38 
7.02172e+14 5.01603e+34 7.83897e+19 4.18478e+38 
7.02636e+14 5.02991e+34 7.85727e+19 4.18733e+38 
7.03099e+14 5.0438e+34 7.87557e+19 4.18989e+38 
7.03563e+14 5.0577e+34 7.89387e+19 4.19245e+38 
7.04027e+14 5.0716e+34 7.91216e+19 4.19501e+38 
7.04492e+14 5.08552e+34 7.93046e+19 4.19757e+38 
7.04957e+14 5.09944e+34 7.94875e+19 4.20014e+38 
7.05422e+14 5.11338e+34 7.96703e+19 4.2027e+38 
7.05887e+14 5.12732e+34 7.98532e+19 4.20527e+38 
7.06353e+14 5.14127e+34 8.0036e+19 4.20783e+38 
7.06819e+14 5.15524e+34 8.02187e+19 4.2104e+38 
7.07285e+14 5.16921e+34 8.04015e+19 4.21297e+38 
7.07752e+14 5.18319e+34 8.05842e+19 4.21554e+38 
7.08219e+14 5.19718e+34 8.07669e+19 4.21811e+38 
7.08686e+14 5.21117e+34 8.09496e+19 4.22069e+38 
7.09154e+14 5.22518e+34 8.11322e+19 4.22326e+38 
7.09621e+14 5.2392e+34 8.13148e+19 4.22584e+38 
7.1009e+14 5.25323e+34 8.14974e+19 4.22841e+38 
7.10558e+14 5.26726e+34 8.16799e+19 4.23099e+38 
7.11027e+14 5.28131e+34 8.18625e+19 4.23357e+38 
7.11496e+14 5.29536e+34 8.2045e+19 4.23615e+38 
7.11966e+14 5.30942e+34 8.22274e+19 4.23873e+38 
7.12435e+14 5.3235e+34 8.24099e+19 4.24131e+38 
7.12905e+14 5.33758e+34 8.25923e+19 4.24389e+38 
7.13376e+14 5.35167e+34 8.27747e+19 4.24648e+38 
7.13846e+14 5.36577e+34 8.2957e+19 4.24906e+38 
7.14317e+14 5.37988e+34 8.31394e+19 4.25165e+38 
7.14789e+14 5.394e+34 8.33217e+19 4.25424e+38 
7.1526e+14 5.40813e+34 8.35039e+19 4.25683e+38 
7.15732e+14 5.42227e+34 8.36862e+19 4.25942e+38 
7.16204e+14 5.43641e+34 8.38684e+19 4.26201e+38 
7.16677e+14 5.45057e+34 8.40506e+19 4.2646e+38 
7.1715e+14 5.46474e+34 8.42328e+19 4.2672e+38 
7.17623e+14 5.47891e+34 8.44149e+19 4.26979e+38 
7.18096e+14 5.4931e+34 8.4597e+19 4.27239e+38 
7.1857e+14 5.50729e+34 8.47791e+19 4.27498e+38 
7.19044e+14 5.52149e+34 8.49612e+19 4.27758e+38 
7.19519e+14 5.5357e+34 8.51432e+19 4.28018e+38 
7.19993e+14 5.54993e+34 8.53252e+19 4.28278e+38 
7.20468e+14 5.56416e+34 8.55072e+19 4.28539e+38 
7.20944e+14 5.5784e+34 8.56891e+19 4.28799e+38 
7.21419e+14 5.59265e+34 8.5871e+19 4.29059e+38 
7.21895e+14 5.60691e+34 8.60529e+19 4.2932e+38 
7.22372e+14 5.62118e+34 8.62348e+19 4.29581e+38 
7.22848e+14 5.63546e+34 8.64166e+19 4.29842e+38 
7.23325e+14 5.64974e+34 8.65984e+19 4.30102e+38 
7.23802e+14 5.66404e+34 8.67802e+19 4.30364e+38 
7.2428e+14 5.67835e+34 8.69619e+19 4.30625e+38 
7.24758e+14 5.69266e+34 8.71437e+19 4.30886e+38 
7.25236e+14 5.70699e+34 8.73254e+19 4.31147e+38 
7.25715e+14 5.72132e+34 8.75071e+19 4.31409e+38 
7.26193e+14 5.73567e+34 8.76887e+19 4.31671e+38 
7.26673e+14 5.75002e+34 8.78703e+19 4.31932e+38 
7.27152e+14 5.76439e+34 8.80519e+19 4.32194e+38 
7.27632e+14 5.77876e+34 8.82335e+19 4.32456e+38 
7.28112e+14 5.79314e+34 8.8415e+19 4.32718e+38 
7.28592e+14 5.80753e+34 8.85965e+19 4.32981e+38 
7.29073e+14 5.82193e+34 8.8778e+19 4.33243e+38 
7.29554e+14 5.83635e+34 8.89595e+19 4.33506e+38 
7.30035e+14 5.85077e+34 8.91409e+19 4.33768e+38 
7.30517e+14 5.8652e+34 8.93223e+19 4.34031e+38 
7.30999e+14 5.87964e+34 8.95037e+19 4.34294e+38 
7.31481e+14 5.89408e+34 8.9685e+19 4.34557e+38 
7.31964e+14 5.90854e+34 8.98664e+19 4.3482e+38 
7.32447e+14 5.92301e+34 9.00476e+19 4.35083e+38 
7.3293e+14 5.93749e+34 9.02289e+19 4.35346e+38 
7.33414e+14 5.95198e+34 9.04102e+19 4.3561e+38 
7.33897e+14 5.96647e+34 9.05914e+19 4.35873e+38 
7.34382e+14 5.98098e+34 9.07726e+19 4.36137e+38 
7.34866e+14 5.99549e+34 9.09537e+19 4.36401e+38 
7.35351e+14 6.01002e+34 9.11349e+19 4.36665e+38 
7.35836e+14 6.02455e+34 9.1316e+19 4.36929e+38 
7.36322e+14 6.0391e+34 9.14971e+19 4.37193e+38 
7.36808e+14 6.05365e+34 9.16781e+19 4.37457e+38 
7.37294e+14 6.06822e+34 9.18592e+19 4.37722e+38 
7.3778e+14 6.08279e+34 9.20402e+19 4.37986e+38 
7.38267e+14 6.09737e+34 9.22211e+19 4.38251e+38 
7.38754e+14 6.11197e+34 9.24021e+19 4.38516e+38 
7.39241e+14 6.12657e+34 9.2583e+19 4.38781e+38 
7.39729e+14 6.14118e+34 9.27639e+19 4.39046e+38 
7.40217e+14 6.1558e+34 9.29448e+19 4.39311e+38 
7.40706e+14 6.17043e+34 9.31256e+19 4.39576e+38 
7.41194e+14 6.18507e+34 9.33065e+19 4.39842e+38 
7.41683e+14 6.19972e+34 9.34872e+19 4.40107e+38 
7.42173e+14 6.21438e+34 9.3668e+19 4.40373e+38 
7.42662e+14 6.22905e+34 9.38488e+19 4.40638e+38 
7.43152e+14 6.24373e+34 9.40295e+19 4.40904e+38 
7.43643e+14 6.25842e+34 9.42102e+19 4.4117e+38 
7.44133e+14 6.27312e+34 9.43908e+19 4.41437e+38 
7.44624e+14 6.28783e+34 9.45715e+19 4.41703e+38 
7.45116e+14 6.30255e+34 9.47521e+19 4.41969e+38 
7.45607e+14 6.31728e+34 9.49327e+19 4.42236e+38 
7.46099e+14 6.33201e+34 9.51132e+19 4.42502e+38 
7.46591e+14 6.34676e+34 9.52938e+19 4.42769e+38 
7.47084e+14 6.36152e+34 9.54743e+19 4.43036e+38 
7.47577e+14 6.37628e+34 9.56547e+19 4.43303e+38 
7.4807e+14 6.39106e+34 9.58352e+19 4.4357e+38 
7.48564e+14 6.40585e+34 9.60156e+19 4.43837e+38 
7.49057e+14 6.42064e+34 9.6196e+19 4.44104e+38 
7.49552e+14 6.43545e+34 9.63764e+19 4.44372e+38 
7.50046e+14 6.45026e+34 9.65568e+19 4.4464e+38 
7.50541e+14 6.46509e+34 9.67371e+19 4.44907e+38 
7.51036e+14 6.47993e+34 9.69174e+19 4.45175e+38 
7.51532e+14 6.49477e+34 9.70977e+19 4.45443e+38 
7.52028e+14 6.50963e+34 9.72779e+19 4.45711e+38 
7.52524e+14 6.52449e+34 9.74581e+19 4.45979e+38 
7.5302e+14 6.53936e+34 9.76383e+19 4.46248e+38 
7.53517e+14 6.55425e+34 9.78185e+19 4.46516e+38 
7.54014e+14 6.56914e+34 9.79986e+19 4.46785e+38 
7.54512e+14 6.58405e+34 9.81788e+19 4.47053e+38 
7.5501e+14 6.59896e+34 9.83589e+19 4.47322e+38 
7.55508e+14 6.61388e+34 9.85389e+19 4.47591e+38 
7.56006e+14 6.62882e+34 9.8719e+19 4.4786e+38 
7.56505e+14 6.64376e+34 9.8899e+19 4.48129e+38 
7.57004e+14 6.65871e+34 9.9079e+19 4.48399e+38 
7.57504e+14 6.67368e+34 9.92589e+19 4.48668e+38 
7.58003e+14 6.68865e+34 9.94389e+19 4.48938e+38 
7.58503e+14 6.70363e+34 9.96188e+19 4.49208e+38 
7.59004e+14 6.71862e+34 9.97987e+19 4.49477e+38 
7.59505e+14 6.73363e+34 9.99786e+19 4.49747e+38 
7.60006e+14 6.74864e+34 1.00158e+20 4.50017e+38 
7.60507e+14 6.76366e+34 1.00338e+20 4.50288e+38 
7.61009e+14 6.77869e+34 1.00518e+20 4.50558e+38 
7.61511e+14 6.79374e+34 1.00698e+20 4.50828e+38 
7.62014e+14 6.80879e+34 1.00878e+20 4.51099e+38 
7.62516e+14 6.82385e+34 1.01057e+20 4.5137e+38 
7.63019e+14 6.83892e+34 1.01237e+20 4.5164e+38 
7.63523e+14 6.854e+34 1.01417e+20 4.51911e+38 
7.64027e+14 6.86909e+34 1.01596e+20 4.52182e+38 
7.64531e+14 6.8842e+34 1.01776e+20 4.52453e+38 
7.65035e+14 6.89931e+34 1.01955e+20 4.52725e+38 
7.6554e+14 6.91443e+34 1.02135e+20 4.52996e+38 
7.66045e+14 6.92956e+34 1.02315e+20 4.53268e+38 
7.6655e+14 6.9447e+34 1.02494e+20 4.53539e+38 
7.67056e+14 6.95985e+34 1.02674e+20 4.53811e+38 
7.67562e+14 6.97502e+34 1.02853e+20 4.54083e+38 
7.68069e+14 6.99019e+34 1.03032e+20 4.54355e+38 
7.68575e+14 7.00537e+34 1.03212e+20 4.54627e+38 
7.69082e+14 7.02056e+34 1.03391e+20 4.549e+38 
7.6959e+14 7.03576e+34 1.03571e+20 4.55172e+38 
7.70098e+14 7.05097e+34 1.0375e+20 4.55445e+38 
7.70606e+14 7.0662e+34 1.03929e+20 4.55717e+38 
7.71114e+14 7.08143e+34 1.04109e+20 4.5599e+38 
7.71623e+14 7.09667e+34 1.04288e+20 4.56263e+38 
7.72132e+14 7.11192e+34 1.04467e+20 4.56536e+38 
7.72641e+14 7.12718e+34 1.04646e+20 4.56809e+38 
7.73151e+14 7.14246e+34 1.04825e+20 4.57083e+38 
7.73661e+14 7.15774e+34 1.05005e+20 4.57356e+38 
7.74172e+14 7.17303e+34 1.05184e+20 4.5763e+38 
7.74683e+14 7.18833e+34 1.05363e+20 4.57903e+38 
7.75194e+14 7.20364e+34 1.05542e+20 4.58177e+38 
7.75705e+14 7.21897e+34 1.05721e+20 4.58451e+38 
7.76217e+14 7.2343e+34 1.059e+20 4.58725e+38 
7.76729e+14 7.24964e+34 1.06079e+20 4.58999e+38 
7.77242e+14 7.265e+34 1.06258e+20 4.59274e+38 
7.77754e+14 7.28036e+34 1.06437e+20 4.59548e+38 
7.78267e+14 7.29573e+34 1.06616e+20 4.59823e+38 
7.78781e+14 7.31111e+34 1.06795e+20 4.60097e+38 
7.79295e+14 7.32651e+34 1.06974e+20 4.60372e+38 
7.79809e+14 7.34191e+34 1.07153e+20 4.60647e+38 
7.80323e+14 7.35733e+34 1.07332e+20 4.60922e+38 
7.80838e+14 7.37275e+34 1.0751e+20 4.61198e+38 
7.81353e+14 7.38818e+34 1.07689e+20 4.61473e+38 
7.81869e+14 7.40363e+34 1.07868e+20 4.61748e+38 
7.82385e+14 7.41908e+34 1.08047e+20 4.62024e+38 
7.82901e+14 7.43455e+34 1.08225e+20 4.623e+38 
7.83418e+14 7.45002e+34 1.08404e+20 4.62575e+38 
7.83934e+14 7.46551e+34 1.08583e+20 4.62851e+38 
7.84452e+14 7.481e+34 1.08761e+20 4.63128e+38 
7.84969e+14 7.49651e+34 1.0894e+20 4.63404e+38 
7.85487e+14 7.51202e+34 1.09119e+20 4.6368e+38 
7.86005e+14 7.52755e+34 1.09297e+20 4.63957e+38 
7.86524e+14 7.54308e+34 1.09476e+20 4.64233e+38 
7.87043e+14 7.55863e+34 1.09654e+20 4.6451e+38 
7.87562e+14 7.57419e+34 1.09833e+20 4.64787e+38 
7.88082e+14 7.58975e+34 1.10011e+20 4.65064e+38 
7.88602e+14 7.60533e+34 1.1019e+20 4.65341e+38 
7.89122e+14 7.62092e+34 1.10368e+20 4.65618e+38 
7.89643e+14 7.63652e+34 1.10547e+20 4.65895e+38 
7.90164e+14 7.65213e+34 1.10725e+20 4.66173e+38 
7.90685e+14 7.66774e+34 1.10903e+20 4.66451e+38 
7.91207e+14 7.68337e+34 1.11082e+20 4.66728e+38 
7.91729e+14 7.69901e+34 1.1126e+20 4.67006e+38 
7.92251e+14 7.71466e+34 1.11438e+20 4.67284e+38 
7.92774e+14 7.73032e+34 1.11617e+20 4.67562e+38 
7.93297e+14 7.74599e+34 1.11795e+20 4.67841e+38 
7.9382e+14 7.76167e+34 1.11973e+20 4.68119e+38 
7.94344e+14 7.77736e+34 1.12151e+20 4.68398e+38 
7.94868e+14 7.79306e+34 1.12329e+20 4.68676e+38 
7.95393e+14 7.80877e+34 1.12508e+20 4.68955e+38 
7.95917e+14 7.8245e+34 1.12686e+20 4.69234e+38 
7.96442e+14 7.84023e+34 1.12864e+20 4.69513e+38 
7.96968e+14 7.85597e+34 1.13042e+20 4.69792e+38 
7.97494e+14 7.87172e+34 1.1322e+20 4.70071e+38 
7.9802e+14 7.88749e+34 1.13398e+20 4.70351e+38 
7.98546e+14 7.90326e+34 1.13576e+20 4.7063e+38 
7.99073e+14 7.91904e+34 1.13754e+20 4.7091e+38 
7.99601e+14 7.93484e+34 1.13932e+20 4.7119e+38 
8.00128e+14 7.95064e+34 1.1411e+20 4.7147e+38 
8.00656e+14 7.96646e+34 1.14288e+20 4.7175e+38 
8.01184e+14 7.98228e+34 1.14466e+20 4.7203e+38 
8.01713e+14 7.99812e+34 1.14643e+20 4.7231e+38 
8.02242e+14 8.01397e+34 1.14821e+20 4.72591e+38 
8.02771e+14 8.02982e+34 1.14999e+20 4.72871e+38 
8.03301e+14 8.04569e+34 1.15177e+20 4.73152e+38 
8.03831e+14 8.06157e+34 1.15355e+20 4.73433e+38 
8.04361e+14 8.07746e+34 1.15532e+20 4.73714e+38 
8.04892e+14 8.09336e+34 1.1571e+20 4.73995e+38 
8.05423e+14 8.10927e+34 1.15888e+20 4.74276e+38 
8.05954e+14 8.12519e+34 1.16066e+20 4.74558e+38 
8.06486e+14 8.14112e+34 1.16243e+20 4.74839e+38 
8.07018e+14 8.15706e+34 1.16421e+20 4.75121e+38 
8.07551e+14 8.17301e+34 1.16598e+20 4.75403e+38 
8.08083e+14 8.18897e+34 1.16776e+20 4.75685e+38 
8.08617e+14 8.20494e+34 1.16954e+20 4.75967e+38 
8.0915e+14 8.22093e+34 1.17131e+20 4.76249e+38 
8.09684e+14 8.23692e+34 1.17309e+20 4.76531e+38 
8.10218e+14 8.25293e+34 1.17486e+20 4.76813e+38 
8.10753e+14 8.26894e+34 1.17664e+20 4.77096e+38 
8.11288e+14 8.28497e+34 1.17841e+20 4.77379e+38 
8.11823e+14 8.301e+34 1.18018e+20 4.77661e+38 
8.12359e+14 8.31705e+34 1.18196e+20 4.77944e+38 
8.12894e+14 8.3331e+34 1.18373e+20 4.78227e+38 
8.13431e+14 8.34917e+34 1.18551e+20 4.78511e+38 
8.13968e+14 8.36525e+34 1.18728e+20 4.78794e+38 
8.14505e+14 8.38134e+34 1.18905e+20 4.79077e+38 
8.15042e+14 8.39744e+34 1.19082e+20 4.79361e+38 
8.1558e+14 8.41355e+34 1.1926e+20 4.79645e+38 
8.16118e+14 8.42967e+34 1.19437e+20 4.79928e+38 
8.16656e+14 8.4458e+34 1.19614e+20 4.80212e+38 
8.17195e+14 8.46194e+34 1.19791e+20 4.80497e+38 
8.17734e+14 8.4781e+34 1.19969e+20 4.80781e+38 
8.18274e+14 8.49426e+34 1.20146e+20 4.81065e+38 
8.18814e+14 8.51043e+34 1.20323e+20 4.8135e+38 
8.19354e+14 8.52662e+34 1.205e+20 4.81634e+38 
8.19894e+14 8.54281e+34 1.20677e+20 4.81919e+38 
8.20435e+14 8.55902e+34 1.20854e+20 4.82204e+38 
8.20977e+14 8.57524e+34 1.21031e+20 4.82489e+38 
8.21518e+14 8.59146e+34 1.21208e+20 4.82774e+38 
8.2206e+14 8.6077e+34 1.21385e+20 4.83059e+38 
8.22603e+14 8.62395e+34 1.21562e+20 4.83345e+38 
8.23146e+14 8.64021e+34 1.21739e+20 4.8363e+38 
8.23689e+14 8.65648e+34 1.21916e+20 4.83916e+38 
8.24232e+14 8.67276e+34 1.22093e+20 4.84202e+38 
8.24776e+14 8.68905e+34 1.2227e+20 4.84488e+38 
8.2532e+14 8.70536e+34 1.22447e+20 4.84774e+38 
8.25865e+14 8.72167e+34 1.22623e+20 4.8506e+38 
8.26409e+14 8.73799e+34 1.228e+20 4.85347e+38 
8.26955e+14 8.75433e+34 1.22977e+20 4.85633e+38 
8.275e+14 8.77067e+34 1.23154e+20 4.8592e+38 
8.28046e+14 8.78703e+34 1.2333e+20 4.86206e+38 
8.28593e+14 8.8034e+34 1.23507e+20 4.86493e+38 
8.29139e+14 8.81977e+34 1.23684e+20 4.8678e+38 
8.29686e+14 8.83616e+34 1.23861e+20 4.87068e+38 
8.30234e+14 8.85256e+34 1.24037e+20 4.87355e+38 
8.30782e+14 8.86897e+34 1.24214e+20 4.87642e+38 
8.3133e+14 8.88539e+34 1.2439e+20 4.8793e+38 
8.31878e+14 8.90183e+34 1.24567e+20 4.88217e+38 
8.32427e+14 8.91827e+34 1.24744e+20 4.88505e+38 
8.32976e+14 8.93472e+34 1.2492e+20 4.88793e+38 
8.33526e+14 8.95119e+34 1.25097e+20 4.89081e+38 
8.34076e+14 8.96766e+34 1.25273e+20 4.8937e+38 
8.34626e+14 8.98415e+34 1.2545e+20 4.89658e+38 
8.35177e+14 9.00065e+34 1.25626e+20 4.89946e+38 
8.35728e+14 9.01715e+34 1.25802e+20 4.90235e+38 
8.36279e+14 9.03367e+34 1.25979e+20 4.90524e+38 
8.36831e+14 9.0502e+34 1.26155e+20 4.90813e+38 
8.37383e+14 9.06674e+34 1.26332e+20 4.91102e+38 
8.37936e+14 9.0833e+34 1.26508e+20 4.91391e+38 
8.38488e+14 9.09986e+34 1.26684e+20 4.9168e+38 
8.39042e+14 9.11643e+34 1.26861e+20 4.91969e+38 
8.39595e+14 9.13302e+34 1.27037e+20 4.92259e+38 
8.40149e+14 9.14961e+34 1.27213e+20 4.92549e+38 
8.40703e+14 9.16622e+34 1.27389e+20 4.92839e+38 
8.41258e+14 9.18284e+34 1.27566e+20 4.93128e+38 
8.41813e+14 9.19946e+34 1.27742e+20 4.93419e+38 
8.42369e+14 9.2161e+34 1.27918e+20 4.93709e+38 
8.42924e+14 9.23275e+34 1.28094e+20 4.93999e+38 
8.4348e+14 9.24942e+34 1.2827e+20 4.9429e+38 
8.44037e+14 9.26609e+34 1.28446e+20 4.9458e+38 
8.44594e+14 9.28277e+34 1.28622e+20 4.94871e+38 
8.45151e+14 9.29946e+34 1.28798e+20 4.95162e+38 
8.45709e+14 9.31617e+34 1.28974e+20 4.95453e+38 
8.46267e+14 9.33289e+34 1.2915e+20 4.95744e+38 
8.46825e+14 9.34961e+34 1.29326e+20 4.96035e+38 
8.47384e+14 9.36635e+34 1.29502e+20 4.96327e+38 
8.47943e+14 9.3831e+34 1.29678e+20 4.96618e+38 
8.48502e+14 9.39986e+34 1.29854e+20 4.9691e+38 
8.49062e+14 9.41663e+34 1.3003e+20 4.97202e+38 
8.49622e+14 9.43342e+34 1.30206e+20 4.97494e+38 
8.50183e+14 9.45021e+34 1.30382e+20 4.97786e+38 
8.50744e+14 9.46701e+34 1.30558e+20 4.98078e+38 
8.51305e+14 9.48383e+34 1.30734e+20 4.98371e+38 
8.51867e+14 9.50066e+34 1.30909e+20 4.98663e+38 
8.52429e+14 9.51749e+34 1.31085e+20 4.98956e+38 
8.52991e+14 9.53434e+34 1.31261e+20 4.99249e+38 
8.53554e+14 9.5512e+34 1.31437e+20 4.99542e+38 
8.54117e+14 9.56808e+34 1.31612e+20 4.99835e+38 
8.54681e+14 9.58496e+34 1.31788e+20 5.00128e+38 
8.55245e+14 9.60185e+34 1.31964e+20 5.00421e+38 
8.55809e+14 9.61876e+34 1.32139e+20 5.00715e+38 
8.56374e+14 9.63567e+34 1.32315e+20 5.01008e+38 
8.56939e+14 9.6526e+34 1.3249e+20 5.01302e+38 
8.57504e+14 9.66954e+34 1.32666e+20 5.01596e+38 
8.5807e+14 9.68649e+34 1.32842e+20 5.0189e+38 
8.58636e+14 9.70345e+34 1.33017e+20 5.02184e+38 
8.59202e+14 9.72042e+34 1.33193e+20 5.02478e+38 
8.59769e+14 9.7374e+34 1.33368e+20 5.02773e+38 
8.60337e+14 9.7544e+34 1.33544e+20 5.03067e+38 
8.60904e+14 9.7714e+34 1.33719e+20 5.03362e+38 
8.61472e+14 9.78842e+34 1.33895e+20 5.03657e+38 
8.62041e+14 9.80545e+34 1.3407e+20 5.03952e+38 
8.62609e+14 9.82249e+34 1.34245e+20 5.04247e+38 
8.63178e+14 9.83954e+34 1.34421e+20 5.04542e+38 
8.63748e+14 9.8566e+34 1.34596e+20 5.04838e+38 
8.64318e+14 9.87367e+34 1.34771e+20 5.05133e+38 
8.64888e+14 9.89075e+34 1.34947e+20 5.05429e+38 
8.65459e+14 9.90785e+34 1.35122e+20 5.05725e+38 
8.6603e+14 9.92496e+34 1.35297e+20 5.06021e+38 
8.66601e+14 9.94207e+34 1.35472e+20 5.06317e+38 
8.67173e+14 9.9592e+34 1.35648e+20 5.06613e+38 
8.67745e+14 9.97634e+34 1.35823e+20 5.06909e+38 
8.68318e+14 9.9935e+34 1.35998e+20 5.07206e+38 
8.6889e+14 1.00107e+35 1.36173e+20 5.07502e+38 
8.69464e+14 1.00278e+35 1.36348e+20 5.07799e+38 
8.70037e+14 1.0045e+35 1.36523e+20 5.08096e+38 
8.70611e+14 1.00622e+35 1.36698e+20 5.08393e+38 
8.71186e+14 1.00794e+35 1.36874e+20 5.0869e+38 
8.71761e+14 1.00966e+35 1.37049e+20 5.08988e+38 
8.72336e+14 1.01139e+35 1.37224e+20 5.09285e+38 
8.72911e+14 1.01311e+35 1.37399e+20 5.09583e+38 
8.73487e+14 1.01484e+35 1.37574e+20 5.0988e+38 
8.74064e+14 1.01656e+35 1.37749e+20 5.10178e+38 
8.7464e+14 1.01829e+35 1.37924e+20 5.10476e+38 
8.75217e+14 1.02002e+35 1.38098e+20 5.10774e+38 
8.75795e+14 1.02175e+35 1.38273e+20 5.11073e+38 
8.76373e+14 1.02348e+35 1.38448e+20 5.11371e+38 
8.76951e+14 1.02521e+35 1.38623e+20 5.1167e+38 
8.77529e+14 1.02695e+35 1.38798e+20 5.11968e+38 
8.78108e+14 1.02868e+35 1.38973e+20 5.12267e+38 
8.78688e+14 1.03042e+35 1.39148e+20 5.12566e+38 
8.79267e+14 1.03215e+35 1.39322e+20 5.12865e+38 
8.79848e+14 1.03389e+35 1.39497e+20 5.13165e+38 
8.80428e+14 1.03563e+35 1.39672e+20 5.13464e+38 
8.81009e+14 1.03737e+35 1.39847e+20 5.13764e+38 
8.8159e+14 1.03911e+35 1.40021e+20 5.14063e+38 
8.82172e+14 1.04086e+35 1.40196e+20 5.14363e+38 
8.82754e+14 1.0426e+35 1.40371e+20 5.14663e+38 
8.83336e+14 1.04434e+35 1.40545e+20 5.14963e+38 
8.83919e+14 1.04609e+35 1.4072e+20 5.15263e+38 
8.84502e+14 1.04784e+35 1.40894e+20 5.15564e+38 
8.85086e+14 1.04959e+35 1.41069e+20 5.15864e+38 
8.8567e+14 1.05133e+35 1.41244e+20 5.16165e+38 
8.86254e+14 1.05309e+35 1.41418e+20 5.16466e+38 
8.86839e+14 1.05484e+35 1.41593e+20 5.16767e+38 
8.87424e+14 1.05659e+35 1.41767e+20 5.17068e+38 
8.8801e+14 1.05834e+35 1.41942e+20 5.17369e+38 
8.88595e+14 1.0601e+35 1.42116e+20 5.1767e+38 
8.89182e+14 1.06186e+35 1.4229e+20 5.17972e+38 
8.89768e+14 1.06361e+35 1.42465e+20 5.18273e+38 
8.90355e+14 1.06537e+35 1.42639e+20 5.18575e+38 
8.90943e+14 1.06713e+35 1.42814e+20 5.18877e+38 
8.91531e+14 1.06889e+35 1.42988e+20 5.19179e+38 
8.92119e+14 1.07066e+35 1.43162e+20 5.19481e+38 
8.92708e+14 1.07242e+35 1.43337e+20 5.19784e+38 
8.93297e+14 1.07418e+35 1.43511e+20 5.20086e+38 
8.93886e+14 1.07595e+35 1.43685e+20 5.20389e+38 
8.94476e+14 1.07772e+35 1.43859e+20 5.20691e+38 
8.95066e+14 1.07948e+35 1.44034e+20 5.20994e+38 
8.95656e+14 1.08125e+35 1.44208e+20 5.21297e+38 
8.96247e+14 1.08302e+35 1.44382e+20 5.21601e+38 
8.96839e+14 1.08479e+35 1.44556e+20 5.21904e+38 
8.9743e+14 1.08657e+35 1.4473e+20 5.22207e+38 
8.98022e+14 1.08834e+35 1.44904e+20 5.22511e+38 
8.98615e+14 1.09012e+35 1.45079e+20 5.22815e+38 
8.99208e+14 1.09189e+35 1.45253e+20 5.23119e+38 
8.99801e+14 1.09367e+35 1.45427e+20 5.23423e+38 
9.00395e+14 1.09545e+35 1.45601e+20 5.23727e+38 
9.00989e+14 1.09723e+35 1.45775e+20 5.24031e+38 
9.01583e+14 1.09901e+35 1.45949e+20 5.24336e+38 
9.02178e+14 1.10079e+35 1.46123e+20 5.2464e+38 
9.02773e+14 1.10257e+35 1.46297e+20 5.24945e+38 
9.03369e+14 1.10436e+35 1.46471e+20 5.2525e+38 
9.03965e+14 1.10614e+35 1.46645e+20 5.25555e+38 
9.04561e+14 1.10793e+35 1.46818e+20 5.2586e+38 
9.05158e+14 1.10972e+35 1.46992e+20 5.26165e+38 
9.05755e+14 1.11151e+35 1.47166e+20 5.26471e+38 
9.06353e+14 1.1133e+35 1.4734e+20 5.26776e+38 
9.06951e+14 1.11509e+35 1.47514e+20 5.27082e+38 
9.07549e+14 1.11688e+35 1.47688e+20 5.27388e+38 
9.08148e+14 1.11868e+35 1.47862e+20 5.27694e+38 
9.08747e+14 1.12047e+35 1.48035e+20 5.28e+38 
9.09347e+14 1.12227e+35 1.48209e+20 5.28307e+38 
9.09947e+14 1.12407e+35 1.48383e+20 5.28613e+38 
9.10547e+14 1.12586e+35 1.48556e+20 5.2892e+38 
9.11148e+14 1.12766e+35 1.4873e+20 5.29226e+38 
9.11749e+14 1.12946e+35 1.48904e+20 5.29533e+38 
9.12351e+14 1.13127e+35 1.49077e+20 5.2984e+38 
9.12953e+14 1.13307e+35 1.49251e+20 5.30147e+38 
9.13555e+14 1.13487e+35 1.49425e+20 5.30455e+38 
9.14158e+14 1.13668e+35 1.49598e+20 5.30762e+38 
9.14761e+14 1.13849e+35 1.49772e+20 5.3107e+38 
9.15365e+14 1.1403e+35 1.49945e+20 5.31377e+38 
9.15968e+14 1.1421e+35 1.50119e+20 5.31685e+38 
9.16573e+14 1.14392e+35 1.50292e+20 5.31993e+38 
9.17178e+14 1.14573e+35 1.50466e+20 5.32302e+38 
9.17783e+14 1.14754e+35 1.50639e+20 5.3261e+38 
9.18388e+14 1.14935e+35 1.50813e+20 5.32918e+38 
9.18994e+14 1.15117e+35 1.50986e+20 5.33227e+38 
9.196e+14 1.15299e+35 1.5116e+20 5.33536e+38 
9.20207e+14 1.1548e+35 1.51333e+20 5.33845e+38 
9.20814e+14 1.15662e+35 1.51506e+20 5.34154e+38 
9.21422e+14 1.15844e+35 1.5168e+20 5.34463e+38 
9.2203e+14 1.16026e+35 1.51853e+20 5.34772e+38 
9.22638e+14 1.16209e+35 1.52026e+20 5.35082e+38 
9.23247e+14 1.16391e+35 1.522e+20 5.35391e+38 
9.23856e+14 1.16573e+35 1.52373e+20 5.35701e+38 
9.24466e+14 1.16756e+35 1.52546e+20 5.36011e+38 
9.25075e+14 1.16939e+35 1.5272e+20 5.36321e+38 
9.25686e+14 1.17122e+35 1.52893e+20 5.36631e+38 
9.26297e+14 1.17305e+35 1.53066e+20 5.36941e+38 
9.26908e+14 1.17488e+35 1.53239e+20 5.37252e+38 
9.27519e+14 1.17671e+35 1.53412e+20 5.37563e+38 
9.28131e+14 1.17854e+35 1.53585e+20 5.37873e+38 
9.28744e+14 1.18038e+35 1.53759e+20 5.38184e+38 
9.29356e+14 1.18221e+35 1.53932e+20 5.38495e+38 
9.2997e+14 1.18405e+35 1.54105e+20 5.38806e+38 
9.30583e+14 1.18589e+35 1.54278e+20 5.39118e+38 
9.31197e+14 1.18773e+35 1.54451e+20 5.39429e+38 
9.31811e+14 1.18957e+35 1.54624e+20 5.39741e+38 
9.32426e+14 1.19141e+35 1.54797e+20 5.40053e+38 
9.33041e+14 1.19325e+35 1.5497e+20 5.40365e+38 
9.33657e+14 1.1951e+35 1.55143e+20 5.40677e+38 
9.34273e+14 1.19694e+35 1.55316e+20 5.40989e+38 
9.34889e+14 1.19879e+35 1.55489e+20 5.41301e+38 
9.35506e+14 1.20064e+35 1.55662e+20 5.41614e+38 
9.36124e+14 1.20249e+35 1.55835e+20 5.41927e+38 
9.36741e+14 1.20434e+35 1.56007e+20 5.42239e+38 
9.37359e+14 1.20619e+35 1.5618e+20 5.42552e+38 
9.37978e+14 1.20804e+35 1.56353e+20 5.42865e+38 
9.38597e+14 1.20989e+35 1.56526e+20 5.43179e+38 
9.39216e+14 1.21175e+35 1.56699e+20 5.43492e+38 
9.39835e+14 1.21361e+35 1.56872e+20 5.43806e+38 
9.40456e+14 1.21546e+35 1.57044e+20 5.44119e+38 
9.41076e+14 1.21732e+35 1.57217e+20 5.44433e+38 
9.41697e+14 1.21918e+35 1.5739e+20 5.44747e+38 
9.42318e+14 1.22104e+35 1.57563e+20 5.45061e+38 
9.4294e+14 1.22291e+35 1.57735e+20 5.45375e+38 
9.43562e+14 1.22477e+35 1.57908e+20 5.4569e+38 
9.44185e+14 1.22664e+35 1.58081e+20 5.46004e+38 
9.44808e+14 1.2285e+35 1.58253e+20 5.46319e+38 
9.45431e+14 1.23037e+35 1.58426e+20 5.46634e+38 
9.46055e+14 1.23224e+35 1.58598e+20 5.46949e+38 
9.46679e+14 1.23411e+35 1.58771e+20 5.47264e+38 
9.47304e+14 1.23598e+35 1.58943e+20 5.4758e+38 
9.47929e+14 1.23785e+35 1.59116e+20 5.47895e+38 
9.48554e+14 1.23973e+35 1.59289e+20 5.48211e+38 
9.4918e+14 1.2416e+35 1.59461e+20 5.48526e+38 
9.49806e+14 1.24348e+35 1.59634e+20 5.48842e+38 
9.50433e+14 1.24535e+35 1.59806e+20 5.49158e+38 
9.5106e+14 1.24723e+35 1.59978e+20 5.49474e+38 
9.51687e+14 1.24911e+35 1.60151e+20 5.49791e+38 
9.52315e+14 1.25099e+35 1.60323e+20 5.50107e+38 
9.52943e+14 1.25288e+35 1.60496e+20 5.50424e+38 
9.53572e+14 1.25476e+35 1.60668e+20 5.50741e+38 
9.54201e+14 1.25664e+35 1.6084e+20 5.51058e+38 
9.54831e+14 1.25853e+35 1.61013e+20 5.51375e+38 
9.55461e+14 1.26042e+35 1.61185e+20 5.51692e+38 
9.56091e+14 1.26231e+35 1.61357e+20 5.52009e+38 
9.56722e+14 1.2642e+35 1.6153e+20 5.52327e+38 
9.57353e+14 1.26609e+35 1.61702e+20 5.52645e+38 
9.57985e+14 1.26798e+35 1.61874e+20 5.52962e+38 
9.58617e+14 1.26987e+35 1.62046e+20 5.5328e+38 
9.5925e+14 1.27177e+35 1.62218e+20 5.53598e+38 
9.59882e+14 1.27366e+35 1.62391e+20 5.53917e+38 
9.60516e+14 1.27556e+35 1.62563e+20 5.54235e+38 
9.61149e+14 1.27746e+35 1.62735e+20 5.54554e+38 
9.61784e+14 1.27936e+35 1.62907e+20 5.54872e+38 
9.62418e+14 1.28126e+35 1.63079e+20 5.55191e+38 
9.63053e+14 1.28316e+35 1.63251e+20 5.5551e+38 
9.63689e+14 1.28507e+35 1.63423e+20 5.55829e+38 
9.64324e+14 1.28697e+35 1.63595e+20 5.56149e+38 
9.64961e+14 1.28888e+35 1.63767e+20 5.56468e+38 
9.65597e+14 1.29079e+35 1.6394e+20 5.56788e+38 
9.66234e+14 1.29269e+35 1.64112e+20 5.57108e+38 
9.66872e+14 1.2946e+35 1.64283e+20 5.57428e+38 
9.6751e+14 1.29651e+35 1.64455e+20 5.57748e+38 
9.68148e+14 1.29843e+35 1.64627e+20 5.58068e+38 
9.68787e+14 1.30034e+35 1.64799e+20 5.58388e+38 
9.69426e+14 1.30226e+35 1.64971e+20 5.58709e+38 
9.70066e+14 1.30417e+35 1.65143e+20 5.59029e+38 
9.70706e+14 1.30609e+35 1.65315e+20 5.5935e+38 
9.71346e+14 1.30801e+35 1.65487e+20 5.59671e+38 
9.71987e+14 1.30993e+35 1.65659e+20 5.59992e+38 
9.72628e+14 1.31185e+35 1.65831e+20 5.60313e+38 
9.7327e+14 1.31377e+35 1.66002e+20 5.60635e+38 
9.73912e+14 1.3157e+35 1.66174e+20 5.60956e+38 
9.74555e+14 1.31762e+35 1.66346e+20 5.61278e+38 
9.75198e+14 1.31955e+35 1.66518e+20 5.616e+38 
9.75841e+14 1.32147e+35 1.66689e+20 5.61922e+38 
9.76485e+14 1.3234e+35 1.66861e+20 5.62244e+38 
9.77129e+14 1.32533e+35 1.67033e+20 5.62567e+38 
9.77774e+14 1.32726e+35 1.67204e+20 5.62889e+38 
9.78419e+14 1.3292e+35 1.67376e+20 5.63212e+38 
9.79065e+14 1.33113e+35 1.67548e+20 5.63534e+38 
9.79711e+14 1.33307e+35 1.67719e+20 5.63857e+38 
9.80357e+14 1.335e+35 1.67891e+20 5.6418e+38 
9.81004e+14 1.33694e+35 1.68063e+20 5.64504e+38 
9.81651e+14 1.33888e+35 1.68234e+20 5.64827e+38 
9.82299e+14 1.34082e+35 1.68406e+20 5.6515e+38 
9.82947e+14 1.34276e+35 1.68577e+20 5.65474e+38 
9.83595e+14 1.3447e+35 1.68749e+20 5.65798e+38 
9.84244e+14 1.34665e+35 1.6892e+20 5.66122e+38 
9.84894e+14 1.34859e+35 1.69092e+20 5.66446e+38 
9.85543e+14 1.35054e+35 1.69263e+20 5.6677e+38 
9.86194e+14 1.35249e+35 1.69435e+20 5.67095e+38 
9.86844e+14 1.35444e+35 1.69606e+20 5.67419e+38 
9.87495e+14 1.35639e+35 1.69777e+20 5.67744e+38 
9.88147e+14 1.35834e+35 1.69949e+20 5.68069e+38 
9.88799e+14 1.36029e+35 1.7012e+20 5.68394e+38 
9.89451e+14 1.36225e+35 1.70292e+20 5.68719e+38 
9.90104e+14 1.3642e+35 1.70463e+20 5.69045e+38 
9.90757e+14 1.36616e+35 1.70634e+20 5.6937e+38 
9.91411e+14 1.36812e+35 1.70806e+20 5.69696e+38 
9.92065e+14 1.37008e+35 1.70977e+20 5.70022e+38 
9.9272e+14 1.37204e+35 1.71148e+20 5.70348e+38 
9.93375e+14 1.374e+35 1.71319e+20 5.70674e+38 
9.9403e+14 1.37597e+35 1.71491e+20 5.71e+38 
9.94686e+14 1.37793e+35 1.71662e+20 5.71326e+38 
9.95342e+14 1.3799e+35 1.71833e+20 5.71653e+38 
9.95999e+14 1.38186e+35 1.72004e+20 5.7198e+38 
9.96656e+14 1.38383e+35 1.72175e+20 5.72307e+38 
9.97314e+14 1.3858e+35 1.72346e+20 5.72634e+38 
9.97972e+14 1.38777e+35 1.72518e+20 5.72961e+38 
9.9863e+14 1.38975e+35 1.72689e+20 5.73288e+38 
9.99289e+14 1.39172e+35 1.7286e+20 5.73616e+38 
9.99948e+14 1.3937e+35 1.73031e+20 5.73943e+38 
1.00061e+15 1.39567e+35 1.73202e+20 5.74271e+38 
1.00127e+15 1.39765e+35 1.73373e+20 5.74599e+38 
1.00193e+15 1.39963e+35 1.73544e+20 5.74927e+38 
1.00259e+15 1.40161e+35 1.73715e+20 5.75255e+38 
1.00325e+15 1.40359e+35 1.73886e+20 5.75584e+38 
1.00391e+15 1.40557e+35 1.74057e+20 5.75912e+38 
1.00458e+15 1.40756e+35 1.74228e+20 5.76241e+38 
1.00524e+15 1.40954e+35 1.74399e+20 5.7657e+38 
1.0059e+15 1.41153e+35 1.7457e+20 5.76899e+38 
1.00657e+15 1.41352e+35 1.74741e+20 5.77228e+38 
1.00723e+15 1.41551e+35 1.74912e+20 5.77558e+38 
1.00789e+15 1.4175e+35 1.75082e+20 5.77887e+38 
1.00856e+15 1.41949e+35 1.75253e+20 5.78217e+38 
1.00922e+15 1.42149e+35 1.75424e+20 5.78547e+38 
1.00989e+15 1.42348e+35 1.75595e+20 5.78877e+38 
1.01056e+15 1.42548e+35 1.75766e+20 5.79207e+38 
1.01122e+15 1.42747e+35 1.75936e+20 5.79537e+38 
1.01189e+15 1.42947e+35 1.76107e+20 5.79867e+38 
1.01256e+15 1.43147e+35 1.76278e+20 5.80198e+38 
1.01323e+15 1.43347e+35 1.76449e+20 5.80529e+38 
1.01389e+15 1.43548e+35 1.76619e+20 5.8086e+38 
1.01456e+15 1.43748e+35 1.7679e+20 5.81191e+38 
1.01523e+15 1.43949e+35 1.76961e+20 5.81522e+38 
1.0159e+15 1.44149e+35 1.77131e+20 5.81853e+38 
1.01657e+15 1.4435e+35 1.77302e+20 5.82185e+38 
1.01724e+15 1.44551e+35 1.77473e+20 5.82516e+38 
1.01792e+15 1.44752e+35 1.77643e+20 5.82848e+38 
1.01859e+15 1.44953e+35 1.77814e+20 5.8318e+38 
1.01926e+15 1.45155e+35 1.77985e+20 5.83512e+38 
1.01993e+15 1.45356e+35 1.78155e+20 5.83845e+38 
1.0206e+15 1.45558e+35 1.78326e+20 5.84177e+38 
1.02128e+15 1.45759e+35 1.78496e+20 5.8451e+38 
1.02195e+15 1.45961e+35 1.78667e+20 5.84843e+38 
1.02263e+15 1.46163e+35 1.78837e+20 5.85175e+38 
1.0233e+15 1.46365e+35 1.79008e+20 5.85509e+38 
1.02398e+15 1.46568e+35 1.79178e+20 5.85842e+38 
1.02465e+15 1.4677e+35 1.79349e+20 5.86175e+38 
1.02533e+15 1.46973e+35 1.79519e+20 5.86509e+38 
1.026e+15 1.47175e+35 1.79689e+20 5.86842e+38 
1.02668e+15 1.47378e+35 1.7986e+20 5.87176e+38 
1.02736e+15 1.47581e+35 1.8003e+20 5.8751e+38 
1.02804e+15 1.47784e+35 1.802e+20 5.87845e+38 
1.02871e+15 1.47987e+35 1.80371e+20 5.88179e+38 
1.02939e+15 1.48191e+35 1.80541e+20 5.88513e+38 
1.03007e+15 1.48394e+35 1.80711e+20 5.88848e+38 
1.03075e+15 1.48598e+35 1.80882e+20 5.89183e+38 
1.03143e+15 1.48801e+35 1.81052e+20 5.89518e+38 
1.03211e+15 1.49005e+35 1.81222e+20 5.89853e+38 
1.03279e+15 1.49209e+35 1.81392e+20 5.90188e+38 
1.03347e+15 1.49413e+35 1.81563e+20 5.90524e+38 
1.03416e+15 1.49618e+35 1.81733e+20 5.90859e+38 
1.03484e+15 1.49822e+35 1.81903e+20 5.91195e+38 
1.03552e+15 1.50027e+35 1.82073e+20 5.91531e+38 
1.0362e+15 1.50231e+35 1.82243e+20 5.91867e+38 
1.03689e+15 1.50436e+35 1.82414e+20 5.92203e+38 
1.03757e+15 1.50641e+35 1.82584e+20 5.9254e+38 
1.03826e+15 1.50846e+35 1.82754e+20 5.92876e+38 
1.03894e+15 1.51051e+35 1.82924e+20 5.93213e+38 
1.03963e+15 1.51257e+35 1.83094e+20 5.9355e+38 
1.04031e+15 1.51462e+35 1.83264e+20 5.93887e+38 
1.041e+15 1.51668e+35 1.83434e+20 5.94224e+38 
1.04169e+15 1.51874e+35 1.83604e+20 5.94561e+38 
1.04237e+15 1.5208e+35 1.83774e+20 5.94899e+38 
1.04306e+15 1.52286e+35 1.83944e+20 5.95236e+38 
1.04375e+15 1.52492e+35 1.84114e+20 5.95574e+38 
1.04444e+15 1.52698e+35 1.84284e+20 5.95912e+38 
1.04513e+15 1.52905e+35 1.84454e+20 5.9625e+38 
1.04582e+15 1.53111e+35 1.84624e+20 5.96589e+38 
1.04651e+15 1.53318e+35 1.84794e+20 5.96927e+38 
1.0472e+15 1.53525e+35 1.84964e+20 5.97266e+38 
1.04789e+15 1.53732e+35 1.85134e+20 5.97604e+38 
1.04858e+15 1.53939e+35 1.85303e+20 5.97943e+38 
1.04927e+15 1.54146e+35 1.85473e+20 5.98282e+38 
1.04996e+15 1.54354e+35 1.85643e+20 5.98622e+38 
1.05066e+15 1.54561e+35 1.85813e+20 5.98961e+38 
1.05135e+15 1.54769e+35 1.85983e+20 5.99301e+38 
1.05204e+15 1.54977e+35 1.86152e+20 5.9964e+38 
1.05274e+15 1.55184e+35 1.86322e+20 5.9998e+38 
1.05343e+15 1.55393e+35 1.86492e+20 6.0032e+38 
1.05413e+15 1.55601e+35 1.86662e+20 6.0066e+38 
1.05482e+15 1.55809e+35 1.86831e+20 6.01001e+38 
1.05552e+15 1.56018e+35 1.87001e+20 6.01341e+38 
1.05622e+15 1.56226e+35 1.87171e+20 6.01682e+38 
1.05691e+15 1.56435e+35 1.8734e+20 6.02023e+38 
1.05761e+15 1.56644e+35 1.8751e+20 6.02364e+38 
1.05831e+15 1.56853e+35 1.8768e+20 6.02705e+38 
1.05901e+15 1.57062e+35 1.87849e+20 6.03046e+38 
1.0597e+15 1.57272e+35 1.88019e+20 6.03388e+38 
1.0604e+15 1.57481e+35 1.88189e+20 6.03729e+38 
1.0611e+15 1.57691e+35 1.88358e+20 6.04071e+38 
1.0618e+15 1.579e+35 1.88528e+20 6.04413e+38 
1.0625e+15 1.5811e+35 1.88697e+20 6.04755e+38 
1.0632e+15 1.5832e+35 1.88867e+20 6.05098e+38 
1.06391e+15 1.5853e+35 1.89036e+20 6.0544e+38 
1.06461e+15 1.58741e+35 1.89206e+20 6.05783e+38 
1.06531e+15 1.58951e+35 1.89375e+20 6.06126e+38 
1.06601e+15 1.59162e+35 1.89545e+20 6.06468e+38 
1.06672e+15 1.59372e+35 1.89714e+20 6.06812e+38 
1.06742e+15 1.59583e+35 1.89883e+20 6.07155e+38 
1.06812e+15 1.59794e+35 1.90053e+20 6.07498e+38 
1.06883e+15 1.60005e+35 1.90222e+20 6.07842e+38 
1.06953e+15 1.60217e+35 1.90392e+20 6.08186e+38 
1.07024e+15 1.60428e+35 1.90561e+20 6.08529e+38 
1.07095e+15 1.6064e+35 1.9073e+20 6.08874e+38 
1.07165e+15 1.60851e+35 1.909e+20 6.09218e+38 
1.07236e+15 1.61063e+35 1.91069e+20 6.09562e+38 
1.07307e+15 1.61275e+35 1.91238e+20 6.09907e+38 
1.07378e+15 1.61487e+35 1.91408e+20 6.10251e+38 
1.07448e+15 1.61699e+35 1.91577e+20 6.10596e+38 
1.07519e+15 1.61912e+35 1.91746e+20 6.10941e+38 
1.0759e+15 1.62124e+35 1.91915e+20 6.11287e+38 
1.07661e+15 1.62337e+35 1.92084e+20 6.11632e+38 
1.07732e+15 1.6255e+35 1.92254e+20 6.11977e+38 
1.07803e+15 1.62763e+35 1.92423e+20 6.12323e+38 
1.07874e+15 1.62976e+35 1.92592e+20 6.12669e+38 
1.07946e+15 1.63189e+35 1.92761e+20 6.13015e+38 
1.08017e+15 1.63402e+35 1.9293e+20 6.13361e+38 
1.08088e+15 1.63616e+35 1.93099e+20 6.13708e+38 
1.08159e+15 1.63829e+35 1.93269e+20 6.14054e+38 
1.08231e+15 1.64043e+35 1.93438e+20 6.14401e+38 
1.08302e+15 1.64257e+35 1.93607e+20 6.14748e+38 
1.08374e+15 1.64471e+35 1.93776e+20 6.15095e+38 
1.08445e+15 1.64685e+35 1.93945e+20 6.15442e+38 
1.08517e+15 1.649e+35 1.94114e+20 6.15789e+38 
1.08588e+15 1.65114e+35 1.94283e+20 6.16137e+38 
1.0866e+15 1.65329e+35 1.94452e+20 6.16484e+38 
1.08732e+15 1.65544e+35 1.94621e+20 6.16832e+38 
1.08803e+15 1.65759e+35 1.9479e+20 6.1718e+38 
1.08875e+15 1.65974e+35 1.94959e+20 6.17528e+38 
1.08947e+15 1.66189e+35 1.95128e+20 6.17877e+38 
1.09019e+15 1.66404e+35 1.95297e+20 6.18225e+38 
1.09091e+15 1.6662e+35 1.95465e+20 6.18574e+38 
1.09163e+15 1.66835e+35 1.95634e+20 6.18922e+38 
1.09235e+15 1.67051e+35 1.95803e+20 6.19271e+38 
1.09307e+15 1.67267e+35 1.95972e+20 6.19621e+38 
1.09379e+15 1.67483e+35 1.96141e+20 6.1997e+38 
1.09451e+15 1.67699e+35 1.9631e+20 6.20319e+38 
1.09523e+15 1.67916e+35 1.96479e+20 6.20669e+38 
1.09596e+15 1.68132e+35 1.96647e+20 6.21019e+38 
1.09668e+15 1.68349e+35 1.96816e+20 6.21369e+38 
1.0974e+15 1.68566e+35 1.96985e+20 6.21719e+38 
1.09813e+15 1.68782e+35 1.97154e+20 6.22069e+38 
1.09885e+15 1.68999e+35 1.97322e+20 6.2242e+38 
1.09958e+15 1.69217e+35 1.97491e+20 6.2277e+38 
1.1003e+15 1.69434e+35 1.9766e+20 6.23121e+38 
1.10103e+15 1.69652e+35 1.97828e+20 6.23472e+38 
1.10175e+15 1.69869e+35 1.97997e+20 6.23823e+38 
1.10248e+15 1.70087e+35 1.98166e+20 6.24174e+38 
1.10321e+15 1.70305e+35 1.98334e+20 6.24526e+38 
1.10394e+15 1.70523e+35 1.98503e+20 6.24877e+38 
1.10466e+15 1.70741e+35 1.98672e+20 6.25229e+38 
1.10539e+15 1.70959e+35 1.9884e+20 6.25581e+38 
1.10612e+15 1.71178e+35 1.99009e+20 6.25933e+38 
1.10685e+15 1.71397e+35 1.99177e+20 6.26286e+38 
1.10758e+15 1.71615e+35 1.99346e+20 6.26638e+38 
1.10831e+15 1.71834e+35 1.99514e+20 6.26991e+38 
1.10905e+15 1.72053e+35 1.99683e+20 6.27343e+38 
1.10978e+15 1.72273e+35 1.99851e+20 6.27696e+38 
1.11051e+15 1.72492e+35 2.0002e+20 6.28049e+38 
1.11124e+15 1.72711e+35 2.00188e+20 6.28403e+38 
1.11197e+15 1.72931e+35 2.00357e+20 6.28756e+38 
1.11271e+15 1.73151e+35 2.00525e+20 6.2911e+38 
1.11344e+15 1.73371e+35 2.00694e+20 6.29464e+38 
1.11418e+15 1.73591e+35 2.00862e+20 6.29818e+38 
1.11491e+15 1.73811e+35 2.01031e+20 6.30172e+38 
1.11565e+15 1.74031e+35 2.01199e+20 6.30526e+38 
1.11638e+15 1.74252e+35 2.01367e+20 6.3088e+38 
1.11712e+15 1.74473e+35 2.01536e+20 6.31235e+38 
1.11786e+15 1.74693e+35 2.01704e+20 6.3159e+38 
1.1186e+15 1.74914e+35 2.01872e+20 6.31945e+38 
1.11933e+15 1.75136e+35 2.02041e+20 6.323e+38 
1.12007e+15 1.75357e+35 2.02209e+20 6.32655e+38 
1.12081e+15 1.75578e+35 2.02377e+20 6.33011e+38 
1.12155e+15 1.758e+35 2.02545e+20 6.33366e+38 
1.12229e+15 1.76021e+35 2.02714e+20 6.33722e+38 
1.12303e+15 1.76243e+35 2.02882e+20 6.34078e+38 
1.12377e+15 1.76465e+35 2.0305e+20 6.34434e+38 
1.12451e+15 1.76687e+35 2.03218e+20 6.3479e+38 
1.12526e+15 1.7691e+35 2.03386e+20 6.35147e+38 
1.126e+15 1.77132e+35 2.03555e+20 6.35503e+38 
1.12674e+15 1.77355e+35 2.03723e+20 6.3586e+38 
1.12748e+15 1.77577e+35 2.03891e+20 6.36217e+38 
1.12823e+15 1.778e+35 2.04059e+20 6.36574e+38 
1.12897e+15 1.78023e+35 2.04227e+20 6.36932e+38 
1.12972e+15 1.78246e+35 2.04395e+20 6.37289e+38 
1.13046e+15 1.7847e+35 2.04563e+20 6.37647e+38 
1.13121e+15 1.78693e+35 2.04731e+20 6.38005e+38 
1.13195e+15 1.78917e+35 2.04899e+20 6.38363e+38 
1.1327e+15 1.7914e+35 2.05067e+20 6.38721e+38 
1.13345e+15 1.79364e+35 2.05236e+20 6.39079e+38 
1.1342e+15 1.79588e+35 2.05404e+20 6.39438e+38 
1.13494e+15 1.79813e+35 2.05572e+20 6.39796e+38 
1.13569e+15 1.80037e+35 2.05739e+20 6.40155e+38 
1.13644e+15 1.80261e+35 2.05907e+20 6.40514e+38 
1.13719e+15 1.80486e+35 2.06075e+20 6.40873e+38 
1.13794e+15 1.80711e+35 2.06243e+20 6.41233e+38 
1.13869e+15 1.80936e+35 2.06411e+20 6.41592e+38 
1.13945e+15 1.81161e+35 2.06579e+20 6.41952e+38 
1.1402e+15 1.81386e+35 2.06747e+20 6.42312e+38 
1.14095e+15 1.81611e+35 2.06915e+20 6.42672e+38 
1.1417e+15 1.81837e+35 2.07083e+20 6.43032e+38 
1.14246e+15 1.82063e+35 2.07251e+20 6.43392e+38 
1.14321e+15 1.82288e+35 2.07418e+20 6.43753e+38 
1.14396e+15 1.82514e+35 2.07586e+20 6.44113e+38 
1.14472e+15 1.8274e+35 2.07754e+20 6.44474e+38 
1.14547e+15 1.82967e+35 2.07922e+20 6.44835e+38 
1.14623e+15 1.83193e+35 2.0809e+20 6.45197e+38 
1.14699e+15 1.8342e+35 2.08257e+20 6.45558e+38 
1.14774e+15 1.83646e+35 2.08425e+20 6.45919e+38 
1.1485e+15 1.83873e+35 2.08593e+20 6.46281e+38 
1.14926e+15 1.841e+35 2.08761e+20 6.46643e+38 
1.15002e+15 1.84327e+35 2.08928e+20 6.47005e+38 
1.15077e+15 1.84555e+35 2.09096e+20 6.47367e+38 
1.15153e+15 1.84782e+35 2.09264e+20 6.4773e+38 
1.15229e+15 1.8501e+35 2.09431e+20 6.48092e+38 
1.15305e+15 1.85238e+35 2.09599e+20 6.48455e+38 
1.15381e+15 1.85465e+35 2.09766e+20 6.48818e+38 
1.15458e+15 1.85694e+35 2.09934e+20 6.49181e+38 
1.15534e+15 1.85922e+35 2.10102e+20 6.49544e+38 
1.1561e+15 1.8615e+35 2.10269e+20 6.49908e+38 
1.15686e+15 1.86379e+35 2.10437e+20 6.50272e+38 
1.15763e+15 1.86607e+35 2.10604e+20 6.50635e+38 
1.15839e+15 1.86836e+35 2.10772e+20 6.50999e+38 
1.15915e+15 1.87065e+35 2.10939e+20 6.51363e+38 
1.15992e+15 1.87294e+35 2.11107e+20 6.51728e+38 
1.16068e+15 1.87523e+35 2.11274e+20 6.52092e+38 
1.16145e+15 1.87753e+35 2.11442e+20 6.52457e+38 
1.16222e+15 1.87982e+35 2.11609e+20 6.52822e+38 
1.16298e+15 1.88212e+35 2.11777e+20 6.53187e+38 
1.16375e+15 1.88442e+35 2.11944e+20 6.53552e+38 
1.16452e+15 1.88672e+35 2.12112e+20 6.53917e+38 
1.16529e+15 1.88902e+35 2.12279e+20 6.54283e+38 
1.16605e+15 1.89133e+35 2.12446e+20 6.54648e+38 
1.16682e+15 1.89363e+35 2.12614e+20 6.55014e+38 
1.16759e+15 1.89594e+35 2.12781e+20 6.5538e+38 
1.16836e+15 1.89824e+35 2.12949e+20 6.55746e+38 
1.16914e+15 1.90055e+35 2.13116e+20 6.56113e+38 
1.16991e+15 1.90287e+35 2.13283e+20 6.56479e+38 
1.17068e+15 1.90518e+35 2.13451e+20 6.56846e+38 
1.17145e+15 1.90749e+35 2.13618e+20 6.57213e+38 
1.17222e+15 1.90981e+35 2.13785e+20 6.5758e+38 
1.173e+15 1.91212e+35 2.13952e+20 6.57947e+38 
1.17377e+15 1.91444e+35 2.1412e+20 6.58315e+38 
1.17455e+15 1.91676e+35 2.14287e+20 6.58682e+38 
1.17532e+15 1.91908e+35 2.14454e+20 6.5905e+38 
1.1761e+15 1.92141e+35 2.14621e+20 6.59418e+38 
1.17687e+15 1.92373e+35 2.14789e+20 6.59786e+38 
1.17765e+15 1.92606e+35 2.14956e+20 6.60154e+38 
1.17843e+15 1.92839e+35 2.15123e+20 6.60523e+38 
1.1792e+15 1.93072e+35 2.1529e+20 6.60891e+38 
1.17998e+15 1.93305e+35 2.15457e+20 6.6126e+38 
1.18076e+15 1.93538e+35 2.15624e+20 6.61629e+38 
1.18154e+15 1.93771e+35 2.15791e+20 6.61998e+38 
1.18232e+15 1.94005e+35 2.15958e+20 6.62368e+38 
1.1831e+15 1.94238e+35 2.16126e+20 6.62737e+38 
1.18388e+15 1.94472e+35 2.16293e+20 6.63107e+38 
1.18466e+15 1.94706e+35 2.1646e+20 6.63477e+38 
1.18544e+15 1.9494e+35 2.16627e+20 6.63847e+38 
1.18622e+15 1.95175e+35 2.16794e+20 6.64217e+38 
1.18701e+15 1.95409e+35 2.16961e+20 6.64587e+38 
1.18779e+15 1.95644e+35 2.17128e+20 6.64958e+38 
1.18857e+15 1.95879e+35 2.17295e+20 6.65329e+38 
1.18936e+15 1.96114e+35 2.17462e+20 6.657e+38 
1.19014e+15 1.96349e+35 2.17629e+20 6.66071e+38 
1.19093e+15 1.96584e+35 2.17796e+20 6.66442e+38 
1.19171e+15 1.96819e+35 2.17963e+20 6.66814e+38 
1.1925e+15 1.97055e+35 2.18129e+20 6.67185e+38 
1.19329e+15 1.97291e+35 2.18296e+20 6.67557e+38 
1.19407e+15 1.97526e+35 2.18463e+20 6.67929e+38 
1.19486e+15 1.97762e+35 2.1863e+20 6.68301e+38 
1.19565e+15 1.97999e+35 2.18797e+20 6.68673e+38 
1.19644e+15 1.98235e+35 2.18964e+20 6.69046e+38 
1.19723e+15 1.98471e+35 2.19131e+20 6.69419e+38 
1.19802e+15 1.98708e+35 2.19297e+20 6.69791e+38 
1.19881e+15 1.98945e+35 2.19464e+20 6.70164e+38 
1.1996e+15 1.99182e+35 2.19631e+20 6.70538e+38 
1.20039e+15 1.99419e+35 2.19798e+20 6.70911e+38 
1.20118e+15 1.99656e+35 2.19965e+20 6.71285e+38 
1.20197e+15 1.99894e+35 2.20131e+20 6.71658e+38 
1.20277e+15 2.00131e+35 2.20298e+20 6.72032e+38 
1.20356e+15 2.00369e+35 2.20465e+20 6.72406e+38 
1.20436e+15 2.00607e+35 2.20631e+20 6.72781e+38 
1.20515e+15 2.00845e+35 2.20798e+20 6.73155e+38 
1.20595e+15 2.01083e+35 2.20965e+20 6.7353e+38 
1.20674e+15 2.01322e+35 2.21132e+20 6.73904e+38 
1.20754e+15 2.0156e+35 2.21298e+20 6.74279e+38 
1.20833e+15 2.01799e+35 2.21465e+20 6.74655e+38 
1.20913e+15 2.02038e+35 2.21631e+20 6.7503e+38 
1.20993e+15 2.02277e+35 2.21798e+20 6.75405e+38 
1.21073e+15 2.02516e+35 2.21965e+20 6.75781e+38 
1.21153e+15 2.02755e+35 2.22131e+20 6.76157e+38 
1.21233e+15 2.02995e+35 2.22298e+20 6.76533e+38 
1.21313e+15 2.03234e+35 2.22464e+20 6.76909e+38 
1.21393e+15 2.03474e+35 2.22631e+20 6.77286e+38 
1.21473e+15 2.03714e+35 2.22797e+20 6.77662e+38 
1.21553e+15 2.03954e+35 2.22964e+20 6.78039e+38 
1.21633e+15 2.04194e+35 2.2313e+20 6.78416e+38 
1.21713e+15 2.04435e+35 2.23297e+20 6.78793e+38 
1.21794e+15 2.04675e+35 2.23463e+20 6.7917e+38 
1.21874e+15 2.04916e+35 2.2363e+20 6.79548e+38 
1.21954e+15 2.05157e+35 2.23796e+20 6.79926e+38 
1.22035e+15 2.05398e+35 2.23963e+20 6.80303e+38 
1.22115e+15 2.05639e+35 2.24129e+20 6.80681e+38 
1.22196e+15 2.05881e+35 2.24296e+20 6.8106e+38 
1.22276e+15 2.06122e+35 2.24462e+20 6.81438e+38 
1.22357e+15 2.06364e+35 2.24628e+20 6.81817e+38 
1.22438e+15 2.06606e+35 2.24795e+20 6.82195e+38 
1.22519e+15 2.06848e+35 2.24961e+20 6.82574e+38 
1.22599e+15 2.0709e+35 2.25127e+20 6.82953e+38 
1.2268e+15 2.07332e+35 2.25294e+20 6.83333e+38 
1.22761e+15 2.07575e+35 2.2546e+20 6.83712e+38 
1.22842e+15 2.07817e+35 2.25626e+20 6.84092e+38 
1.22923e+15 2.0806e+35 2.25793e+20 6.84471e+38 
1.23004e+15 2.08303e+35 2.25959e+20 6.84851e+38 
1.23086e+15 2.08546e+35 2.26125e+20 6.85232e+38 
1.23167e+15 2.08789e+35 2.26291e+20 6.85612e+38 
1.23248e+15 2.09033e+35 2.26458e+20 6.85993e+38 
1.23329e+15 2.09277e+35 2.26624e+20 6.86373e+38 
1.23411e+15 2.0952e+35 2.2679e+20 6.86754e+38 
1.23492e+15 2.09764e+35 2.26956e+20 6.87135e+38 
1.23574e+15 2.10008e+35 2.27122e+20 6.87516e+38 
1.23655e+15 2.10253e+35 2.27289e+20 6.87898e+38 
1.23737e+15 2.10497e+35 2.27455e+20 6.8828e+38 
1.23818e+15 2.10742e+35 2.27621e+20 6.88661e+38 
1.239e+15 2.10986e+35 2.27787e+20 6.89043e+38 
1.23982e+15 2.11231e+35 2.27953e+20 6.89425e+38 
1.24064e+15 2.11476e+35 2.28119e+20 6.89808e+38 
1.24146e+15 2.11721e+35 2.28285e+20 6.9019e+38 
1.24227e+15 2.11967e+35 2.28451e+20 6.90573e+38 
1.24309e+15 2.12212e+35 2.28617e+20 6.90956e+38 
1.24391e+15 2.12458e+35 2.28784e+20 6.91339e+38 
1.24473e+15 2.12704e+35 2.2895e+20 6.91722e+38 
1.24556e+15 2.1295e+35 2.29116e+20 6.92106e+38 
1.24638e+15 2.13196e+35 2.29282e+20 6.92489e+38 
1.2472e+15 2.13443e+35 2.29448e+20 6.92873e+38 
1.24802e+15 2.13689e+35 2.29614e+20 6.93257e+38 
1.24885e+15 2.13936e+35 2.2978e+20 6.93641e+38 
1.24967e+15 2.14183e+35 2.29945e+20 6.94026e+38 
1.2505e+15 2.1443e+35 2.30111e+20 6.9441e+38 
1.25132e+15 2.14677e+35 2.30277e+20 6.94795e+38 
1.25215e+15 2.14924e+35 2.30443e+20 6.9518e+38 
1.25297e+15 2.15172e+35 2.30609e+20 6.95565e+38 
1.2538e+15 2.15419e+35 2.30775e+20 6.9595e+38 
1.25463e+15 2.15667e+35 2.30941e+20 6.96336e+38 
1.25545e+15 2.15915e+35 2.31107e+20 6.96721e+38 
1.25628e+15 2.16163e+35 2.31273e+20 6.97107e+38 
1.25711e+15 2.16412e+35 2.31439e+20 6.97493e+38 
1.25794e+15 2.1666e+35 2.31604e+20 6.97879e+38 
1.25877e+15 2.16909e+35 2.3177e+20 6.98266e+38 
1.2596e+15 2.17158e+35 2.31936e+20 6.98652e+38 
1.26043e+15 2.17407e+35 2.32102e+20 6.99039e+38 
1.26126e+15 2.17656e+35 2.32267e+20 6.99426e+38 
1.2621e+15 2.17905e+35 2.32433e+20 6.99813e+38 
1.26293e+15 2.18154e+35 2.32599e+20 7.002e+38 
1.26376e+15 2.18404e+35 2.32765e+20 7.00588e+38 
1.2646e+15 2.18654e+35 2.3293e+20 7.00975e+38 
1.26543e+15 2.18904e+35 2.33096e+20 7.01363e+38 
1.26626e+15 2.19154e+35 2.33262e+20 7.01751e+38 
1.2671e+15 2.19404e+35 2.33428e+20 7.02139e+38 
1.26794e+15 2.19655e+35 2.33593e+20 7.02528e+38 
1.26877e+15 2.19905e+35 2.33759e+20 7.02916e+38 
1.26961e+15 2.20156e+35 2.33925e+20 7.03305e+38 
1.27045e+15 2.20407e+35 2.3409e+20 7.03694e+38 
1.27129e+15 2.20658e+35 2.34256e+20 7.04083e+38 
1.27212e+15 2.20909e+35 2.34421e+20 7.04472e+38 
1.27296e+15 2.21161e+35 2.34587e+20 7.04862e+38 
1.2738e+15 2.21412e+35 2.34753e+20 7.05252e+38 
1.27464e+15 2.21664e+35 2.34918e+20 7.05641e+38 
1.27548e+15 2.21916e+35 2.35084e+20 7.06031e+38 
1.27633e+15 2.22168e+35 2.35249e+20 7.06422e+38 
1.27717e+15 2.22421e+35 2.35415e+20 7.06812e+38 
1.27801e+15 2.22673e+35 2.3558e+20 7.07203e+38 
1.27885e+15 2.22926e+35 2.35746e+20 7.07594e+38 
1.2797e+15 2.23178e+35 2.35911e+20 7.07985e+38 
1.28054e+15 2.23431e+35 2.36077e+20 7.08376e+38 
1.28139e+15 2.23684e+35 2.36242e+20 7.08767e+38 
1.28223e+15 2.23938e+35 2.36408e+20 7.09159e+38 
1.28308e+15 2.24191e+35 2.36573e+20 7.0955e+38 
1.28393e+15 2.24445e+35 2.36738e+20 7.09942e+38 
1.28477e+15 2.24699e+35 2.36904e+20 7.10334e+38 
1.28562e+15 2.24953e+35 2.37069e+20 7.10727e+38 
1.28647e+15 2.25207e+35 2.37235e+20 7.11119e+38 
1.28732e+15 2.25461e+35 2.374e+20 7.11512e+38 
1.28817e+15 2.25715e+35 2.37565e+20 7.11905e+38 
1.28902e+15 2.2597e+35 2.37731e+20 7.12298e+38 
1.28987e+15 2.26225e+35 2.37896e+20 7.12691e+38 
1.29072e+15 2.2648e+35 2.38061e+20 7.13084e+38 
1.29157e+15 2.26735e+35 2.38227e+20 7.13478e+38 
1.29242e+15 2.2699e+35 2.38392e+20 7.13872e+38 
1.29327e+15 2.27246e+35 2.38557e+20 7.14266e+38 
1.29413e+15 2.27501e+35 2.38723e+20 7.1466e+38 
1.29498e+15 2.27757e+35 2.38888e+20 7.15054e+38 
1.29584e+15 2.28013e+35 2.39053e+20 7.15449e+38 
1.29669e+15 2.28269e+35 2.39218e+20 7.15843e+38 
1.29755e+15 2.28525e+35 2.39384e+20 7.16238e+38 
1.2984e+15 2.28782e+35 2.39549e+20 7.16633e+38 
1.29926e+15 2.29039e+35 2.39714e+20 7.17029e+38 
1.30012e+15 2.29295e+35 2.39879e+20 7.17424e+38 
1.30097e+15 2.29552e+35 2.40044e+20 7.1782e+38 
1.30183e+15 2.2981e+35 2.4021e+20 7.18216e+38 
1.30269e+15 2.30067e+35 2.40375e+20 7.18612e+38 
1.30355e+15 2.30324e+35 2.4054e+20 7.19008e+38 
1.30441e+15 2.30582e+35 2.40705e+20 7.19404e+38 
1.30527e+15 2.3084e+35 2.4087e+20 7.19801e+38 
1.30613e+15 2.31098e+35 2.41035e+20 7.20198e+38 
1.30699e+15 2.31356e+35 2.412e+20 7.20595e+38 
1.30786e+15 2.31614e+35 2.41365e+20 7.20992e+38 
1.30872e+15 2.31873e+35 2.4153e+20 7.21389e+38 
1.30958e+15 2.32132e+35 2.41695e+20 7.21787e+38 
1.31045e+15 2.3239e+35 2.4186e+20 7.22184e+38 
1.31131e+15 2.32649e+35 2.42025e+20 7.22582e+38 
1.31218e+15 2.32909e+35 2.4219e+20 7.2298e+38 
1.31304e+15 2.33168e+35 2.42356e+20 7.23379e+38 
1.31391e+15 2.33428e+35 2.4252e+20 7.23777e+38 
1.31478e+15 2.33687e+35 2.42685e+20 7.24176e+38 
1.31564e+15 2.33947e+35 2.4285e+20 7.24575e+38 
1.31651e+15 2.34207e+35 2.43015e+20 7.24974e+38 
1.31738e+15 2.34467e+35 2.4318e+20 7.25373e+38 
1.31825e+15 2.34728e+35 2.43345e+20 7.25773e+38 
1.31912e+15 2.34988e+35 2.4351e+20 7.26172e+38 
1.31999e+15 2.35249e+35 2.43675e+20 7.26572e+38 
1.32086e+15 2.3551e+35 2.4384e+20 7.26972e+38 
1.32173e+15 2.35771e+35 2.44005e+20 7.27372e+38 
1.3226e+15 2.36032e+35 2.4417e+20 7.27773e+38 
1.32348e+15 2.36294e+35 2.44335e+20 7.28173e+38 
1.32435e+15 2.36555e+35 2.44499e+20 7.28574e+38 
1.32522e+15 2.36817e+35 2.44664e+20 7.28975e+38 
1.3261e+15 2.37079e+35 2.44829e+20 7.29376e+38 
1.32697e+15 2.37341e+35 2.44994e+20 7.29777e+38 
1.32785e+15 2.37603e+35 2.45159e+20 7.30179e+38 
1.32872e+15 2.37866e+35 2.45323e+20 7.30581e+38 
1.3296e+15 2.38129e+35 2.45488e+20 7.30983e+38 
1.33048e+15 2.38391e+35 2.45653e+20 7.31385e+38 
1.33136e+15 2.38654e+35 2.45818e+20 7.31787e+38 
1.33223e+15 2.38917e+35 2.45982e+20 7.3219e+38 
1.33311e+15 2.39181e+35 2.46147e+20 7.32592e+38 
1.33399e+15 2.39444e+35 2.46312e+20 7.32995e+38 
1.33487e+15 2.39708e+35 2.46477e+20 7.33398e+38 
1.33575e+15 2.39972e+35 2.46641e+20 7.33801e+38 
1.33663e+15 2.40236e+35 2.46806e+20 7.34205e+38 
1.33752e+15 2.405e+35 2.46971e+20 7.34609e+38 
1.3384e+15 2.40764e+35 2.47135e+20 7.35012e+38 
1.33928e+15 2.41029e+35 2.473e+20 7.35416e+38 
1.34017e+15 2.41294e+35 2.47464e+20 7.35821e+38 
1.34105e+15 2.41559e+35 2.47629e+20 7.36225e+38 
1.34194e+15 2.41824e+35 2.47794e+20 7.3663e+38 
1.34282e+15 2.42089e+35 2.47958e+20 7.37034e+38 
1.34371e+15 2.42354e+35 2.48123e+20 7.37439e+38 
1.34459e+15 2.4262e+35 2.48287e+20 7.37845e+38 
1.34548e+15 2.42886e+35 2.48452e+20 7.3825e+38 
1.34637e+15 2.43152e+35 2.48616e+20 7.38656e+38 
1.34726e+15 2.43418e+35 2.48781e+20 7.39061e+38 
1.34814e+15 2.43684e+35 2.48946e+20 7.39467e+38 
1.34903e+15 2.43951e+35 2.4911e+20 7.39873e+38 
1.34992e+15 2.44217e+35 2.49275e+20 7.4028e+38 
1.35082e+15 2.44484e+35 2.49439e+20 7.40686e+38 
1.35171e+15 2.44751e+35 2.49603e+20 7.41093e+38 
1.3526e+15 2.45018e+35 2.49768e+20 7.415e+38 
1.35349e+15 2.45286e+35 2.49932e+20 7.41907e+38 
1.35438e+15 2.45553e+35 2.50097e+20 7.42314e+38 
1.35528e+15 2.45821e+35 2.50261e+20 7.42722e+38 
1.35617e+15 2.46089e+35 2.50426e+20 7.4313e+38 
1.35707e+15 2.46357e+35 2.5059e+20 7.43538e+38 
1.35796e+15 2.46625e+35 2.50754e+20 7.43946e+38 
1.35886e+15 2.46893e+35 2.50919e+20 7.44354e+38 
1.35975e+15 2.47162e+35 2.51083e+20 7.44762e+38 
1.36065e+15 2.47431e+35 2.51247e+20 7.45171e+38 
1.36155e+15 2.477e+35 2.51412e+20 7.4558e+38 
1.36245e+15 2.47969e+35 2.51576e+20 7.45989e+38 
1.36335e+15 2.48238e+35 2.5174e+20 7.46398e+38 
1.36425e+15 2.48508e+35 2.51905e+20 7.46808e+38 
1.36515e+15 2.48777e+35 2.52069e+20 7.47217e+38 
1.36605e+15 2.49047e+35 2.52233e+20 7.47627e+38 
1.36695e+15 2.49317e+35 2.52398e+20 7.48037e+38 
1.36785e+15 2.49587e+35 2.52562e+20 7.48448e+38 
1.36875e+15 2.49858e+35 2.52726e+20 7.48858e+38 
1.36966e+15 2.50128e+35 2.5289e+20 7.49269e+38 
1.37056e+15 2.50399e+35 2.53055e+20 7.4968e+38 
1.37146e+15 2.5067e+35 2.53219e+20 7.50091e+38 
1.37237e+15 2.50941e+35 2.53383e+20 7.50502e+38 
1.37327e+15 2.51212e+35 2.53547e+20 7.50913e+38 
1.37418e+15 2.51484e+35 2.53711e+20 7.51325e+38 
1.37509e+15 2.51755e+35 2.53875e+20 7.51737e+38 
1.37599e+15 2.52027e+35 2.5404e+20 7.52149e+38 
1.3769e+15 2.52299e+35 2.54204e+20 7.52561e+38 
1.37781e+15 2.52571e+35 2.54368e+20 7.52973e+38 
1.37872e+15 2.52844e+35 2.54532e+20 7.53386e+38 
1.37963e+15 2.53116e+35 2.54696e+20 7.53799e+38 
1.38054e+15 2.53389e+35 2.5486e+20 7.54212e+38 
1.38145e+15 2.53662e+35 2.55024e+20 7.54625e+38 
1.38236e+15 2.53935e+35 2.55188e+20 7.55038e+38 
1.38327e+15 2.54208e+35 2.55352e+20 7.55452e+38 
1.38419e+15 2.54481e+35 2.55516e+20 7.55866e+38 
1.3851e+15 2.54755e+35 2.5568e+20 7.56279e+38 
1.38601e+15 2.55029e+35 2.55844e+20 7.56694e+38 
1.38693e+15 2.55303e+35 2.56008e+20 7.57108e+38 
1.38784e+15 2.55577e+35 2.56172e+20 7.57523e+38 
1.38876e+15 2.55851e+35 2.56336e+20 7.57937e+38 
1.38967e+15 2.56126e+35 2.565e+20 7.58352e+38 
1.39059e+15 2.564e+35 2.56664e+20 7.58767e+38 
1.39151e+15 2.56675e+35 2.56828e+20 7.59183e+38 
1.39243e+15 2.5695e+35 2.56992e+20 7.59598e+38 
1.39335e+15 2.57225e+35 2.57156e+20 7.60014e+38 
1.39426e+15 2.57501e+35 2.5732e+20 7.6043e+38 
1.39518e+15 2.57776e+35 2.57484e+20 7.60846e+38 
1.39611e+15 2.58052e+35 2.57648e+20 7.61263e+38 
1.39703e+15 2.58328e+35 2.57812e+20 7.61679e+38 
1.39795e+15 2.58604e+35 2.57976e+20 7.62096e+38 
1.39887e+15 2.58881e+35 2.5814e+20 7.62513e+38 
1.39979e+15 2.59157e+35 2.58303e+20 7.6293e+38 
1.40072e+15 2.59434e+35 2.58467e+20 7.63347e+38 
1.40164e+15 2.59711e+35 2.58631e+20 7.63765e+38 
1.40257e+15 2.59988e+35 2.58795e+20 7.64183e+38 
1.40349e+15 2.60265e+35 2.58959e+20 7.64601e+38 
1.40442e+15 2.60542e+35 2.59123e+20 7.65019e+38 
1.40534e+15 2.6082e+35 2.59286e+20 7.65437e+38 
1.40627e+15 2.61098e+35 2.5945e+20 7.65856e+38 
1.4072e+15 2.61376e+35 2.59614e+20 7.66274e+38 
1.40813e+15 2.61654e+35 2.59778e+20 7.66693e+38 
1.40906e+15 2.61932e+35 2.59941e+20 7.67112e+38 
1.40999e+15 2.62211e+35 2.60105e+20 7.67532e+38 
1.41092e+15 2.62489e+35 2.60269e+20 7.67951e+38 
1.41185e+15 2.62768e+35 2.60432e+20 7.68371e+38 
1.41278e+15 2.63047e+35 2.60596e+20 7.68791e+38 
1.41371e+15 2.63327e+35 2.6076e+20 7.69211e+38 
1.41464e+15 2.63606e+35 2.60923e+20 7.69632e+38 
1.41558e+15 2.63886e+35 2.61087e+20 7.70052e+38 
1.41651e+15 2.64165e+35 2.61251e+20 7.70473e+38 
1.41745e+15 2.64445e+35 2.61414e+20 7.70894e+38 
1.41838e+15 2.64726e+35 2.61578e+20 7.71315e+38 
1.41932e+15 2.65006e+35 2.61742e+20 7.71736e+38 
1.42025e+15 2.65287e+35 2.61905e+20 7.72158e+38 
1.42119e+15 2.65567e+35 2.62069e+20 7.7258e+38 
1.42213e+15 2.65848e+35 2.62232e+20 7.73002e+38 
1.42307e+15 2.66129e+35 2.62396e+20 7.73424e+38 
1.424e+15 2.66411e+35 2.6256e+20 7.73846e+38 
1.42494e+15 2.66692e+35 2.62723e+20 7.74269e+38 
1.42588e+15 2.66974e+35 2.62887e+20 7.74691e+38 
1.42683e+15 2.67256e+35 2.6305e+20 7.75114e+38 
1.42777e+15 2.67538e+35 2.63214e+20 7.75538e+38 
1.42871e+15 2.6782e+35 2.63377e+20 7.75961e+38 
1.42965e+15 2.68102e+35 2.63541e+20 7.76384e+38 
1.43059e+15 2.68385e+35 2.63704e+20 7.76808e+38 
1.43154e+15 2.68667e+35 2.63868e+20 7.77232e+38 
1.43248e+15 2.6895e+35 2.64031e+20 7.77656e+38 
1.43343e+15 2.69234e+35 2.64194e+20 7.78081e+38 
1.43437e+15 2.69517e+35 2.64358e+20 7.78505e+38 
1.43532e+15 2.698e+35 2.64521e+20 7.7893e+38 
1.43627e+15 2.70084e+35 2.64685e+20 7.79355e+38 
1.43721e+15 2.70368e+35 2.64848e+20 7.7978e+38 
1.43816e+15 2.70652e+35 2.65012e+20 7.80206e+38 
1.43911e+15 2.70936e+35 2.65175e+20 7.80631e+38 
1.44006e+15 2.71221e+35 2.65338e+20 7.81057e+38 
1.44101e+15 2.71505e+35 2.65502e+20 7.81483e+38 
1.44196e+15 2.7179e+35 2.65665e+20 7.81909e+38 
1.44291e+15 2.72075e+35 2.65828e+20 7.82336e+38 
1.44387e+15 2.72361e+35 2.65992e+20 7.82762e+38 
1.44482e+15 2.72646e+35 2.66155e+20 7.83189e+38 
1.44577e+15 2.72932e+35 2.66318e+20 7.83616e+38 
1.44673e+15 2.73217e+35 2.66482e+20 7.84043e+38 
1.44768e+15 2.73503e+35 2.66645e+20 7.84471e+38 
1.44863e+15 2.73789e+35 2.66808e+20 7.84899e+38 
1.44959e+15 2.74076e+35 2.66971e+20 7.85326e+38 
1.45055e+15 2.74362e+35 2.67135e+20 7.85754e+38 
1.4515e+15 2.74649e+35 2.67298e+20 7.86183e+38 
1.45246e+15 2.74936e+35 2.67461e+20 7.86611e+38 
1.45342e+15 2.75223e+35 2.67624e+20 7.8704e+38 
1.45438e+15 2.7551e+35 2.67787e+20 7.87469e+38 
1.45534e+15 2.75798e+35 2.67951e+20 7.87898e+38 
1.4563e+15 2.76085e+35 2.68114e+20 7.88327e+38 
1.45726e+15 2.76373e+35 2.68277e+20 7.88756e+38 
1.45822e+15 2.76661e+35 2.6844e+20 7.89186e+38 
1.45918e+15 2.7695e+35 2.68603e+20 7.89616e+38 
1.46015e+15 2.77238e+35 2.68766e+20 7.90046e+38 
1.46111e+15 2.77527e+35 2.6893e+20 7.90476e+38 
1.46207e+15 2.77815e+35 2.69093e+20 7.90907e+38 
1.46304e+15 2.78104e+35 2.69256e+20 7.91338e+38 
1.464e+15 2.78394e+35 2.69419e+20 7.91769e+38 
1.46497e+15 2.78683e+35 2.69582e+20 7.922e+38 
1.46594e+15 2.78972e+35 2.69745e+20 7.92631e+38 
1.4669e+15 2.79262e+35 2.69908e+20 7.93063e+38 
1.46787e+15 2.79552e+35 2.70071e+20 7.93494e+38 
1.46884e+15 2.79842e+35 2.70234e+20 7.93926e+38 
1.46981e+15 2.80133e+35 2.70397e+20 7.94358e+38 
1.47078e+15 2.80423e+35 2.7056e+20 7.94791e+38 
1.47175e+15 2.80714e+35 2.70723e+20 7.95223e+38 
1.47272e+15 2.81005e+35 2.70886e+20 7.95656e+38 
1.47369e+15 2.81296e+35 2.71049e+20 7.96089e+38 
1.47466e+15 2.81587e+35 2.71212e+20 7.96522e+38 
1.47564e+15 2.81879e+35 2.71375e+20 7.96956e+38 
1.47661e+15 2.8217e+35 2.71538e+20 7.97389e+38 
1.47758e+15 2.82462e+35 2.71701e+20 7.97823e+38 
1.47856e+15 2.82754e+35 2.71864e+20 7.98257e+38 
1.47953e+15 2.83047e+35 2.72027e+20 7.98691e+38 
1.48051e+15 2.83339e+35 2.7219e+20 7.99126e+38 
1.48149e+15 2.83632e+35 2.72353e+20 7.9956e+38 
1.48247e+15 2.83924e+35 2.72516e+20 7.99995e+38 
1.48344e+15 2.84217e+35 2.72679e+20 8.0043e+38 
1.48442e+15 2.84511e+35 2.72841e+20 8.00866e+38 
1.4854e+15 2.84804e+35 2.73004e+20 8.01301e+38 
1.48638e+15 2.85098e+35 2.73167e+20 8.01737e+38 
1.48736e+15 2.85391e+35 2.7333e+20 8.02173e+38 
1.48834e+15 2.85685e+35 2.73493e+20 8.02609e+38 
1.48933e+15 2.8598e+35 2.73656e+20 8.03045e+38 
1.49031e+15 2.86274e+35 2.73818e+20 8.03482e+38 
1.49129e+15 2.86569e+35 2.73981e+20 8.03918e+38 
1.49228e+15 2.86863e+35 2.74144e+20 8.04355e+38 
1.49326e+15 2.87158e+35 2.74307e+20 8.04792e+38 
1.49425e+15 2.87453e+35 2.74469e+20 8.0523e+38 
1.49523e+15 2.87749e+35 2.74632e+20 8.05667e+38 
1.49622e+15 2.88044e+35 2.74795e+20 8.06105e+38 
1.4972e+15 2.8834e+35 2.74958e+20 8.06543e+38 
1.49819e+15 2.88636e+35 2.7512e+20 8.06981e+38 
1.49918e+15 2.88932e+35 2.75283e+20 8.0742e+38 
1.50017e+15 2.89229e+35 2.75446e+20 8.07858e+38 
1.50116e+15 2.89525e+35 2.75609e+20 8.08297e+38 
1.50215e+15 2.89822e+35 2.75771e+20 8.08736e+38 
1.50314e+15 2.90119e+35 2.75934e+20 8.09175e+38 
1.50413e+15 2.90416e+35 2.76097e+20 8.09615e+38 
1.50513e+15 2.90713e+35 2.76259e+20 8.10055e+38 
1.50612e+15 2.91011e+35 2.76422e+20 8.10494e+38 
1.50711e+15 2.91308e+35 2.76584e+20 8.10935e+38 
1.50811e+15 2.91606e+35 2.76747e+20 8.11375e+38 
1.5091e+15 2.91904e+35 2.7691e+20 8.11815e+38 
1.5101e+15 2.92203e+35 2.77072e+20 8.12256e+38 
1.51109e+15 2.92501e+35 2.77235e+20 8.12697e+38 
1.51209e+15 2.928e+35 2.77397e+20 8.13138e+38 
1.51309e+15 2.93099e+35 2.7756e+20 8.1358e+38 
1.51409e+15 2.93398e+35 2.77723e+20 8.14021e+38 
1.51509e+15 2.93697e+35 2.77885e+20 8.14463e+38 
1.51609e+15 2.93996e+35 2.78048e+20 8.14905e+38 
1.51709e+15 2.94296e+35 2.7821e+20 8.15347e+38 
1.51809e+15 2.94596e+35 2.78373e+20 8.15789e+38 
1.51909e+15 2.94896e+35 2.78535e+20 8.16232e+38 
1.52009e+15 2.95196e+35 2.78698e+20 8.16675e+38 
1.52109e+15 2.95497e+35 2.7886e+20 8.17118e+38 
1.5221e+15 2.95797e+35 2.79023e+20 8.17561e+38 
1.5231e+15 2.96098e+35 2.79185e+20 8.18005e+38 
1.52411e+15 2.96399e+35 2.79347e+20 8.18448e+38 
1.52511e+15 2.96701e+35 2.7951e+20 8.18892e+38 
1.52612e+15 2.97002e+35 2.79672e+20 8.19336e+38 
1.52712e+15 2.97304e+35 2.79835e+20 8.19781e+38 
1.52813e+15 2.97606e+35 2.79997e+20 8.20225e+38 
1.52914e+15 2.97908e+35 2.8016e+20 8.2067e+38 
1.53015e+15 2.9821e+35 2.80322e+20 8.21115e+38 
1.53116e+15 2.98512e+35 2.80484e+20 8.2156e+38 
1.53217e+15 2.98815e+35 2.80647e+20 8.22005e+38 
1.53318e+15 2.99118e+35 2.80809e+20 8.22451e+38 
1.53419e+15 2.99421e+35 2.80971e+20 8.22897e+38 
1.5352e+15 2.99724e+35 2.81134e+20 8.23343e+38 
1.53622e+15 3.00028e+35 2.81296e+20 8.23789e+38 
1.53723e+15 3.00331e+35 2.81458e+20 8.24236e+38 
1.53824e+15 3.00635e+35 2.81621e+20 8.24682e+38 
1.53926e+15 3.00939e+35 2.81783e+20 8.25129e+38 
1.54027e+15 3.01243e+35 2.81945e+20 8.25576e+38 
1.54129e+15 3.01548e+35 2.82108e+20 8.26024e+38 
1.54231e+15 3.01852e+35 2.8227e+20 8.26471e+38 
1.54333e+15 3.02157e+35 2.82432e+20 8.26919e+38 
1.54434e+15 3.02462e+35 2.82594e+20 8.27367e+38 
1.54536e+15 3.02768e+35 2.82757e+20 8.27815e+38 
1.54638e+15 3.03073e+35 2.82919e+20 8.28263e+38 
1.5474e+15 3.03379e+35 2.83081e+20 8.28712e+38 
1.54842e+15 3.03685e+35 2.83243e+20 8.29161e+38 
1.54945e+15 3.03991e+35 2.83405e+20 8.2961e+38 
1.55047e+15 3.04297e+35 2.83568e+20 8.30059e+38 
1.55149e+15 3.04603e+35 2.8373e+20 8.30508e+38 
1.55251e+15 3.0491e+35 2.83892e+20 8.30958e+38 
1.55354e+15 3.05217e+35 2.84054e+20 8.31408e+38 
1.55456e+15 3.05524e+35 2.84216e+20 8.31858e+38 
1.55559e+15 3.05831e+35 2.84378e+20 8.32308e+38 
1.55662e+15 3.06139e+35 2.8454e+20 8.32759e+38 
1.55764e+15 3.06446e+35 2.84703e+20 8.3321e+38 
1.55867e+15 3.06754e+35 2.84865e+20 8.33661e+38 
1.5597e+15 3.07062e+35 2.85027e+20 8.34112e+38 
1.56073e+15 3.07371e+35 2.85189e+20 8.34563e+38 
1.56176e+15 3.07679e+35 2.85351e+20 8.35015e+38 
1.56279e+15 3.07988e+35 2.85513e+20 8.35467e+38 
1.56382e+15 3.08297e+35 2.85675e+20 8.35919e+38 
1.56485e+15 3.08606e+35 2.85837e+20 8.36371e+38 
1.56588e+15 3.08915e+35 2.85999e+20 8.36824e+38 
1.56692e+15 3.09225e+35 2.86161e+20 8.37276e+38 
1.56795e+15 3.09534e+35 2.86323e+20 8.37729e+38 
1.56898e+15 3.09844e+35 2.86485e+20 8.38182e+38 
1.57002e+15 3.10154e+35 2.86647e+20 8.38636e+38 
1.57106e+15 3.10465e+35 2.86809e+20 8.39089e+38 
1.57209e+15 3.10775e+35 2.86971e+20 8.39543e+38 
1.57313e+15 3.11086e+35 2.87133e+20 8.39997e+38 
1.57417e+15 3.11397e+35 2.87295e+20 8.40451e+38 
1.57521e+15 3.11708e+35 2.87457e+20 8.40906e+38 
1.57625e+15 3.1202e+35 2.87619e+20 8.4136e+38 
1.57729e+15 3.12331e+35 2.87781e+20 8.41815e+38 
1.57833e+15 3.12643e+35 2.87943e+20 8.4227e+38 
1.57937e+15 3.12955e+35 2.88105e+20 8.42726e+38 
1.58041e+15 3.13267e+35 2.88267e+20 8.43181e+38 
1.58145e+15 3.13579e+35 2.88428e+20 8.43637e+38 
1.5825e+15 3.13892e+35 2.8859e+20 8.44093e+38 
1.58354e+15 3.14205e+35 2.88752e+20 8.44549e+38 
1.58458e+15 3.14518e+35 2.88914e+20 8.45005e+38 
1.58563e+15 3.14831e+35 2.89076e+20 8.45462e+38 
1.58668e+15 3.15144e+35 2.89238e+20 8.45919e+38 
1.58772e+15 3.15458e+35 2.894e+20 8.46376e+38 
1.58877e+15 3.15772e+35 2.89561e+20 8.46833e+38 
1.58982e+15 3.16086e+35 2.89723e+20 8.47291e+38 
1.59087e+15 3.164e+35 2.89885e+20 8.47748e+38 
1.59192e+15 3.16715e+35 2.90047e+20 8.48206e+38 
1.59297e+15 3.17029e+35 2.90209e+20 8.48665e+38 
1.59402e+15 3.17344e+35 2.9037e+20 8.49123e+38 
1.59507e+15 3.17659e+35 2.90532e+20 8.49582e+38 
1.59612e+15 3.17974e+35 2.90694e+20 8.5004e+38 
1.59718e+15 3.1829e+35 2.90856e+20 8.50499e+38 
1.59823e+15 3.18606e+35 2.91017e+20 8.50959e+38 
1.59928e+15 3.18922e+35 2.91179e+20 8.51418e+38 
1.60034e+15 3.19238e+35 2.91341e+20 8.51878e+38 
1.60139e+15 3.19554e+35 2.91502e+20 8.52338e+38 
1.60245e+15 3.19871e+35 2.91664e+20 8.52798e+38 
1.60351e+15 3.20187e+35 2.91826e+20 8.53258e+38 
1.60457e+15 3.20504e+35 2.91987e+20 8.53719e+38 
1.60563e+15 3.20821e+35 2.92149e+20 8.5418e+38 
1.60668e+15 3.21139e+35 2.92311e+20 8.54641e+38 
1.60774e+15 3.21456e+35 2.92472e+20 8.55102e+38 
1.60881e+15 3.21774e+35 2.92634e+20 8.55563e+38 
1.60987e+15 3.22092e+35 2.92796e+20 8.56025e+38 
1.61093e+15 3.2241e+35 2.92957e+20 8.56487e+38 
1.61199e+15 3.22729e+35 2.93119e+20 8.56949e+38 
1.61306e+15 3.23047e+35 2.9328e+20 8.57411e+38 
1.61412e+15 3.23366e+35 2.93442e+20 8.57874e+38 
1.61518e+15 3.23685e+35 2.93604e+20 8.58337e+38 
1.61625e+15 3.24004e+35 2.93765e+20 8.588e+38 
1.61732e+15 3.24324e+35 2.93927e+20 8.59263e+38 
1.61838e+15 3.24644e+35 2.94088e+20 8.59727e+38 
1.61945e+15 3.24964e+35 2.9425e+20 8.6019e+38 
1.62052e+15 3.25284e+35 2.94411e+20 8.60654e+38 
1.62159e+15 3.25604e+35 2.94573e+20 8.61118e+38 
1.62266e+15 3.25924e+35 2.94734e+20 8.61583e+38 
1.62373e+15 3.26245e+35 2.94896e+20 8.62047e+38 
1.6248e+15 3.26566e+35 2.95057e+20 8.62512e+38 
1.62587e+15 3.26887e+35 2.95219e+20 8.62977e+38 
1.62695e+15 3.27209e+35 2.9538e+20 8.63442e+38 
1.62802e+15 3.2753e+35 2.95542e+20 8.63908e+38 
1.62909e+15 3.27852e+35 2.95703e+20 8.64373e+38 
1.63017e+15 3.28174e+35 2.95865e+20 8.64839e+38 
1.63124e+15 3.28496e+35 2.96026e+20 8.65306e+38 
1.63232e+15 3.28819e+35 2.96188e+20 8.65772e+38 
1.6334e+15 3.29141e+35 2.96349e+20 8.66238e+38 
1.63447e+15 3.29464e+35 2.9651e+20 8.66705e+38 
1.63555e+15 3.29787e+35 2.96672e+20 8.67172e+38 
1.63663e+15 3.30111e+35 2.96833e+20 8.6764e+38 
1.63771e+15 3.30434e+35 2.96994e+20 8.68107e+38 
1.63879e+15 3.30758e+35 2.97156e+20 8.68575e+38 
1.63987e+15 3.31082e+35 2.97317e+20 8.69043e+38 
1.64096e+15 3.31406e+35 2.97479e+20 8.69511e+38 
1.64204e+15 3.3173e+35 2.9764e+20 8.69979e+38 
1.64312e+15 3.32055e+35 2.97801e+20 8.70448e+38 
1.64421e+15 3.32379e+35 2.97963e+20 8.70917e+38 
1.64529e+15 3.32704e+35 2.98124e+20 8.71386e+38 
1.64638e+15 3.3303e+35 2.98285e+20 8.71855e+38 
1.64746e+15 3.33355e+35 2.98446e+20 8.72325e+38 
1.64855e+15 3.33681e+35 2.98608e+20 8.72794e+38 
1.64964e+15 3.34007e+35 2.98769e+20 8.73264e+38 
1.65073e+15 3.34333e+35 2.9893e+20 8.73734e+38 
1.65181e+15 3.34659e+35 2.99091e+20 8.74205e+38 
1.6529e+15 3.34985e+35 2.99253e+20 8.74675e+38 
1.65399e+15 3.35312e+35 2.99414e+20 8.75146e+38 
1.65509e+15 3.35639e+35 2.99575e+20 8.75617e+38 
1.65618e+15 3.35966e+35 2.99736e+20 8.76089e+38 
1.65727e+15 3.36294e+35 2.99898e+20 8.7656e+38 
1.65836e+15 3.36621e+35 3.00059e+20 8.77032e+38 
1.65946e+15 3.36949e+35 3.0022e+20 8.77504e+38 
1.66055e+15 3.37277e+35 3.00381e+20 8.77976e+38 
1.66165e+15 3.37605e+35 3.00542e+20 8.78449e+38 
1.66275e+15 3.37934e+35 3.00703e+20 8.78921e+38 
1.66384e+15 3.38262e+35 3.00865e+20 8.79394e+38 
1.66494e+15 3.38591e+35 3.01026e+20 8.79867e+38 
1.66604e+15 3.3892e+35 3.01187e+20 8.80341e+38 
1.66714e+15 3.3925e+35 3.01348e+20 8.80814e+38 
1.66824e+15 3.39579e+35 3.01509e+20 8.81288e+38 
1.66934e+15 3.39909e+35 3.0167e+20 8.81762e+38 
1.67044e+15 3.40239e+35 3.01831e+20 8.82236e+38 
1.67154e+15 3.40569e+35 3.01992e+20 8.82711e+38 
1.67264e+15 3.40899e+35 3.02153e+20 8.83186e+38 
1.67375e+15 3.4123e+35 3.02315e+20 8.83661e+38 
1.67485e+15 3.41561e+35 3.02476e+20 8.84136e+38 
1.67596e+15 3.41892e+35 3.02637e+20 8.84611e+38 
1.67706e+15 3.42223e+35 3.02798e+20 8.85087e+38 
1.67817e+15 3.42555e+35 3.02959e+20 8.85563e+38 
1.67928e+15 3.42886e+35 3.0312e+20 8.86039e+38 
1.68039e+15 3.43218e+35 3.03281e+20 8.86515e+38 
1.68149e+15 3.4355e+35 3.03442e+20 8.86992e+38 
1.6826e+15 3.43883e+35 3.03603e+20 8.87468e+38 
1.68371e+15 3.44215e+35 3.03764e+20 8.87945e+38 
1.68482e+15 3.44548e+35 3.03925e+20 8.88423e+38 
1.68594e+15 3.44881e+35 3.04086e+20 8.889e+38 
1.68705e+15 3.45214e+35 3.04247e+20 8.89378e+38 
1.68816e+15 3.45548e+35 3.04408e+20 8.89856e+38 
1.68928e+15 3.45882e+35 3.04568e+20 8.90334e+38 
1.69039e+15 3.46215e+35 3.04729e+20 8.90812e+38 
1.6915e+15 3.4655e+35 3.0489e+20 8.91291e+38 
1.69262e+15 3.46884e+35 3.05051e+20 8.9177e+38 
1.69374e+15 3.47219e+35 3.05212e+20 8.92249e+38 
1.69486e+15 3.47553e+35 3.05373e+20 8.92728e+38 
1.69597e+15 3.47888e+35 3.05534e+20 8.93208e+38 
1.69709e+15 3.48224e+35 3.05695e+20 8.93688e+38 
1.69821e+15 3.48559e+35 3.05856e+20 8.94168e+38 
1.69933e+15 3.48895e+35 3.06016e+20 8.94648e+38 
1.70045e+15 3.49231e+35 3.06177e+20 8.95128e+38 
1.70158e+15 3.49567e+35 3.06338e+20 8.95609e+38 
1.7027e+15 3.49903e+35 3.06499e+20 8.9609e+38 
1.70382e+15 3.5024e+35 3.0666e+20 8.96571e+38 
1.70495e+15 3.50576e+35 3.06821e+20 8.97052e+38 
1.70607e+15 3.50913e+35 3.06981e+20 8.97534e+38 
1.7072e+15 3.51251e+35 3.07142e+20 8.98016e+38 
1.70832e+15 3.51588e+35 3.07303e+20 8.98498e+38 
1.70945e+15 3.51926e+35 3.07464e+20 8.9898e+38 
1.71058e+15 3.52264e+35 3.07625e+20 8.99463e+38 
1.71171e+15 3.52602e+35 3.07785e+20 8.99946e+38 
1.71284e+15 3.5294e+35 3.07946e+20 9.00429e+38 
1.71397e+15 3.53279e+35 3.08107e+20 9.00912e+38 
1.7151e+15 3.53617e+35 3.08267e+20 9.01395e+38 
1.71623e+15 3.53956e+35 3.08428e+20 9.01879e+38 
1.71736e+15 3.54296e+35 3.08589e+20 9.02363e+38 
1.71849e+15 3.54635e+35 3.0875e+20 9.02847e+38 
1.71963e+15 3.54975e+35 3.0891e+20 9.03331e+38 
1.72076e+15 3.55315e+35 3.09071e+20 9.03816e+38 
1.7219e+15 3.55655e+35 3.09232e+20 9.04301e+38 
1.72303e+15 3.55995e+35 3.09392e+20 9.04786e+38 
1.72417e+15 3.56336e+35 3.09553e+20 9.05271e+38 
1.72531e+15 3.56676e+35 3.09714e+20 9.05757e+38 
1.72645e+15 3.57017e+35 3.09874e+20 9.06243e+38 
1.72759e+15 3.57359e+35 3.10035e+20 9.06729e+38 
1.72872e+15 3.577e+35 3.10196e+20 9.07215e+38 
1.72987e+15 3.58042e+35 3.10356e+20 9.07702e+38 
1.73101e+15 3.58384e+35 3.10517e+20 9.08188e+38 
1.73215e+15 3.58726e+35 3.10677e+20 9.08675e+38 
1.73329e+15 3.59068e+35 3.10838e+20 9.09162e+38 
1.73444e+15 3.59411e+35 3.10999e+20 9.0965e+38 
1.73558e+15 3.59754e+35 3.11159e+20 9.10138e+38 
1.73672e+15 3.60097e+35 3.1132e+20 9.10626e+38 
1.73787e+15 3.6044e+35 3.1148e+20 9.11114e+38 
1.73902e+15 3.60784e+35 3.11641e+20 9.11602e+38 
1.74016e+15 3.61127e+35 3.11801e+20 9.12091e+38 
1.74131e+15 3.61471e+35 3.11962e+20 9.12579e+38 
1.74246e+15 3.61815e+35 3.12122e+20 9.13069e+38 
1.74361e+15 3.6216e+35 3.12283e+20 9.13558e+38 
1.74476e+15 3.62505e+35 3.12443e+20 9.14047e+38 
1.74591e+15 3.62849e+35 3.12604e+20 9.14537e+38 
1.74706e+15 3.63195e+35 3.12764e+20 9.15027e+38 
1.74822e+15 3.6354e+35 3.12925e+20 9.15518e+38 
1.74937e+15 3.63885e+35 3.13085e+20 9.16008e+38 
1.75053e+15 3.64231e+35 3.13246e+20 9.16499e+38 
1.75168e+15 3.64577e+35 3.13406e+20 9.1699e+38 
1.75284e+15 3.64923e+35 3.13567e+20 9.17481e+38 
1.75399e+15 3.6527e+35 3.13727e+20 9.17972e+38 
1.75515e+15 3.65617e+35 3.13887e+20 9.18464e+38 
1.75631e+15 3.65963e+35 3.14048e+20 9.18956e+38 
1.75747e+15 3.66311e+35 3.14208e+20 9.19448e+38 
1.75863e+15 3.66658e+35 3.14369e+20 9.19941e+38 
1.75979e+15 3.67006e+35 3.14529e+20 9.20433e+38 
1.76095e+15 3.67353e+35 3.14689e+20 9.20926e+38 
1.76211e+15 3.67702e+35 3.1485e+20 9.21419e+38 
1.76327e+15 3.6805e+35 3.1501e+20 9.21912e+38 
1.76444e+15 3.68398e+35 3.1517e+20 9.22406e+38 
1.7656e+15 3.68747e+35 3.15331e+20 9.229e+38 
1.76676e+15 3.69096e+35 3.15491e+20 9.23394e+38 
1.76793e+15 3.69445e+35 3.15651e+20 9.23888e+38 
1.7691e+15 3.69795e+35 3.15812e+20 9.24383e+38 
1.77026e+15 3.70144e+35 3.15972e+20 9.24877e+38 
1.77143e+15 3.70494e+35 3.16132e+20 9.25372e+38 
1.7726e+15 3.70845e+35 3.16293e+20 9.25868e+38 
1.77377e+15 3.71195e+35 3.16453e+20 9.26363e+38 
1.77494e+15 3.71545e+35 3.16613e+20 9.26859e+38 
1.77611e+15 3.71896e+35 3.16773e+20 9.27355e+38 
1.77728e+15 3.72247e+35 3.16934e+20 9.27851e+38 
1.77846e+15 3.72599e+35 3.17094e+20 9.28347e+38 
1.77963e+15 3.7295e+35 3.17254e+20 9.28844e+38 
1.7808e+15 3.73302e+35 3.17414e+20 9.29341e+38 
1.78198e+15 3.73654e+35 3.17575e+20 9.29838e+38 
1.78315e+15 3.74006e+35 3.17735e+20 9.30336e+38 
1.78433e+15 3.74359e+35 3.17895e+20 9.30833e+38 
1.78551e+15 3.74711e+35 3.18055e+20 9.31331e+38 
1.78669e+15 3.75064e+35 3.18215e+20 9.31829e+38 
1.78786e+15 3.75417e+35 3.18376e+20 9.32328e+38 
1.78904e+15 3.75771e+35 3.18536e+20 9.32826e+38 
1.79022e+15 3.76124e+35 3.18696e+20 9.33325e+38 
1.79141e+15 3.76478e+35 3.18856e+20 9.33824e+38 
1.79259e+15 3.76832e+35 3.19016e+20 9.34323e+38 
1.79377e+15 3.77187e+35 3.19176e+20 9.34823e+38 
1.79495e+15 3.77541e+35 3.19336e+20 9.35323e+38 
1.79614e+15 3.77896e+35 3.19497e+20 9.35823e+38 
1.79732e+15 3.78251e+35 3.19657e+20 9.36323e+38 
1.79851e+15 3.78606e+35 3.19817e+20 9.36823e+38 
1.7997e+15 3.78962e+35 3.19977e+20 9.37324e+38 
1.80088e+15 3.79318e+35 3.20137e+20 9.37825e+38 
1.80207e+15 3.79674e+35 3.20297e+20 9.38326e+38 
1.80326e+15 3.8003e+35 3.20457e+20 9.38828e+38 
1.80445e+15 3.80386e+35 3.20617e+20 9.3933e+38 
1.80564e+15 3.80743e+35 3.20777e+20 9.39832e+38 
1.80683e+15 3.811e+35 3.20937e+20 9.40334e+38 
1.80802e+15 3.81457e+35 3.21097e+20 9.40836e+38 
1.80922e+15 3.81814e+35 3.21257e+20 9.41339e+38 
1.81041e+15 3.82172e+35 3.21417e+20 9.41842e+38 
1.8116e+15 3.8253e+35 3.21577e+20 9.42345e+38 
1.8128e+15 3.82888e+35 3.21737e+20 9.42848e+38 
1.814e+15 3.83246e+35 3.21897e+20 9.43352e+38 
1.81519e+15 3.83605e+35 3.22057e+20 9.43856e+38 
1.81639e+15 3.83963e+35 3.22217e+20 9.4436e+38 
1.81759e+15 3.84322e+35 3.22377e+20 9.44865e+38 
1.81879e+15 3.84682e+35 3.22537e+20 9.45369e+38 
1.81999e+15 3.85041e+35 3.22697e+20 9.45874e+38 
1.82119e+15 3.85401e+35 3.22857e+20 9.46379e+38 
1.82239e+15 3.85761e+35 3.23017e+20 9.46884e+38 
1.82359e+15 3.86121e+35 3.23177e+20 9.4739e+38 
1.8248e+15 3.86482e+35 3.23337e+20 9.47896e+38 
1.826e+15 3.86842e+35 3.23497e+20 9.48402e+38 
1.8272e+15 3.87203e+35 3.23657e+20 9.48908e+38 
1.82841e+15 3.87564e+35 3.23817e+20 9.49415e+38 
1.82962e+15 3.87926e+35 3.23976e+20 9.49922e+38 
1.83082e+15 3.88287e+35 3.24136e+20 9.50429e+38 
1.83203e+15 3.88649e+35 3.24296e+20 9.50936e+38 
1.83324e+15 3.89011e+35 3.24456e+20 9.51444e+38 
1.83445e+15 3.89374e+35 3.24616e+20 9.51951e+38 
1.83566e+15 3.89736e+35 3.24776e+20 9.52459e+38 
1.83687e+15 3.90099e+35 3.24936e+20 9.52968e+38 
1.83808e+15 3.90462e+35 3.25095e+20 9.53476e+38 
1.8393e+15 3.90826e+35 3.25255e+20 9.53985e+38 
1.84051e+15 3.91189e+35 3.25415e+20 9.54494e+38 
1.84172e+15 3.91553e+35 3.25575e+20 9.55003e+38 
1.84294e+15 3.91917e+35 3.25735e+20 9.55513e+38 
1.84415e+15 3.92281e+35 3.25894e+20 9.56023e+38 
1.84537e+15 3.92646e+35 3.26054e+20 9.56533e+38 
1.84659e+15 3.93011e+35 3.26214e+20 9.57043e+38 
1.84781e+15 3.93376e+35 3.26374e+20 9.57553e+38 
1.84903e+15 3.93741e+35 3.26533e+20 9.58064e+38 
1.85025e+15 3.94106e+35 3.26693e+20 9.58575e+38 
1.85147e+15 3.94472e+35 3.26853e+20 9.59086e+38 
1.85269e+15 3.94838e+35 3.27013e+20 9.59598e+38 
1.85391e+15 3.95204e+35 3.27172e+20 9.60109e+38 
1.85513e+15 3.95571e+35 3.27332e+20 9.60621e+38 
1.85636e+15 3.95937e+35 3.27492e+20 9.61134e+38 
1.85758e+15 3.96304e+35 3.27651e+20 9.61646e+38 
1.85881e+15 3.96671e+35 3.27811e+20 9.62159e+38 
1.86004e+15 3.97039e+35 3.27971e+20 9.62672e+38 
1.86126e+15 3.97406e+35 3.2813e+20 9.63185e+38 
1.86249e+15 3.97774e+35 3.2829e+20 9.63698e+38 
1.86372e+15 3.98142e+35 3.2845e+20 9.64212e+38 
1.86495e+15 3.98511e+35 3.28609e+20 9.64726e+38 
1.86618e+15 3.98879e+35 3.28769e+20 9.6524e+38 
1.86741e+15 3.99248e+35 3.28929e+20 9.65755e+38 
1.86864e+15 3.99617e+35 3.29088e+20 9.66269e+38 
1.86988e+15 3.99987e+35 3.29248e+20 9.66784e+38 
1.87111e+15 4.00356e+35 3.29408e+20 9.673e+38 
1.87234e+15 4.00726e+35 3.29567e+20 9.67815e+38 
1.87358e+15 4.01096e+35 3.29727e+20 9.68331e+38 
1.87482e+15 4.01467e+35 3.29886e+20 9.68847e+38 
1.87605e+15 4.01837e+35 3.30046e+20 9.69363e+38 
1.87729e+15 4.02208e+35 3.30205e+20 9.69879e+38 
1.87853e+15 4.02579e+35 3.30365e+20 9.70396e+38 
1.87977e+15 4.0295e+35 3.30525e+20 9.70913e+38 
1.88101e+15 4.03322e+35 3.30684e+20 9.7143e+38 
1.88225e+15 4.03694e+35 3.30844e+20 9.71947e+38 
1.88349e+15 4.04066e+35 3.31003e+20 9.72465e+38 
1.88473e+15 4.04438e+35 3.31163e+20 9.72983e+38 
1.88598e+15 4.04811e+35 3.31322e+20 9.73501e+38 
1.88722e+15 4.05183e+35 3.31482e+20 9.7402e+38 
1.88847e+15 4.05556e+35 3.31641e+20 9.74538e+38 
1.88971e+15 4.0593e+35 3.31801e+20 9.75057e+38 
1.89096e+15 4.06303e+35 3.3196e+20 9.75576e+38 
1.89221e+15 4.06677e+35 3.3212e+20 9.76096e+38 
1.89346e+15 4.07051e+35 3.32279e+20 9.76616e+38 
1.89471e+15 4.07425e+35 3.32438e+20 9.77135e+38 
1.89596e+15 4.078e+35 3.32598e+20 9.77656e+38 
1.89721e+15 4.08175e+35 3.32757e+20 9.78176e+38 
1.89846e+15 4.0855e+35 3.32917e+20 9.78697e+38 
1.89971e+15 4.08925e+35 3.33076e+20 9.79218e+38 
1.90096e+15 4.093e+35 3.33236e+20 9.79739e+38 
1.90222e+15 4.09676e+35 3.33395e+20 9.8026e+38 
1.90347e+15 4.10052e+35 3.33554e+20 9.80782e+38 
1.90473e+15 4.10428e+35 3.33714e+20 9.81304e+38 
1.90599e+15 4.10805e+35 3.33873e+20 9.81826e+38 
1.90724e+15 4.11182e+35 3.34033e+20 9.82349e+38 
1.9085e+15 4.11559e+35 3.34192e+20 9.82871e+38 
1.90976e+15 4.11936e+35 3.34351e+20 9.83394e+38 
1.91102e+15 4.12313e+35 3.34511e+20 9.83917e+38 
1.91228e+15 4.12691e+35 3.3467e+20 9.84441e+38 
1.91354e+15 4.13069e+35 3.34829e+20 9.84965e+38 
1.91481e+15 4.13447e+35 3.34989e+20 9.85489e+38 
1.91607e+15 4.13826e+35 3.35148e+20 9.86013e+38 
1.91733e+15 4.14204e+35 3.35307e+20 9.86537e+38 
1.9186e+15 4.14583e+35 3.35466e+20 9.87062e+38 
1.91986e+15 4.14963e+35 3.35626e+20 9.87587e+38 
1.92113e+15 4.15342e+35 3.35785e+20 9.88112e+38 
1.9224e+15 4.15722e+35 3.35944e+20 9.88638e+38 
1.92367e+15 4.16102e+35 3.36104e+20 9.89163e+38 
1.92494e+15 4.16482e+35 3.36263e+20 9.89689e+38 
1.92621e+15 4.16862e+35 3.36422e+20 9.90216e+38 
1.92748e+15 4.17243e+35 3.36581e+20 9.90742e+38 
1.92875e+15 4.17624e+35 3.36741e+20 9.91269e+38 
1.93002e+15 4.18005e+35 3.369e+20 9.91796e+38 
1.93129e+15 4.18387e+35 3.37059e+20 9.92323e+38 
1.93257e+15 4.18769e+35 3.37218e+20 9.92851e+38 
1.93384e+15 4.19151e+35 3.37377e+20 9.93378e+38 
1.93512e+15 4.19533e+35 3.37537e+20 9.93906e+38 
1.9364e+15 4.19915e+35 3.37696e+20 9.94435e+38 
1.93767e+15 4.20298e+35 3.37855e+20 9.94963e+38 
1.93895e+15 4.20681e+35 3.38014e+20 9.95492e+38 
1.94023e+15 4.21064e+35 3.38173e+20 9.96021e+38 
1.94151e+15 4.21448e+35 3.38333e+20 9.9655e+38 
1.94279e+15 4.21832e+35 3.38492e+20 9.9708e+38 
1.94407e+15 4.22216e+35 3.38651e+20 9.9761e+38 
1.94536e+15 4.226e+35 3.3881e+20 9.9814e+38 
1.94664e+15 4.22984e+35 3.38969e+20 9.9867e+38 
1.94793e+15 4.23369e+35 3.39128e+20 9.992e+38 
1.94921e+15 4.23754e+35 3.39287e+20 9.99731e+38 
1.9505e+15 4.2414e+35 3.39446e+20 1.00026e+39 
1.95178e+15 4.24525e+35 3.39606e+20 1.00079e+39 
1.95307e+15 4.24911e+35 3.39765e+20 1.00133e+39 
1.95436e+15 4.25297e+35 3.39924e+20 1.00186e+39 
1.95565e+15 4.25683e+35 3.40083e+20 1.00239e+39 
1.95694e+15 4.2607e+35 3.40242e+20 1.00292e+39 
1.95823e+15 4.26457e+35 3.40401e+20 1.00345e+39 
1.95952e+15 4.26844e+35 3.4056e+20 1.00399e+39 
1.96082e+15 4.27231e+35 3.40719e+20 1.00452e+39 
1.96211e+15 4.27619e+35 3.40878e+20 1.00505e+39 
1.9634e+15 4.28006e+35 3.41037e+20 1.00559e+39 
1.9647e+15 4.28394e+35 3.41196e+20 1.00612e+39 
1.966e+15 4.28783e+35 3.41355e+20 1.00666e+39 
1.96729e+15 4.29171e+35 3.41514e+20 1.00719e+39 
1.96859e+15 4.2956e+35 3.41673e+20 1.00772e+39 
1.96989e+15 4.29949e+35 3.41832e+20 1.00826e+39 
1.97119e+15 4.30339e+35 3.41991e+20 1.00879e+39 
1.97249e+15 4.30728e+35 3.4215e+20 1.00933e+39 
1.97379e+15 4.31118e+35 3.42309e+20 1.00987e+39 
1.97509e+15 4.31508e+35 3.42468e+20 1.0104e+39 
1.9764e+15 4.31899e+35 3.42627e+20 1.01094e+39 
1.9777e+15 4.32289e+35 3.42786e+20 1.01147e+39 
1.97901e+15 4.3268e+35 3.42945e+20 1.01201e+39 
1.98031e+15 4.33072e+35 3.43104e+20 1.01255e+39 
1.98162e+15 4.33463e+35 3.43263e+20 1.01309e+39 
1.98292e+15 4.33855e+35 3.43422e+20 1.01362e+39 
1.98423e+15 4.34247e+35 3.4358e+20 1.01416e+39 
1.98554e+15 4.34639e+35 3.43739e+20 1.0147e+39 
1.98685e+15 4.35031e+35 3.43898e+20 1.01524e+39 
1.98816e+15 4.35424e+35 3.44057e+20 1.01578e+39 
1.98947e+15 4.35817e+35 3.44216e+20 1.01631e+39 
1.99079e+15 4.3621e+35 3.44375e+20 1.01685e+39 
1.9921e+15 4.36604e+35 3.44534e+20 1.01739e+39 
1.99342e+15 4.36997e+35 3.44693e+20 1.01793e+39 
1.99473e+15 4.37391e+35 3.44851e+20 1.01847e+39 
1.99605e+15 4.37786e+35 3.4501e+20 1.01901e+39 
1.99736e+15 4.3818e+35 3.45169e+20 1.01955e+39 
1.99868e+15 4.38575e+35 3.45328e+20 1.02009e+39 
2e+15 4.3897e+35 3.45487e+20 1.02063e+39 
