2000
3.56519e+14 7.67583e+30 2.15305e+16 2.1477e+38 
3.56544e+14 1.53517e+31 4.30589e+16 2.14786e+38 
3.5657e+14 2.30275e+31 6.45852e+16 2.14801e+38 
3.56596e+14 3.07033e+31 8.61095e+16 2.14817e+38 
3.56621e+14 3.83792e+31 1.07632e+17 2.14832e+38 
3.56647e+14 4.6055e+31 1.29152e+17 2.14847e+38 
3.56672e+14 5.37308e+31 1.5067e+17 2.14863e+38 
3.56698e+14 6.14067e+31 1.72186e+17 2.14878e+38 
3.56724e+14 6.90825e+31 1.937e+17 2.14894e+38 
3.56749e+14 7.67583e+31 2.15212e+17 2.14909e+38 
3.59322e+14 8.47382e+32 2.36451e+18 2.16457e+38 
3.5958e+14 9.2475e+32 2.57916e+18 2.16612e+38 
3.59838e+14 1.00217e+33 2.79376e+18 2.16767e+38 
3.60097e+14 1.07965e+33 3.0083e+18 2.16922e+38 
3.60356e+14 1.15719e+33 3.2228e+18 2.17078e+38 
3.60615e+14 1.23478e+33 3.43725e+18 2.17233e+38 
3.60874e+14 1.31242e+33 3.65164e+18 2.17389e+38 
3.61133e+14 1.39012e+33 3.86599e+18 2.17544e+38 
3.61393e+14 1.46788e+33 4.08028e+18 2.177e+38 
3.61653e+14 1.54569e+33 4.29453e+18 2.17856e+38 
3.61912e+14 1.62356e+33 4.50872e+18 2.18011e+38 
3.62173e+14 1.70149e+33 4.72286e+18 2.18167e+38 
3.62433e+14 1.77947e+33 4.93696e+18 2.18323e+38 
3.62693e+14 1.85751e+33 5.151e+18 2.18479e+38 
3.62954e+14 1.9356e+33 5.36499e+18 2.18635e+38 
3.63215e+14 2.01375e+33 5.57894e+18 2.18792e+38 
3.63476e+14 2.09195e+33 5.79283e+18 2.18948e+38 
3.63737e+14 2.17022e+33 6.00667e+18 2.19104e+38 
3.63999e+14 2.24853e+33 6.22047e+18 2.19261e+38 
3.6426e+14 2.32691e+33 6.43421e+18 2.19417e+38 
3.64522e+14 2.40534e+33 6.6479e+18 2.19574e+38 
3.64784e+14 2.48383e+33 6.86155e+18 2.1973e+38 
3.65046e+14 2.56237e+33 7.07514e+18 2.19887e+38 
3.65309e+14 2.64097e+33 7.28869e+18 2.20044e+38 
3.65571e+14 2.71963e+33 7.50218e+18 2.20201e+38 
3.65834e+14 2.79834e+33 7.71563e+18 2.20358e+38 
3.66097e+14 2.87711e+33 7.92903e+18 2.20515e+38 
3.6636e+14 2.95594e+33 8.14237e+18 2.20672e+38 
3.66623e+14 3.03482e+33 8.35567e+18 2.20829e+38 
3.66887e+14 3.11376e+33 8.56892e+18 2.20986e+38 
3.6715e+14 3.19275e+33 8.78212e+18 2.21143e+38 
3.67414e+14 3.27181e+33 8.99527e+18 2.21301e+38 
3.67678e+14 3.35092e+33 9.20837e+18 2.21458e+38 
3.67943e+14 3.43008e+33 9.42142e+18 2.21616e+38 
3.68207e+14 3.50931e+33 9.63443e+18 2.21773e+38 
3.68472e+14 3.58859e+33 9.84738e+18 2.21931e+38 
3.68736e+14 3.66792e+33 1.00603e+19 2.22089e+38 
3.69001e+14 3.74732e+33 1.02731e+19 2.22247e+38 
3.69267e+14 3.82677e+33 1.0486e+19 2.22405e+38 
3.69532e+14 3.90628e+33 1.06987e+19 2.22563e+38 
3.69798e+14 3.98585e+33 1.09114e+19 2.22721e+38 
3.70063e+14 4.06547e+33 1.11241e+19 2.22879e+38 
3.70329e+14 4.14515e+33 1.13367e+19 2.23037e+38 
3.70596e+14 4.22489e+33 1.15493e+19 2.23196e+38 
3.70862e+14 4.30468e+33 1.17618e+19 2.23354e+38 
3.71128e+14 4.38453e+33 1.19743e+19 2.23512e+38 
3.71395e+14 4.46444e+33 1.21867e+19 2.23671e+38 
3.71662e+14 4.54441e+33 1.2399e+19 2.2383e+38 
3.71929e+14 4.62443e+33 1.26114e+19 2.23988e+38 
3.72197e+14 4.70452e+33 1.28237e+19 2.24147e+38 
3.72464e+14 4.78466e+33 1.30359e+19 2.24306e+38 
3.72732e+14 4.86485e+33 1.32481e+19 2.24465e+38 
3.73e+14 4.94511e+33 1.34602e+19 2.24624e+38 
3.73268e+14 5.02542e+33 1.36723e+19 2.24783e+38 
3.73536e+14 5.10579e+33 1.38843e+19 2.24942e+38 
3.73804e+14 5.18622e+33 1.40963e+19 2.25101e+38 
3.74073e+14 5.2667e+33 1.43082e+19 2.2526e+38 
3.74342e+14 5.34725e+33 1.45201e+19 2.2542e+38 
3.74611e+14 5.42785e+33 1.4732e+19 2.25579e+38 
3.7488e+14 5.50851e+33 1.49438e+19 2.25739e+38 
3.7515e+14 5.58923e+33 1.51555e+19 2.25898e+38 
3.75419e+14 5.67e+33 1.53672e+19 2.26058e+38 
3.75689e+14 5.75083e+33 1.55789e+19 2.26218e+38 
3.75959e+14 5.83173e+33 1.57905e+19 2.26378e+38 
3.76229e+14 5.91268e+33 1.60021e+19 2.26538e+38 
3.765e+14 5.99368e+33 1.62136e+19 2.26698e+38 
3.7677e+14 6.07475e+33 1.64251e+19 2.26858e+38 
3.77041e+14 6.15587e+33 1.66365e+19 2.27018e+38 
3.77312e+14 6.23706e+33 1.68478e+19 2.27178e+38 
3.77583e+14 6.3183e+33 1.70592e+19 2.27338e+38 
3.77855e+14 6.3996e+33 1.72705e+19 2.27499e+38 
3.78126e+14 6.48095e+33 1.74817e+19 2.27659e+38 
3.78398e+14 6.56237e+33 1.76929e+19 2.2782e+38 
3.7867e+14 6.64385e+33 1.7904e+19 2.2798e+38 
3.78942e+14 6.72538e+33 1.81151e+19 2.28141e+38 
3.79214e+14 6.80697e+33 1.83262e+19 2.28302e+38 
3.79487e+14 6.88862e+33 1.85372e+19 2.28463e+38 
3.7976e+14 6.97033e+33 1.87481e+19 2.28624e+38 
3.80033e+14 7.0521e+33 1.8959e+19 2.28785e+38 
3.80306e+14 7.13393e+33 1.91699e+19 2.28946e+38 
3.80579e+14 7.21581e+33 1.93807e+19 2.29107e+38 
3.80853e+14 7.29776e+33 1.95915e+19 2.29268e+38 
3.81126e+14 7.37976e+33 1.98022e+19 2.2943e+38 
3.814e+14 7.46182e+33 2.00129e+19 2.29591e+38 
3.81674e+14 7.54394e+33 2.02235e+19 2.29752e+38 
3.81949e+14 7.62612e+33 2.04341e+19 2.29914e+38 
3.82223e+14 7.70836e+33 2.06446e+19 2.30076e+38 
3.82498e+14 7.79066e+33 2.08551e+19 2.30237e+38 
3.82773e+14 7.87302e+33 2.10655e+19 2.30399e+38 
3.83048e+14 7.95543e+33 2.12759e+19 2.30561e+38 
3.83323e+14 8.03791e+33 2.14863e+19 2.30723e+38 
3.83599e+14 8.12045e+33 2.16966e+19 2.30885e+38 
3.83874e+14 8.20304e+33 2.19069e+19 2.31047e+38 
3.8415e+14 8.28569e+33 2.21171e+19 2.31209e+38 
3.84426e+14 8.36841e+33 2.23272e+19 2.31371e+38 
3.84703e+14 8.45118e+33 2.25374e+19 2.31534e+38 
3.84979e+14 8.53401e+33 2.27475e+19 2.31696e+38 
3.85256e+14 8.6169e+33 2.29575e+19 2.31859e+38 
3.85533e+14 8.69986e+33 2.31675e+19 2.32021e+38 
3.8581e+14 8.78287e+33 2.33774e+19 2.32184e+38 
3.86087e+14 8.86594e+33 2.35873e+19 2.32347e+38 
3.86365e+14 8.94907e+33 2.37972e+19 2.32509e+38 
3.86642e+14 9.03226e+33 2.4007e+19 2.32672e+38 
3.8692e+14 9.11551e+33 2.42167e+19 2.32835e+38 
3.87198e+14 9.19882e+33 2.44265e+19 2.32998e+38 
3.87477e+14 9.28219e+33 2.46361e+19 2.33162e+38 
3.87755e+14 9.36562e+33 2.48458e+19 2.33325e+38 
3.88034e+14 9.44911e+33 2.50553e+19 2.33488e+38 
3.88313e+14 9.53266e+33 2.52649e+19 2.33651e+38 
3.88592e+14 9.61627e+33 2.54744e+19 2.33815e+38 
3.88871e+14 9.69993e+33 2.56838e+19 2.33978e+38 
3.8915e+14 9.78366e+33 2.58932e+19 2.34142e+38 
3.8943e+14 9.86745e+33 2.61026e+19 2.34306e+38 
3.8971e+14 9.9513e+33 2.63119e+19 2.34469e+38 
3.8999e+14 1.00352e+34 2.65212e+19 2.34633e+38 
3.9027e+14 1.01192e+34 2.67304e+19 2.34797e+38 
3.90551e+14 1.02032e+34 2.69396e+19 2.34961e+38 
3.90832e+14 1.02873e+34 2.71487e+19 2.35125e+38 
3.91112e+14 1.03715e+34 2.73578e+19 2.35289e+38 
3.91394e+14 1.04557e+34 2.75668e+19 2.35454e+38 
3.91675e+14 1.05399e+34 2.77758e+19 2.35618e+38 
3.91956e+14 1.06243e+34 2.79848e+19 2.35782e+38 
3.92238e+14 1.07087e+34 2.81937e+19 2.35947e+38 
3.9252e+14 1.07931e+34 2.84026e+19 2.36111e+38 
3.92802e+14 1.08776e+34 2.86114e+19 2.36276e+38 
3.93084e+14 1.09622e+34 2.88202e+19 2.36441e+38 
3.93367e+14 1.10469e+34 2.90289e+19 2.36606e+38 
3.9365e+14 1.11316e+34 2.92376e+19 2.3677e+38 
3.93933e+14 1.12163e+34 2.94463e+19 2.36935e+38 
3.94216e+14 1.13011e+34 2.96549e+19 2.371e+38 
3.94499e+14 1.1386e+34 2.98634e+19 2.37266e+38 
3.94783e+14 1.1471e+34 3.0072e+19 2.37431e+38 
3.95066e+14 1.1556e+34 3.02804e+19 2.37596e+38 
3.9535e+14 1.1641e+34 3.04889e+19 2.37761e+38 
3.95634e+14 1.17261e+34 3.06973e+19 2.37927e+38 
3.95919e+14 1.18113e+34 3.09056e+19 2.38092e+38 
3.96203e+14 1.18966e+34 3.11139e+19 2.38258e+38 
3.96488e+14 1.19819e+34 3.13222e+19 2.38424e+38 
3.96773e+14 1.20673e+34 3.15304e+19 2.38589e+38 
3.97058e+14 1.21527e+34 3.17385e+19 2.38755e+38 
3.97344e+14 1.22382e+34 3.19467e+19 2.38921e+38 
3.97629e+14 1.23237e+34 3.21548e+19 2.39087e+38 
3.97915e+14 1.24094e+34 3.23628e+19 2.39253e+38 
3.98201e+14 1.2495e+34 3.25708e+19 2.39419e+38 
3.98487e+14 1.25808e+34 3.27788e+19 2.39586e+38 
3.98773e+14 1.26666e+34 3.29867e+19 2.39752e+38 
3.9906e+14 1.27524e+34 3.31945e+19 2.39918e+38 
3.99347e+14 1.28384e+34 3.34024e+19 2.40085e+38 
3.99634e+14 1.29243e+34 3.36101e+19 2.40251e+38 
3.99921e+14 1.30104e+34 3.38179e+19 2.40418e+38 
4.00209e+14 1.30965e+34 3.40256e+19 2.40585e+38 
4.00496e+14 1.31827e+34 3.42332e+19 2.40752e+38 
4.00784e+14 1.32689e+34 3.44408e+19 2.40919e+38 
4.01072e+14 1.33552e+34 3.46484e+19 2.41086e+38 
4.0136e+14 1.34415e+34 3.48559e+19 2.41253e+38 
4.01649e+14 1.3528e+34 3.50634e+19 2.4142e+38 
4.01937e+14 1.36144e+34 3.52709e+19 2.41587e+38 
4.02226e+14 1.3701e+34 3.54783e+19 2.41754e+38 
4.02515e+14 1.37876e+34 3.56856e+19 2.41922e+38 
4.02805e+14 1.38743e+34 3.58929e+19 2.42089e+38 
4.03094e+14 1.3961e+34 3.61002e+19 2.42257e+38 
4.03384e+14 1.40478e+34 3.63074e+19 2.42424e+38 
4.03674e+14 1.41346e+34 3.65146e+19 2.42592e+38 
4.03964e+14 1.42216e+34 3.67218e+19 2.4276e+38 
4.04254e+14 1.43085e+34 3.69289e+19 2.42928e+38 
4.04545e+14 1.43956e+34 3.71359e+19 2.43096e+38 
4.04836e+14 1.44827e+34 3.7343e+19 2.43264e+38 
4.05127e+14 1.45699e+34 3.75499e+19 2.43432e+38 
4.05418e+14 1.46571e+34 3.77569e+19 2.436e+38 
4.05709e+14 1.47444e+34 3.79638e+19 2.43768e+38 
4.06001e+14 1.48317e+34 3.81706e+19 2.43937e+38 
4.06292e+14 1.49191e+34 3.83774e+19 2.44105e+38 
4.06584e+14 1.50066e+34 3.85842e+19 2.44274e+38 
4.06877e+14 1.50942e+34 3.87909e+19 2.44442e+38 
4.07169e+14 1.51818e+34 3.89976e+19 2.44611e+38 
4.07462e+14 1.52694e+34 3.92042e+19 2.4478e+38 
4.07755e+14 1.53572e+34 3.94109e+19 2.44949e+38 
4.08048e+14 1.5445e+34 3.96174e+19 2.45118e+38 
4.08341e+14 1.55328e+34 3.98239e+19 2.45287e+38 
4.08634e+14 1.56208e+34 4.00304e+19 2.45456e+38 
4.08928e+14 1.57087e+34 4.02368e+19 2.45625e+38 
4.09222e+14 1.57968e+34 4.04432e+19 2.45794e+38 
4.09516e+14 1.58849e+34 4.06496e+19 2.45964e+38 
4.0981e+14 1.59731e+34 4.08559e+19 2.46133e+38 
4.10105e+14 1.60613e+34 4.10622e+19 2.46303e+38 
4.104e+14 1.61496e+34 4.12684e+19 2.46472e+38 
4.10695e+14 1.6238e+34 4.14746e+19 2.46642e+38 
4.1099e+14 1.63264e+34 4.16807e+19 2.46812e+38 
4.11285e+14 1.64149e+34 4.18868e+19 2.46981e+38 
4.11581e+14 1.65035e+34 4.20929e+19 2.47151e+38 
4.11877e+14 1.65921e+34 4.22989e+19 2.47321e+38 
4.12173e+14 1.66808e+34 4.25049e+19 2.47492e+38 
4.12469e+14 1.67695e+34 4.27109e+19 2.47662e+38 
4.12765e+14 1.68583e+34 4.29168e+19 2.47832e+38 
4.13062e+14 1.69472e+34 4.31226e+19 2.48002e+38 
4.13359e+14 1.70361e+34 4.33284e+19 2.48173e+38 
4.13656e+14 1.71251e+34 4.35342e+19 2.48343e+38 
4.13953e+14 1.72142e+34 4.374e+19 2.48514e+38 
4.14251e+14 1.73033e+34 4.39457e+19 2.48685e+38 
4.14548e+14 1.73925e+34 4.41513e+19 2.48855e+38 
4.14846e+14 1.74818e+34 4.43569e+19 2.49026e+38 
4.15145e+14 1.75711e+34 4.45625e+19 2.49197e+38 
4.15443e+14 1.76605e+34 4.47681e+19 2.49368e+38 
4.15742e+14 1.77499e+34 4.49736e+19 2.49539e+38 
4.1604e+14 1.78395e+34 4.5179e+19 2.49711e+38 
4.16339e+14 1.7929e+34 4.53844e+19 2.49882e+38 
4.16639e+14 1.80187e+34 4.55898e+19 2.50053e+38 
4.16938e+14 1.81084e+34 4.57951e+19 2.50225e+38 
4.17238e+14 1.81982e+34 4.60004e+19 2.50396e+38 
4.17538e+14 1.8288e+34 4.62057e+19 2.50568e+38 
4.17838e+14 1.83779e+34 4.64109e+19 2.50739e+38 
4.18138e+14 1.84679e+34 4.66161e+19 2.50911e+38 
4.18438e+14 1.85579e+34 4.68212e+19 2.51083e+38 
4.18739e+14 1.8648e+34 4.70263e+19 2.51255e+38 
4.1904e+14 1.87382e+34 4.72314e+19 2.51427e+38 
4.19341e+14 1.88284e+34 4.74364e+19 2.51599e+38 
4.19643e+14 1.89187e+34 4.76414e+19 2.51771e+38 
4.19944e+14 1.9009e+34 4.78463e+19 2.51944e+38 
4.20246e+14 1.90995e+34 4.80512e+19 2.52116e+38 
4.20548e+14 1.91899e+34 4.82561e+19 2.52289e+38 
4.2085e+14 1.92805e+34 4.84609e+19 2.52461e+38 
4.21153e+14 1.93711e+34 4.86657e+19 2.52634e+38 
4.21456e+14 1.94618e+34 4.88704e+19 2.52806e+38 
4.21758e+14 1.95525e+34 4.90751e+19 2.52979e+38 
4.22062e+14 1.96433e+34 4.92798e+19 2.53152e+38 
4.22365e+14 1.97342e+34 4.94844e+19 2.53325e+38 
4.22668e+14 1.98252e+34 4.9689e+19 2.53498e+38 
4.22972e+14 1.99162e+34 4.98935e+19 2.53671e+38 
4.23276e+14 2.00072e+34 5.0098e+19 2.53844e+38 
4.2358e+14 2.00984e+34 5.03025e+19 2.54018e+38 
4.23885e+14 2.01896e+34 5.05069e+19 2.54191e+38 
4.2419e+14 2.02809e+34 5.07113e+19 2.54365e+38 
4.24494e+14 2.03722e+34 5.09156e+19 2.54538e+38 
4.248e+14 2.04636e+34 5.11199e+19 2.54712e+38 
4.25105e+14 2.05551e+34 5.13242e+19 2.54886e+38 
4.2541e+14 2.06466e+34 5.15284e+19 2.55059e+38 
4.25716e+14 2.07382e+34 5.17326e+19 2.55233e+38 
4.26022e+14 2.08298e+34 5.19368e+19 2.55407e+38 
4.26328e+14 2.09216e+34 5.21409e+19 2.55581e+38 
4.26635e+14 2.10134e+34 5.2345e+19 2.55756e+38 
4.26941e+14 2.11052e+34 5.2549e+19 2.5593e+38 
4.27248e+14 2.11972e+34 5.2753e+19 2.56104e+38 
4.27555e+14 2.12891e+34 5.29569e+19 2.56279e+38 
4.27862e+14 2.13812e+34 5.31609e+19 2.56453e+38 
4.2817e+14 2.14733e+34 5.33647e+19 2.56628e+38 
4.28478e+14 2.15655e+34 5.35686e+19 2.56802e+38 
4.28786e+14 2.16578e+34 5.37724e+19 2.56977e+38 
4.29094e+14 2.17501e+34 5.39762e+19 2.57152e+38 
4.29402e+14 2.18425e+34 5.41799e+19 2.57327e+38 
4.29711e+14 2.1935e+34 5.43836e+19 2.57502e+38 
4.3002e+14 2.20275e+34 5.45872e+19 2.57677e+38 
4.30329e+14 2.21201e+34 5.47908e+19 2.57852e+38 
4.30638e+14 2.22127e+34 5.49944e+19 2.58027e+38 
4.30948e+14 2.23054e+34 5.5198e+19 2.58203e+38 
4.31257e+14 2.23982e+34 5.54014e+19 2.58378e+38 
4.31567e+14 2.24911e+34 5.56049e+19 2.58554e+38 
4.31877e+14 2.2584e+34 5.58083e+19 2.58729e+38 
4.32188e+14 2.2677e+34 5.60117e+19 2.58905e+38 
4.32498e+14 2.27701e+34 5.62151e+19 2.59081e+38 
4.32809e+14 2.28632e+34 5.64184e+19 2.59257e+38 
4.3312e+14 2.29564e+34 5.66216e+19 2.59433e+38 
4.33432e+14 2.30496e+34 5.68249e+19 2.59609e+38 
4.33743e+14 2.3143e+34 5.70281e+19 2.59785e+38 
4.34055e+14 2.32363e+34 5.72312e+19 2.59961e+38 
4.34367e+14 2.33298e+34 5.74343e+19 2.60137e+38 
4.34679e+14 2.34233e+34 5.76374e+19 2.60314e+38 
4.34991e+14 2.35169e+34 5.78405e+19 2.6049e+38 
4.35304e+14 2.36106e+34 5.80435e+19 2.60667e+38 
4.35617e+14 2.37043e+34 5.82464e+19 2.60844e+38 
4.3593e+14 2.37981e+34 5.84494e+19 2.6102e+38 
4.36243e+14 2.3892e+34 5.86523e+19 2.61197e+38 
4.36557e+14 2.39859e+34 5.88551e+19 2.61374e+38 
4.36871e+14 2.40799e+34 5.90579e+19 2.61551e+38 
4.37185e+14 2.4174e+34 5.92607e+19 2.61728e+38 
4.37499e+14 2.42681e+34 5.94635e+19 2.61905e+38 
4.37813e+14 2.43623e+34 5.96662e+19 2.62083e+38 
4.38128e+14 2.44566e+34 5.98688e+19 2.6226e+38 
4.38443e+14 2.45509e+34 6.00715e+19 2.62437e+38 
4.38758e+14 2.46453e+34 6.02741e+19 2.62615e+38 
4.39073e+14 2.47398e+34 6.04766e+19 2.62793e+38 
4.39389e+14 2.48343e+34 6.06792e+19 2.6297e+38 
4.39705e+14 2.49289e+34 6.08816e+19 2.63148e+38 
4.40021e+14 2.50236e+34 6.10841e+19 2.63326e+38 
4.40337e+14 2.51183e+34 6.12865e+19 2.63504e+38 
4.40653e+14 2.52131e+34 6.14889e+19 2.63682e+38 
4.4097e+14 2.5308e+34 6.16912e+19 2.6386e+38 
4.41287e+14 2.5403e+34 6.18935e+19 2.64038e+38 
4.41604e+14 2.5498e+34 6.20958e+19 2.64217e+38 
4.41921e+14 2.55931e+34 6.2298e+19 2.64395e+38 
4.42239e+14 2.56882e+34 6.25002e+19 2.64574e+38 
4.42557e+14 2.57834e+34 6.27023e+19 2.64752e+38 
4.42875e+14 2.58787e+34 6.29045e+19 2.64931e+38 
4.43193e+14 2.59741e+34 6.31065e+19 2.6511e+38 
4.43512e+14 2.60695e+34 6.33086e+19 2.65289e+38 
4.43831e+14 2.6165e+34 6.35106e+19 2.65467e+38 
4.4415e+14 2.62606e+34 6.37126e+19 2.65647e+38 
4.44469e+14 2.63562e+34 6.39145e+19 2.65826e+38 
4.44788e+14 2.64519e+34 6.41164e+19 2.66005e+38 
4.45108e+14 2.65477e+34 6.43182e+19 2.66184e+38 
4.45428e+14 2.66435e+34 6.45201e+19 2.66364e+38 
4.45748e+14 2.67394e+34 6.47219e+19 2.66543e+38 
4.46068e+14 2.68354e+34 6.49236e+19 2.66723e+38 
4.46389e+14 2.69314e+34 6.51253e+19 2.66902e+38 
4.4671e+14 2.70276e+34 6.5327e+19 2.67082e+38 
4.47031e+14 2.71237e+34 6.55287e+19 2.67262e+38 
4.47352e+14 2.722e+34 6.57303e+19 2.67442e+38 
4.47674e+14 2.73163e+34 6.59318e+19 2.67622e+38 
4.47995e+14 2.74127e+34 6.61334e+19 2.67802e+38 
4.48317e+14 2.75092e+34 6.63349e+19 2.67982e+38 
4.4864e+14 2.76057e+34 6.65363e+19 2.68162e+38 
4.48962e+14 2.77023e+34 6.67378e+19 2.68343e+38 
4.49285e+14 2.7799e+34 6.69392e+19 2.68523e+38 
4.49608e+14 2.78957e+34 6.71405e+19 2.68704e+38 
4.49931e+14 2.79925e+34 6.73418e+19 2.68884e+38 
4.50254e+14 2.80894e+34 6.75431e+19 2.69065e+38 
4.50578e+14 2.81863e+34 6.77444e+19 2.69246e+38 
4.50901e+14 2.82833e+34 6.79456e+19 2.69427e+38 
4.51226e+14 2.83804e+34 6.81468e+19 2.69608e+38 
4.5155e+14 2.84776e+34 6.83479e+19 2.69789e+38 
4.51874e+14 2.85748e+34 6.8549e+19 2.6997e+38 
4.52199e+14 2.86721e+34 6.87501e+19 2.70151e+38 
4.52524e+14 2.87695e+34 6.89511e+19 2.70332e+38 
4.52849e+14 2.88669e+34 6.91521e+19 2.70514e+38 
4.53175e+14 2.89644e+34 6.93531e+19 2.70695e+38 
4.53501e+14 2.9062e+34 6.9554e+19 2.70877e+38 
4.53826e+14 2.91596e+34 6.97549e+19 2.71059e+38 
4.54153e+14 2.92574e+34 6.99558e+19 2.71241e+38 
4.54479e+14 2.93551e+34 7.01566e+19 2.71422e+38 
4.54806e+14 2.9453e+34 7.03574e+19 2.71604e+38 
4.55133e+14 2.95509e+34 7.05581e+19 2.71786e+38 
4.5546e+14 2.96489e+34 7.07588e+19 2.71969e+38 
4.55787e+14 2.9747e+34 7.09595e+19 2.72151e+38 
4.56115e+14 2.98451e+34 7.11602e+19 2.72333e+38 
4.56442e+14 2.99433e+34 7.13608e+19 2.72516e+38 
4.5677e+14 3.00416e+34 7.15614e+19 2.72698e+38 
4.57099e+14 3.014e+34 7.17619e+19 2.72881e+38 
4.57427e+14 3.02384e+34 7.19624e+19 2.73063e+38 
4.57756e+14 3.03369e+34 7.21629e+19 2.73246e+38 
4.58085e+14 3.04354e+34 7.23633e+19 2.73429e+38 
4.58414e+14 3.05341e+34 7.25637e+19 2.73612e+38 
4.58744e+14 3.06328e+34 7.27641e+19 2.73795e+38 
4.59073e+14 3.07315e+34 7.29644e+19 2.73978e+38 
4.59403e+14 3.08304e+34 7.31647e+19 2.74162e+38 
4.59734e+14 3.09293e+34 7.3365e+19 2.74345e+38 
4.60064e+14 3.10283e+34 7.35652e+19 2.74528e+38 
4.60395e+14 3.11274e+34 7.37654e+19 2.74712e+38 
4.60726e+14 3.12265e+34 7.39656e+19 2.74895e+38 
4.61057e+14 3.13257e+34 7.41657e+19 2.75079e+38 
4.61388e+14 3.1425e+34 7.43658e+19 2.75263e+38 
4.6172e+14 3.15243e+34 7.45659e+19 2.75447e+38 
4.62051e+14 3.16237e+34 7.47659e+19 2.75631e+38 
4.62384e+14 3.17232e+34 7.49659e+19 2.75815e+38 
4.62716e+14 3.18228e+34 7.51658e+19 2.75999e+38 
4.63048e+14 3.19224e+34 7.53658e+19 2.76183e+38 
4.63381e+14 3.20221e+34 7.55657e+19 2.76368e+38 
4.63714e+14 3.21219e+34 7.57655e+19 2.76552e+38 
4.64048e+14 3.22217e+34 7.59653e+19 2.76736e+38 
4.64381e+14 3.23216e+34 7.61651e+19 2.76921e+38 
4.64715e+14 3.24216e+34 7.63649e+19 2.77106e+38 
4.65049e+14 3.25217e+34 7.65646e+19 2.77291e+38 
4.65383e+14 3.26218e+34 7.67643e+19 2.77475e+38 
4.65718e+14 3.2722e+34 7.69639e+19 2.7766e+38 
4.66052e+14 3.28223e+34 7.71635e+19 2.77846e+38 
4.66387e+14 3.29226e+34 7.73631e+19 2.78031e+38 
4.66722e+14 3.30231e+34 7.75626e+19 2.78216e+38 
4.67058e+14 3.31235e+34 7.77622e+19 2.78401e+38 
4.67394e+14 3.32241e+34 7.79616e+19 2.78587e+38 
4.67729e+14 3.33247e+34 7.81611e+19 2.78772e+38 
4.68066e+14 3.34255e+34 7.83605e+19 2.78958e+38 
4.68402e+14 3.35262e+34 7.85599e+19 2.79144e+38 
4.68739e+14 3.36271e+34 7.87592e+19 2.79329e+38 
4.69076e+14 3.3728e+34 7.89585e+19 2.79515e+38 
4.69413e+14 3.3829e+34 7.91578e+19 2.79701e+38 
4.6975e+14 3.39301e+34 7.9357e+19 2.79887e+38 
4.70088e+14 3.40312e+34 7.95563e+19 2.80073e+38 
4.70425e+14 3.41325e+34 7.97554e+19 2.8026e+38 
4.70764e+14 3.42337e+34 7.99546e+19 2.80446e+38 
4.71102e+14 3.43351e+34 8.01537e+19 2.80633e+38 
4.71441e+14 3.44365e+34 8.03528e+19 2.80819e+38 
4.71779e+14 3.4538e+34 8.05518e+19 2.81006e+38 
4.72118e+14 3.46396e+34 8.07508e+19 2.81192e+38 
4.72458e+14 3.47413e+34 8.09498e+19 2.81379e+38 
4.72797e+14 3.4843e+34 8.11487e+19 2.81566e+38 
4.73137e+14 3.49448e+34 8.13476e+19 2.81753e+38 
4.73477e+14 3.50467e+34 8.15465e+19 2.8194e+38 
4.73817e+14 3.51486e+34 8.17454e+19 2.82128e+38 
4.74158e+14 3.52506e+34 8.19442e+19 2.82315e+38 
4.74499e+14 3.53527e+34 8.2143e+19 2.82502e+38 
4.7484e+14 3.54549e+34 8.23417e+19 2.8269e+38 
4.75181e+14 3.55571e+34 8.25404e+19 2.82877e+38 
4.75523e+14 3.56595e+34 8.27391e+19 2.83065e+38 
4.75864e+14 3.57619e+34 8.29377e+19 2.83253e+38 
4.76206e+14 3.58643e+34 8.31363e+19 2.8344e+38 
4.76549e+14 3.59668e+34 8.33349e+19 2.83628e+38 
4.76891e+14 3.60695e+34 8.35335e+19 2.83816e+38 
4.77234e+14 3.61721e+34 8.3732e+19 2.84005e+38 
4.77577e+14 3.62749e+34 8.39305e+19 2.84193e+38 
4.7792e+14 3.63777e+34 8.41289e+19 2.84381e+38 
4.78264e+14 3.64806e+34 8.43273e+19 2.8457e+38 
4.78607e+14 3.65836e+34 8.45257e+19 2.84758e+38 
4.78951e+14 3.66867e+34 8.47241e+19 2.84947e+38 
4.79296e+14 3.67898e+34 8.49224e+19 2.85135e+38 
4.7964e+14 3.6893e+34 8.51207e+19 2.85324e+38 
4.79985e+14 3.69963e+34 8.53189e+19 2.85513e+38 
4.8033e+14 3.70996e+34 8.55171e+19 2.85702e+38 
4.80675e+14 3.7203e+34 8.57153e+19 2.85891e+38 
4.8102e+14 3.73065e+34 8.59135e+19 2.8608e+38 
4.81366e+14 3.74101e+34 8.61116e+19 2.86269e+38 
4.81712e+14 3.75137e+34 8.63097e+19 2.86459e+38 
4.82058e+14 3.76175e+34 8.65078e+19 2.86648e+38 
4.82405e+14 3.77212e+34 8.67058e+19 2.86838e+38 
4.82751e+14 3.78251e+34 8.69038e+19 2.87027e+38 
4.83098e+14 3.79291e+34 8.71017e+19 2.87217e+38 
4.83446e+14 3.80331e+34 8.72997e+19 2.87407e+38 
4.83793e+14 3.81372e+34 8.74976e+19 2.87597e+38 
4.84141e+14 3.82413e+34 8.76954e+19 2.87787e+38 
4.84489e+14 3.83456e+34 8.78933e+19 2.87977e+38 
4.84837e+14 3.84499e+34 8.80911e+19 2.88167e+38 
4.85185e+14 3.85543e+34 8.82888e+19 2.88357e+38 
4.85534e+14 3.86588e+34 8.84866e+19 2.88548e+38 
4.85883e+14 3.87633e+34 8.86843e+19 2.88738e+38 
4.86232e+14 3.88679e+34 8.8882e+19 2.88929e+38 
4.86582e+14 3.89726e+34 8.90796e+19 2.8912e+38 
4.86931e+14 3.90774e+34 8.92772e+19 2.8931e+38 
4.87281e+14 3.91822e+34 8.94748e+19 2.89501e+38 
4.87632e+14 3.92871e+34 8.96723e+19 2.89692e+38 
4.87982e+14 3.93921e+34 8.98698e+19 2.89883e+38 
4.88333e+14 3.94972e+34 9.00673e+19 2.90074e+38 
4.88684e+14 3.96024e+34 9.02648e+19 2.90266e+38 
4.89035e+14 3.97076e+34 9.04622e+19 2.90457e+38 
4.89386e+14 3.98129e+34 9.06596e+19 2.90648e+38 
4.89738e+14 3.99182e+34 9.08569e+19 2.9084e+38 
4.9009e+14 4.00237e+34 9.10543e+19 2.91032e+38 
4.90442e+14 4.01292e+34 9.12516e+19 2.91223e+38 
4.90795e+14 4.02348e+34 9.14488e+19 2.91415e+38 
4.91148e+14 4.03405e+34 9.16461e+19 2.91607e+38 
4.91501e+14 4.04462e+34 9.18433e+19 2.91799e+38 
4.91854e+14 4.05521e+34 9.20404e+19 2.91991e+38 
4.92207e+14 4.0658e+34 9.22376e+19 2.92183e+38 
4.92561e+14 4.0764e+34 9.24347e+19 2.92376e+38 
4.92915e+14 4.087e+34 9.26317e+19 2.92568e+38 
4.93269e+14 4.09761e+34 9.28288e+19 2.92761e+38 
4.93624e+14 4.10824e+34 9.30258e+19 2.92953e+38 
4.93979e+14 4.11886e+34 9.32228e+19 2.93146e+38 
4.94334e+14 4.1295e+34 9.34197e+19 2.93339e+38 
4.94689e+14 4.14014e+34 9.36166e+19 2.93531e+38 
4.95045e+14 4.15079e+34 9.38135e+19 2.93724e+38 
4.954e+14 4.16145e+34 9.40104e+19 2.93918e+38 
4.95756e+14 4.17212e+34 9.42072e+19 2.94111e+38 
4.96113e+14 4.1828e+34 9.4404e+19 2.94304e+38 
4.96469e+14 4.19348e+34 9.46008e+19 2.94497e+38 
4.96826e+14 4.20417e+34 9.47975e+19 2.94691e+38 
4.97183e+14 4.21486e+34 9.49942e+19 2.94884e+38 
4.9754e+14 4.22557e+34 9.51909e+19 2.95078e+38 
4.97898e+14 4.23628e+34 9.53875e+19 2.95272e+38 
4.98256e+14 4.247e+34 9.55841e+19 2.95466e+38 
4.98614e+14 4.25773e+34 9.57807e+19 2.95659e+38 
4.98972e+14 4.26847e+34 9.59772e+19 2.95854e+38 
4.99331e+14 4.27921e+34 9.61737e+19 2.96048e+38 
4.9969e+14 4.28996e+34 9.63702e+19 2.96242e+38 
5.00049e+14 4.30072e+34 9.65667e+19 2.96436e+38 
5.00408e+14 4.31149e+34 9.67631e+19 2.96631e+38 
5.00768e+14 4.32226e+34 9.69595e+19 2.96825e+38 
5.01128e+14 4.33304e+34 9.71559e+19 2.9702e+38 
5.01488e+14 4.34383e+34 9.73522e+19 2.97214e+38 
5.01849e+14 4.35463e+34 9.75485e+19 2.97409e+38 
5.02209e+14 4.36544e+34 9.77448e+19 2.97604e+38 
5.0257e+14 4.37625e+34 9.7941e+19 2.97799e+38 
5.02931e+14 4.38707e+34 9.81372e+19 2.97994e+38 
5.03293e+14 4.3979e+34 9.83334e+19 2.9819e+38 
5.03655e+14 4.40874e+34 9.85296e+19 2.98385e+38 
5.04017e+14 4.41958e+34 9.87257e+19 2.9858e+38 
5.04379e+14 4.43043e+34 9.89218e+19 2.98776e+38 
5.04741e+14 4.44129e+34 9.91178e+19 2.98971e+38 
5.05104e+14 4.45216e+34 9.93139e+19 2.99167e+38 
5.05467e+14 4.46304e+34 9.95099e+19 2.99363e+38 
5.0583e+14 4.47392e+34 9.97058e+19 2.99559e+38 
5.06194e+14 4.48481e+34 9.99018e+19 2.99755e+38 
5.06558e+14 4.49571e+34 1.00098e+20 2.99951e+38 
5.06922e+14 4.50662e+34 1.00294e+20 3.00147e+38 
5.07286e+14 4.51753e+34 1.00489e+20 3.00343e+38 
5.07651e+14 4.52846e+34 1.00685e+20 3.0054e+38 
5.08016e+14 4.53939e+34 1.00881e+20 3.00736e+38 
5.08381e+14 4.55033e+34 1.01077e+20 3.00933e+38 
5.08746e+14 4.56127e+34 1.01272e+20 3.01129e+38 
5.09112e+14 4.57223e+34 1.01468e+20 3.01326e+38 
5.09478e+14 4.58319e+34 1.01664e+20 3.01523e+38 
5.09844e+14 4.59416e+34 1.0186e+20 3.0172e+38 
5.1021e+14 4.60513e+34 1.02055e+20 3.01917e+38 
5.10577e+14 4.61612e+34 1.02251e+20 3.02114e+38 
5.10944e+14 4.62711e+34 1.02446e+20 3.02311e+38 
5.11311e+14 4.63812e+34 1.02642e+20 3.02509e+38 
5.11679e+14 4.64912e+34 1.02837e+20 3.02706e+38 
5.12046e+14 4.66014e+34 1.03033e+20 3.02904e+38 
5.12414e+14 4.67117e+34 1.03228e+20 3.03101e+38 
5.12783e+14 4.6822e+34 1.03424e+20 3.03299e+38 
5.13151e+14 4.69324e+34 1.03619e+20 3.03497e+38 
5.1352e+14 4.70429e+34 1.03814e+20 3.03695e+38 
5.13889e+14 4.71535e+34 1.0401e+20 3.03893e+38 
5.14258e+14 4.72641e+34 1.04205e+20 3.04091e+38 
5.14628e+14 4.73748e+34 1.044e+20 3.0429e+38 
5.14998e+14 4.74856e+34 1.04595e+20 3.04488e+38 
5.15368e+14 4.75965e+34 1.04791e+20 3.04686e+38 
5.15738e+14 4.77075e+34 1.04986e+20 3.04885e+38 
5.16109e+14 4.78185e+34 1.05181e+20 3.05084e+38 
5.1648e+14 4.79297e+34 1.05376e+20 3.05282e+38 
5.16851e+14 4.80409e+34 1.05571e+20 3.05481e+38 
5.17223e+14 4.81522e+34 1.05766e+20 3.0568e+38 
5.17594e+14 4.82635e+34 1.05961e+20 3.05879e+38 
5.17966e+14 4.8375e+34 1.06156e+20 3.06078e+38 
5.18339e+14 4.84865e+34 1.06351e+20 3.06278e+38 
5.18711e+14 4.85981e+34 1.06546e+20 3.06477e+38 
5.19084e+14 4.87098e+34 1.06741e+20 3.06676e+38 
5.19457e+14 4.88216e+34 1.06936e+20 3.06876e+38 
5.1983e+14 4.89334e+34 1.07131e+20 3.07076e+38 
5.20204e+14 4.90453e+34 1.07325e+20 3.07275e+38 
5.20578e+14 4.91573e+34 1.0752e+20 3.07475e+38 
5.20952e+14 4.92694e+34 1.07715e+20 3.07675e+38 
5.21326e+14 4.93816e+34 1.0791e+20 3.07875e+38 
5.21701e+14 4.94939e+34 1.08104e+20 3.08075e+38 
5.22076e+14 4.96062e+34 1.08299e+20 3.08276e+38 
5.22451e+14 4.97186e+34 1.08494e+20 3.08476e+38 
5.22827e+14 4.98311e+34 1.08688e+20 3.08676e+38 
5.23203e+14 4.99437e+34 1.08883e+20 3.08877e+38 
5.23579e+14 5.00563e+34 1.09077e+20 3.09078e+38 
5.23955e+14 5.0169e+34 1.09272e+20 3.09278e+38 
5.24331e+14 5.02819e+34 1.09467e+20 3.09479e+38 
5.24708e+14 5.03948e+34 1.09661e+20 3.0968e+38 
5.25085e+14 5.05077e+34 1.09855e+20 3.09881e+38 
5.25463e+14 5.06208e+34 1.1005e+20 3.10082e+38 
5.2584e+14 5.07339e+34 1.10244e+20 3.10284e+38 
5.26218e+14 5.08472e+34 1.10439e+20 3.10485e+38 
5.26597e+14 5.09605e+34 1.10633e+20 3.10687e+38 
5.26975e+14 5.10738e+34 1.10827e+20 3.10888e+38 
5.27354e+14 5.11873e+34 1.11021e+20 3.1109e+38 
5.27733e+14 5.13009e+34 1.11216e+20 3.11292e+38 
5.28112e+14 5.14145e+34 1.1141e+20 3.11493e+38 
5.28492e+14 5.15282e+34 1.11604e+20 3.11695e+38 
5.28871e+14 5.1642e+34 1.11798e+20 3.11897e+38 
5.29252e+14 5.17559e+34 1.11992e+20 3.121e+38 
5.29632e+14 5.18698e+34 1.12187e+20 3.12302e+38 
5.30013e+14 5.19839e+34 1.12381e+20 3.12504e+38 
5.30394e+14 5.2098e+34 1.12575e+20 3.12707e+38 
5.30775e+14 5.22122e+34 1.12769e+20 3.12909e+38 
5.31156e+14 5.23265e+34 1.12963e+20 3.13112e+38 
5.31538e+14 5.24408e+34 1.13157e+20 3.13315e+38 
5.3192e+14 5.25553e+34 1.13351e+20 3.13518e+38 
5.32302e+14 5.26698e+34 1.13544e+20 3.13721e+38 
5.32685e+14 5.27844e+34 1.13738e+20 3.13924e+38 
5.33068e+14 5.28991e+34 1.13932e+20 3.14127e+38 
5.33451e+14 5.30139e+34 1.14126e+20 3.1433e+38 
5.33834e+14 5.31287e+34 1.1432e+20 3.14534e+38 
5.34218e+14 5.32437e+34 1.14514e+20 3.14737e+38 
5.34602e+14 5.33587e+34 1.14707e+20 3.14941e+38 
5.34986e+14 5.34738e+34 1.14901e+20 3.15144e+38 
5.35371e+14 5.3589e+34 1.15095e+20 3.15348e+38 
5.35755e+14 5.37043e+34 1.15288e+20 3.15552e+38 
5.3614e+14 5.38196e+34 1.15482e+20 3.15756e+38 
5.36526e+14 5.39351e+34 1.15676e+20 3.1596e+38 
5.36911e+14 5.40506e+34 1.15869e+20 3.16164e+38 
5.37297e+14 5.41662e+34 1.16063e+20 3.16369e+38 
5.37683e+14 5.42819e+34 1.16256e+20 3.16573e+38 
5.3807e+14 5.43977e+34 1.1645e+20 3.16778e+38 
5.38457e+14 5.45135e+34 1.16643e+20 3.16982e+38 
5.38843e+14 5.46295e+34 1.16837e+20 3.17187e+38 
5.39231e+14 5.47455e+34 1.1703e+20 3.17392e+38 
5.39618e+14 5.48616e+34 1.17223e+20 3.17597e+38 
5.40006e+14 5.49778e+34 1.17417e+20 3.17802e+38 
5.40394e+14 5.5094e+34 1.1761e+20 3.18007e+38 
5.40783e+14 5.52104e+34 1.17803e+20 3.18212e+38 
5.41171e+14 5.53268e+34 1.17997e+20 3.18418e+38 
5.4156e+14 5.54434e+34 1.1819e+20 3.18623e+38 
5.41949e+14 5.556e+34 1.18383e+20 3.18829e+38 
5.42339e+14 5.56767e+34 1.18576e+20 3.19034e+38 
5.42729e+14 5.57934e+34 1.18769e+20 3.1924e+38 
5.43119e+14 5.59103e+34 1.18963e+20 3.19446e+38 
5.43509e+14 5.60272e+34 1.19156e+20 3.19652e+38 
5.439e+14 5.61443e+34 1.19349e+20 3.19858e+38 
5.44291e+14 5.62614e+34 1.19542e+20 3.20064e+38 
5.44682e+14 5.63786e+34 1.19735e+20 3.20271e+38 
5.45073e+14 5.64958e+34 1.19928e+20 3.20477e+38 
5.45465e+14 5.66132e+34 1.20121e+20 3.20683e+38 
5.45857e+14 5.67306e+34 1.20314e+20 3.2089e+38 
5.46249e+14 5.68482e+34 1.20507e+20 3.21097e+38 
5.46642e+14 5.69658e+34 1.20699e+20 3.21303e+38 
5.47035e+14 5.70835e+34 1.20892e+20 3.2151e+38 
5.47428e+14 5.72013e+34 1.21085e+20 3.21717e+38 
5.47822e+14 5.73192e+34 1.21278e+20 3.21925e+38 
5.48215e+14 5.74371e+34 1.21471e+20 3.22132e+38 
5.48609e+14 5.75551e+34 1.21664e+20 3.22339e+38 
5.49004e+14 5.76733e+34 1.21856e+20 3.22547e+38 
5.49398e+14 5.77915e+34 1.22049e+20 3.22754e+38 
5.49793e+14 5.79098e+34 1.22242e+20 3.22962e+38 
5.50188e+14 5.80281e+34 1.22434e+20 3.23169e+38 
5.50584e+14 5.81466e+34 1.22627e+20 3.23377e+38 
5.50979e+14 5.82652e+34 1.22819e+20 3.23585e+38 
5.51375e+14 5.83838e+34 1.23012e+20 3.23793e+38 
5.51772e+14 5.85025e+34 1.23205e+20 3.24001e+38 
5.52168e+14 5.86213e+34 1.23397e+20 3.2421e+38 
5.52565e+14 5.87402e+34 1.2359e+20 3.24418e+38 
5.52962e+14 5.88592e+34 1.23782e+20 3.24627e+38 
5.5336e+14 5.89782e+34 1.23974e+20 3.24835e+38 
5.53757e+14 5.90974e+34 1.24167e+20 3.25044e+38 
5.54155e+14 5.92166e+34 1.24359e+20 3.25253e+38 
5.54553e+14 5.93359e+34 1.24552e+20 3.25462e+38 
5.54952e+14 5.94553e+34 1.24744e+20 3.25671e+38 
5.55351e+14 5.95748e+34 1.24936e+20 3.2588e+38 
5.5575e+14 5.96944e+34 1.25129e+20 3.26089e+38 
5.56149e+14 5.98141e+34 1.25321e+20 3.26298e+38 
5.56549e+14 5.99338e+34 1.25513e+20 3.26508e+38 
5.56949e+14 6.00537e+34 1.25705e+20 3.26717e+38 
5.57349e+14 6.01736e+34 1.25897e+20 3.26927e+38 
5.5775e+14 6.02936e+34 1.26089e+20 3.27137e+38 
5.58151e+14 6.04137e+34 1.26282e+20 3.27346e+38 
5.58552e+14 6.05338e+34 1.26474e+20 3.27556e+38 
5.58953e+14 6.06541e+34 1.26666e+20 3.27766e+38 
5.59355e+14 6.07745e+34 1.26858e+20 3.27977e+38 
5.59757e+14 6.08949e+34 1.2705e+20 3.28187e+38 
5.6016e+14 6.10154e+34 1.27242e+20 3.28397e+38 
5.60562e+14 6.1136e+34 1.27434e+20 3.28608e+38 
5.60965e+14 6.12567e+34 1.27626e+20 3.28818e+38 
5.61368e+14 6.13775e+34 1.27818e+20 3.29029e+38 
5.61772e+14 6.14984e+34 1.28009e+20 3.2924e+38 
5.62175e+14 6.16193e+34 1.28201e+20 3.29451e+38 
5.62579e+14 6.17404e+34 1.28393e+20 3.29662e+38 
5.62984e+14 6.18615e+34 1.28585e+20 3.29873e+38 
5.63388e+14 6.19827e+34 1.28777e+20 3.30084e+38 
5.63793e+14 6.2104e+34 1.28968e+20 3.30295e+38 
5.64199e+14 6.22254e+34 1.2916e+20 3.30507e+38 
5.64604e+14 6.23469e+34 1.29352e+20 3.30718e+38 
5.6501e+14 6.24685e+34 1.29544e+20 3.3093e+38 
5.65416e+14 6.25901e+34 1.29735e+20 3.31142e+38 
5.65822e+14 6.27119e+34 1.29927e+20 3.31354e+38 
5.66229e+14 6.28337e+34 1.30118e+20 3.31566e+38 
5.66636e+14 6.29556e+34 1.3031e+20 3.31778e+38 
5.67043e+14 6.30776e+34 1.30502e+20 3.3199e+38 
5.67451e+14 6.31997e+34 1.30693e+20 3.32202e+38 
5.67858e+14 6.33219e+34 1.30885e+20 3.32415e+38 
5.68267e+14 6.34442e+34 1.31076e+20 3.32627e+38 
5.68675e+14 6.35665e+34 1.31267e+20 3.3284e+38 
5.69084e+14 6.3689e+34 1.31459e+20 3.33053e+38 
5.69493e+14 6.38115e+34 1.3165e+20 3.33265e+38 
5.69902e+14 6.39341e+34 1.31842e+20 3.33478e+38 
5.70312e+14 6.40568e+34 1.32033e+20 3.33691e+38 
5.70722e+14 6.41796e+34 1.32224e+20 3.33905e+38 
5.71132e+14 6.43025e+34 1.32416e+20 3.34118e+38 
5.71542e+14 6.44255e+34 1.32607e+20 3.34331e+38 
5.71953e+14 6.45486e+34 1.32798e+20 3.34545e+38 
5.72364e+14 6.46717e+34 1.32989e+20 3.34758e+38 
5.72775e+14 6.4795e+34 1.3318e+20 3.34972e+38 
5.73187e+14 6.49183e+34 1.33372e+20 3.35186e+38 
5.73599e+14 6.50417e+34 1.33563e+20 3.354e+38 
5.74011e+14 6.51652e+34 1.33754e+20 3.35614e+38 
5.74424e+14 6.52888e+34 1.33945e+20 3.35828e+38 
5.74837e+14 6.54125e+34 1.34136e+20 3.36042e+38 
5.7525e+14 6.55362e+34 1.34327e+20 3.36257e+38 
5.75663e+14 6.56601e+34 1.34518e+20 3.36471e+38 
5.76077e+14 6.57841e+34 1.34709e+20 3.36686e+38 
5.76491e+14 6.59081e+34 1.349e+20 3.369e+38 
5.76905e+14 6.60322e+34 1.35091e+20 3.37115e+38 
5.7732e+14 6.61564e+34 1.35282e+20 3.3733e+38 
5.77735e+14 6.62807e+34 1.35473e+20 3.37545e+38 
5.7815e+14 6.64051e+34 1.35664e+20 3.3776e+38 
5.78566e+14 6.65296e+34 1.35854e+20 3.37975e+38 
5.78981e+14 6.66542e+34 1.36045e+20 3.38191e+38 
5.79398e+14 6.67789e+34 1.36236e+20 3.38406e+38 
5.79814e+14 6.69036e+34 1.36427e+20 3.38622e+38 
5.80231e+14 6.70285e+34 1.36618e+20 3.38837e+38 
5.80648e+14 6.71534e+34 1.36808e+20 3.39053e+38 
5.81065e+14 6.72784e+34 1.36999e+20 3.39269e+38 
5.81483e+14 6.74035e+34 1.3719e+20 3.39485e+38 
5.81901e+14 6.75287e+34 1.3738e+20 3.39701e+38 
5.82319e+14 6.7654e+34 1.37571e+20 3.39917e+38 
5.82737e+14 6.77794e+34 1.37761e+20 3.40133e+38 
5.83156e+14 6.79049e+34 1.37952e+20 3.4035e+38 
5.83575e+14 6.80304e+34 1.38143e+20 3.40566e+38 
5.83995e+14 6.81561e+34 1.38333e+20 3.40783e+38 
5.84414e+14 6.82818e+34 1.38524e+20 3.41e+38 
5.84834e+14 6.84077e+34 1.38714e+20 3.41217e+38 
5.85255e+14 6.85336e+34 1.38904e+20 3.41434e+38 
5.85675e+14 6.86596e+34 1.39095e+20 3.41651e+38 
5.86096e+14 6.87857e+34 1.39285e+20 3.41868e+38 
5.86518e+14 6.89119e+34 1.39476e+20 3.42085e+38 
5.86939e+14 6.90382e+34 1.39666e+20 3.42303e+38 
5.87361e+14 6.91646e+34 1.39856e+20 3.4252e+38 
5.87783e+14 6.9291e+34 1.40047e+20 3.42738e+38 
5.88206e+14 6.94176e+34 1.40237e+20 3.42956e+38 
5.88628e+14 6.95442e+34 1.40427e+20 3.43173e+38 
5.89051e+14 6.9671e+34 1.40617e+20 3.43391e+38 
5.89475e+14 6.97978e+34 1.40808e+20 3.43609e+38 
5.89898e+14 6.99247e+34 1.40998e+20 3.43828e+38 
5.90322e+14 7.00517e+34 1.41188e+20 3.44046e+38 
5.90747e+14 7.01788e+34 1.41378e+20 3.44264e+38 
5.91171e+14 7.0306e+34 1.41568e+20 3.44483e+38 
5.91596e+14 7.04333e+34 1.41758e+20 3.44701e+38 
5.92021e+14 7.05607e+34 1.41948e+20 3.4492e+38 
5.92447e+14 7.06882e+34 1.42138e+20 3.45139e+38 
5.92873e+14 7.08157e+34 1.42328e+20 3.45358e+38 
5.93299e+14 7.09434e+34 1.42518e+20 3.45577e+38 
5.93725e+14 7.10711e+34 1.42708e+20 3.45796e+38 
5.94152e+14 7.1199e+34 1.42898e+20 3.46016e+38 
5.94579e+14 7.13269e+34 1.43088e+20 3.46235e+38 
5.95006e+14 7.14549e+34 1.43278e+20 3.46454e+38 
5.95434e+14 7.15831e+34 1.43468e+20 3.46674e+38 
5.95862e+14 7.17113e+34 1.43658e+20 3.46894e+38 
5.9629e+14 7.18396e+34 1.43847e+20 3.47114e+38 
5.96718e+14 7.19679e+34 1.44037e+20 3.47334e+38 
5.97147e+14 7.20964e+34 1.44227e+20 3.47554e+38 
5.97577e+14 7.2225e+34 1.44417e+20 3.47774e+38 
5.98006e+14 7.23537e+34 1.44606e+20 3.47994e+38 
5.98436e+14 7.24824e+34 1.44796e+20 3.48215e+38 
5.98866e+14 7.26113e+34 1.44986e+20 3.48435e+38 
5.99296e+14 7.27402e+34 1.45175e+20 3.48656e+38 
5.99727e+14 7.28693e+34 1.45365e+20 3.48877e+38 
6.00158e+14 7.29984e+34 1.45555e+20 3.49097e+38 
6.00589e+14 7.31276e+34 1.45744e+20 3.49318e+38 
6.01021e+14 7.32569e+34 1.45934e+20 3.49539e+38 
6.01453e+14 7.33863e+34 1.46123e+20 3.49761e+38 
6.01885e+14 7.35158e+34 1.46313e+20 3.49982e+38 
6.02318e+14 7.36454e+34 1.46502e+20 3.50203e+38 
6.02751e+14 7.37751e+34 1.46692e+20 3.50425e+38 
6.03184e+14 7.39049e+34 1.46881e+20 3.50647e+38 
6.03617e+14 7.40348e+34 1.4707e+20 3.50868e+38 
6.04051e+14 7.41648e+34 1.4726e+20 3.5109e+38 
6.04485e+14 7.42948e+34 1.47449e+20 3.51312e+38 
6.0492e+14 7.4425e+34 1.47638e+20 3.51534e+38 
6.05355e+14 7.45552e+34 1.47828e+20 3.51756e+38 
6.0579e+14 7.46856e+34 1.48017e+20 3.51979e+38 
6.06225e+14 7.4816e+34 1.48206e+20 3.52201e+38 
6.06661e+14 7.49465e+34 1.48396e+20 3.52424e+38 
6.07097e+14 7.50771e+34 1.48585e+20 3.52646e+38 
6.07533e+14 7.52079e+34 1.48774e+20 3.52869e+38 
6.0797e+14 7.53387e+34 1.48963e+20 3.53092e+38 
6.08407e+14 7.54696e+34 1.49152e+20 3.53315e+38 
6.08844e+14 7.56006e+34 1.49341e+20 3.53538e+38 
6.09282e+14 7.57317e+34 1.49531e+20 3.53761e+38 
6.0972e+14 7.58629e+34 1.4972e+20 3.53985e+38 
6.10158e+14 7.59941e+34 1.49909e+20 3.54208e+38 
6.10596e+14 7.61255e+34 1.50098e+20 3.54432e+38 
6.11035e+14 7.6257e+34 1.50287e+20 3.54655e+38 
6.11474e+14 7.63886e+34 1.50476e+20 3.54879e+38 
6.11914e+14 7.65202e+34 1.50665e+20 3.55103e+38 
6.12354e+14 7.6652e+34 1.50854e+20 3.55327e+38 
6.12794e+14 7.67838e+34 1.51042e+20 3.55551e+38 
6.13234e+14 7.69158e+34 1.51231e+20 3.55776e+38 
6.13675e+14 7.70478e+34 1.5142e+20 3.56e+38 
6.14116e+14 7.71799e+34 1.51609e+20 3.56224e+38 
6.14557e+14 7.73122e+34 1.51798e+20 3.56449e+38 
6.14999e+14 7.74445e+34 1.51987e+20 3.56674e+38 
6.15441e+14 7.75769e+34 1.52175e+20 3.56898e+38 
6.15883e+14 7.77094e+34 1.52364e+20 3.57123e+38 
6.16326e+14 7.7842e+34 1.52553e+20 3.57348e+38 
6.16769e+14 7.79747e+34 1.52742e+20 3.57574e+38 
6.17212e+14 7.81075e+34 1.5293e+20 3.57799e+38 
6.17656e+14 7.82404e+34 1.53119e+20 3.58024e+38 
6.181e+14 7.83734e+34 1.53308e+20 3.5825e+38 
6.18544e+14 7.85065e+34 1.53496e+20 3.58475e+38 
6.18988e+14 7.86397e+34 1.53685e+20 3.58701e+38 
6.19433e+14 7.8773e+34 1.53873e+20 3.58927e+38 
6.19878e+14 7.89063e+34 1.54062e+20 3.59153e+38 
6.20324e+14 7.90398e+34 1.5425e+20 3.59379e+38 
6.2077e+14 7.91734e+34 1.54439e+20 3.59605e+38 
6.21216e+14 7.9307e+34 1.54627e+20 3.59832e+38 
6.21662e+14 7.94408e+34 1.54816e+20 3.60058e+38 
6.22109e+14 7.95746e+34 1.55004e+20 3.60285e+38 
6.22556e+14 7.97086e+34 1.55193e+20 3.60511e+38 
6.23004e+14 7.98426e+34 1.55381e+20 3.60738e+38 
6.23452e+14 7.99768e+34 1.5557e+20 3.60965e+38 
6.239e+14 8.0111e+34 1.55758e+20 3.61192e+38 
6.24348e+14 8.02453e+34 1.55946e+20 3.61419e+38 
6.24797e+14 8.03798e+34 1.56134e+20 3.61646e+38 
6.25246e+14 8.05143e+34 1.56323e+20 3.61874e+38 
6.25695e+14 8.06489e+34 1.56511e+20 3.62101e+38 
6.26145e+14 8.07837e+34 1.56699e+20 3.62329e+38 
6.26595e+14 8.09185e+34 1.56887e+20 3.62556e+38 
6.27045e+14 8.10534e+34 1.57076e+20 3.62784e+38 
6.27496e+14 8.11884e+34 1.57264e+20 3.63012e+38 
6.27947e+14 8.13235e+34 1.57452e+20 3.6324e+38 
6.28398e+14 8.14587e+34 1.5764e+20 3.63468e+38 
6.2885e+14 8.1594e+34 1.57828e+20 3.63696e+38 
6.29302e+14 8.17294e+34 1.58016e+20 3.63925e+38 
6.29754e+14 8.18649e+34 1.58204e+20 3.64153e+38 
6.30207e+14 8.20005e+34 1.58392e+20 3.64382e+38 
6.3066e+14 8.21362e+34 1.5858e+20 3.64611e+38 
6.31113e+14 8.2272e+34 1.58768e+20 3.6484e+38 
6.31566e+14 8.24079e+34 1.58956e+20 3.65069e+38 
6.3202e+14 8.25439e+34 1.59144e+20 3.65298e+38 
6.32475e+14 8.268e+34 1.59332e+20 3.65527e+38 
6.32929e+14 8.28161e+34 1.5952e+20 3.65756e+38 
6.33384e+14 8.29524e+34 1.59708e+20 3.65986e+38 
6.33839e+14 8.30888e+34 1.59896e+20 3.66215e+38 
6.34295e+14 8.32253e+34 1.60084e+20 3.66445e+38 
6.34751e+14 8.33618e+34 1.60271e+20 3.66675e+38 
6.35207e+14 8.34985e+34 1.60459e+20 3.66905e+38 
6.35663e+14 8.36353e+34 1.60647e+20 3.67135e+38 
6.3612e+14 8.37722e+34 1.60835e+20 3.67365e+38 
6.36578e+14 8.39091e+34 1.61022e+20 3.67595e+38 
6.37035e+14 8.40462e+34 1.6121e+20 3.67825e+38 
6.37493e+14 8.41833e+34 1.61398e+20 3.68056e+38 
6.37951e+14 8.43206e+34 1.61585e+20 3.68287e+38 
6.3841e+14 8.4458e+34 1.61773e+20 3.68517e+38 
6.38868e+14 8.45954e+34 1.61961e+20 3.68748e+38 
6.39328e+14 8.4733e+34 1.62148e+20 3.68979e+38 
6.39787e+14 8.48706e+34 1.62336e+20 3.6921e+38 
6.40247e+14 8.50084e+34 1.62523e+20 3.69441e+38 
6.40707e+14 8.51463e+34 1.62711e+20 3.69673e+38 
6.41168e+14 8.52842e+34 1.62898e+20 3.69904e+38 
6.41628e+14 8.54223e+34 1.63086e+20 3.70136e+38 
6.42089e+14 8.55604e+34 1.63273e+20 3.70367e+38 
6.42551e+14 8.56987e+34 1.63461e+20 3.70599e+38 
6.43013e+14 8.5837e+34 1.63648e+20 3.70831e+38 
6.43475e+14 8.59755e+34 1.63836e+20 3.71063e+38 
6.43937e+14 8.6114e+34 1.64023e+20 3.71295e+38 
6.444e+14 8.62527e+34 1.6421e+20 3.71527e+38 
6.44863e+14 8.63914e+34 1.64398e+20 3.7176e+38 
6.45327e+14 8.65303e+34 1.64585e+20 3.71992e+38 
6.45791e+14 8.66692e+34 1.64772e+20 3.72225e+38 
6.46255e+14 8.68083e+34 1.64959e+20 3.72458e+38 
6.46719e+14 8.69474e+34 1.65147e+20 3.72691e+38 
6.47184e+14 8.70867e+34 1.65334e+20 3.72924e+38 
6.47649e+14 8.7226e+34 1.65521e+20 3.73157e+38 
6.48115e+14 8.73655e+34 1.65708e+20 3.7339e+38 
6.4858e+14 8.7505e+34 1.65895e+20 3.73623e+38 
6.49047e+14 8.76447e+34 1.66083e+20 3.73857e+38 
6.49513e+14 8.77844e+34 1.6627e+20 3.7409e+38 
6.4998e+14 8.79242e+34 1.66457e+20 3.74324e+38 
6.50447e+14 8.80642e+34 1.66644e+20 3.74558e+38 
6.50914e+14 8.82043e+34 1.66831e+20 3.74792e+38 
6.51382e+14 8.83444e+34 1.67018e+20 3.75026e+38 
6.5185e+14 8.84847e+34 1.67205e+20 3.7526e+38 
6.52319e+14 8.8625e+34 1.67392e+20 3.75494e+38 
6.52788e+14 8.87655e+34 1.67579e+20 3.75729e+38 
6.53257e+14 8.8906e+34 1.67766e+20 3.75963e+38 
6.53726e+14 8.90467e+34 1.67953e+20 3.76198e+38 
6.54196e+14 8.91874e+34 1.6814e+20 3.76433e+38 
6.54666e+14 8.93283e+34 1.68326e+20 3.76667e+38 
6.55137e+14 8.94692e+34 1.68513e+20 3.76902e+38 
6.55608e+14 8.96103e+34 1.687e+20 3.77138e+38 
6.56079e+14 8.97515e+34 1.68887e+20 3.77373e+38 
6.56551e+14 8.98927e+34 1.69074e+20 3.77608e+38 
6.57022e+14 9.00341e+34 1.69261e+20 3.77844e+38 
6.57495e+14 9.01756e+34 1.69447e+20 3.78079e+38 
6.57967e+14 9.03171e+34 1.69634e+20 3.78315e+38 
6.5844e+14 9.04588e+34 1.69821e+20 3.78551e+38 
6.58913e+14 9.06006e+34 1.70007e+20 3.78787e+38 
6.59387e+14 9.07425e+34 1.70194e+20 3.79023e+38 
6.59861e+14 9.08844e+34 1.70381e+20 3.79259e+38 
6.60335e+14 9.10265e+34 1.70567e+20 3.79495e+38 
6.6081e+14 9.11687e+34 1.70754e+20 3.79732e+38 
6.61285e+14 9.1311e+34 1.70941e+20 3.79968e+38 
6.6176e+14 9.14534e+34 1.71127e+20 3.80205e+38 
6.62235e+14 9.15958e+34 1.71314e+20 3.80442e+38 
6.62711e+14 9.17384e+34 1.715e+20 3.80679e+38 
6.63188e+14 9.18811e+34 1.71687e+20 3.80916e+38 
6.63664e+14 9.20239e+34 1.71873e+20 3.81153e+38 
6.64141e+14 9.21668e+34 1.7206e+20 3.8139e+38 
6.64619e+14 9.23098e+34 1.72246e+20 3.81628e+38 
6.65096e+14 9.24529e+34 1.72432e+20 3.81865e+38 
6.65574e+14 9.25961e+34 1.72619e+20 3.82103e+38 
6.66053e+14 9.27394e+34 1.72805e+20 3.82341e+38 
6.66531e+14 9.28828e+34 1.72992e+20 3.82579e+38 
6.6701e+14 9.30264e+34 1.73178e+20 3.82817e+38 
6.6749e+14 9.317e+34 1.73364e+20 3.83055e+38 
6.6797e+14 9.33137e+34 1.73551e+20 3.83293e+38 
6.6845e+14 9.34575e+34 1.73737e+20 3.83532e+38 
6.6893e+14 9.36014e+34 1.73923e+20 3.8377e+38 
6.69411e+14 9.37455e+34 1.74109e+20 3.84009e+38 
6.69892e+14 9.38896e+34 1.74296e+20 3.84248e+38 
6.70373e+14 9.40338e+34 1.74482e+20 3.84486e+38 
6.70855e+14 9.41782e+34 1.74668e+20 3.84725e+38 
6.71337e+14 9.43226e+34 1.74854e+20 3.84965e+38 
6.7182e+14 9.44672e+34 1.7504e+20 3.85204e+38 
6.72303e+14 9.46118e+34 1.75226e+20 3.85443e+38 
6.72786e+14 9.47566e+34 1.75412e+20 3.85683e+38 
6.73269e+14 9.49015e+34 1.75598e+20 3.85922e+38 
6.73753e+14 9.50464e+34 1.75784e+20 3.86162e+38 
6.74238e+14 9.51915e+34 1.75971e+20 3.86402e+38 
6.74722e+14 9.53367e+34 1.76157e+20 3.86642e+38 
6.75207e+14 9.54819e+34 1.76342e+20 3.86882e+38 
6.75692e+14 9.56273e+34 1.76528e+20 3.87122e+38 
6.76178e+14 9.57728e+34 1.76714e+20 3.87363e+38 
6.76664e+14 9.59184e+34 1.769e+20 3.87603e+38 
6.7715e+14 9.60641e+34 1.77086e+20 3.87844e+38 
6.77637e+14 9.62099e+34 1.77272e+20 3.88084e+38 
6.78124e+14 9.63558e+34 1.77458e+20 3.88325e+38 
6.78611e+14 9.65018e+34 1.77644e+20 3.88566e+38 
6.79099e+14 9.66479e+34 1.7783e+20 3.88807e+38 
6.79587e+14 9.67941e+34 1.78015e+20 3.89048e+38 
6.80076e+14 9.69405e+34 1.78201e+20 3.8929e+38 
6.80564e+14 9.70869e+34 1.78387e+20 3.89531e+38 
6.81053e+14 9.72334e+34 1.78573e+20 3.89773e+38 
6.81543e+14 9.73801e+34 1.78758e+20 3.90015e+38 
6.82033e+14 9.75268e+34 1.78944e+20 3.90256e+38 
6.82523e+14 9.76737e+34 1.7913e+20 3.90498e+38 
6.83013e+14 9.78206e+34 1.79316e+20 3.9074e+38 
6.83504e+14 9.79677e+34 1.79501e+20 3.90983e+38 
6.83996e+14 9.81149e+34 1.79687e+20 3.91225e+38 
6.84487e+14 9.82621e+34 1.79872e+20 3.91467e+38 
6.84979e+14 9.84095e+34 1.80058e+20 3.9171e+38 
6.85471e+14 9.8557e+34 1.80244e+20 3.91953e+38 
6.85964e+14 9.87046e+34 1.80429e+20 3.92196e+38 
6.86457e+14 9.88523e+34 1.80615e+20 3.92438e+38 
6.8695e+14 9.90001e+34 1.808e+20 3.92682e+38 
6.87444e+14 9.9148e+34 1.80986e+20 3.92925e+38 
6.87938e+14 9.9296e+34 1.81171e+20 3.93168e+38 
6.88433e+14 9.94442e+34 1.81357e+20 3.93412e+38 
6.88927e+14 9.95924e+34 1.81542e+20 3.93655e+38 
6.89423e+14 9.97407e+34 1.81727e+20 3.93899e+38 
6.89918e+14 9.98892e+34 1.81913e+20 3.94143e+38 
6.90414e+14 1.00038e+35 1.82098e+20 3.94387e+38 
6.9091e+14 1.00186e+35 1.82283e+20 3.94631e+38 
6.91407e+14 1.00335e+35 1.82469e+20 3.94875e+38 
6.91904e+14 1.00484e+35 1.82654e+20 3.95119e+38 
6.92401e+14 1.00633e+35 1.82839e+20 3.95364e+38 
6.92899e+14 1.00782e+35 1.83025e+20 3.95608e+38 
6.93397e+14 1.00931e+35 1.8321e+20 3.95853e+38 
6.93895e+14 1.01081e+35 1.83395e+20 3.96098e+38 
6.94394e+14 1.0123e+35 1.8358e+20 3.96343e+38 
6.94893e+14 1.01379e+35 1.83765e+20 3.96588e+38 
6.95392e+14 1.01529e+35 1.83951e+20 3.96833e+38 
6.95892e+14 1.01679e+35 1.84136e+20 3.97078e+38 
6.96392e+14 1.01829e+35 1.84321e+20 3.97324e+38 
6.96893e+14 1.01979e+35 1.84506e+20 3.97569e+38 
6.97393e+14 1.02129e+35 1.84691e+20 3.97815e+38 
6.97895e+14 1.02279e+35 1.84876e+20 3.98061e+38 
6.98396e+14 1.02429e+35 1.85061e+20 3.98307e+38 
6.98898e+14 1.02579e+35 1.85246e+20 3.98553e+38 
6.994e+14 1.0273e+35 1.85431e+20 3.98799e+38 
6.99903e+14 1.02881e+35 1.85616e+20 3.99045e+38 
7.00406e+14 1.03031e+35 1.85801e+20 3.99292e+38 
7.0091e+14 1.03182e+35 1.85986e+20 3.99538e+38 
7.01413e+14 1.03333e+35 1.86171e+20 3.99785e+38 
7.01917e+14 1.03484e+35 1.86356e+20 4.00032e+38 
7.02422e+14 1.03635e+35 1.86541e+20 4.00279e+38 
7.02927e+14 1.03786e+35 1.86726e+20 4.00526e+38 
7.03432e+14 1.03938e+35 1.86911e+20 4.00773e+38 
7.03938e+14 1.04089e+35 1.87096e+20 4.01021e+38 
7.04443e+14 1.04241e+35 1.8728e+20 4.01268e+38 
7.0495e+14 1.04392e+35 1.87465e+20 4.01516e+38 
7.05456e+14 1.04544e+35 1.8765e+20 4.01763e+38 
7.05963e+14 1.04696e+35 1.87835e+20 4.02011e+38 
7.06471e+14 1.04848e+35 1.88019e+20 4.02259e+38 
7.06979e+14 1.05e+35 1.88204e+20 4.02507e+38 
7.07487e+14 1.05152e+35 1.88389e+20 4.02756e+38 
7.07995e+14 1.05305e+35 1.88574e+20 4.03004e+38 
7.08504e+14 1.05457e+35 1.88758e+20 4.03252e+38 
7.09013e+14 1.0561e+35 1.88943e+20 4.03501e+38 
7.09523e+14 1.05762e+35 1.89127e+20 4.0375e+38 
7.10033e+14 1.05915e+35 1.89312e+20 4.03999e+38 
7.10543e+14 1.06068e+35 1.89497e+20 4.04248e+38 
7.11054e+14 1.06221e+35 1.89681e+20 4.04497e+38 
7.11565e+14 1.06374e+35 1.89866e+20 4.04746e+38 
7.12076e+14 1.06527e+35 1.9005e+20 4.04995e+38 
7.12588e+14 1.06681e+35 1.90235e+20 4.05245e+38 
7.131e+14 1.06834e+35 1.90419e+20 4.05495e+38 
7.13613e+14 1.06988e+35 1.90604e+20 4.05744e+38 
7.14125e+14 1.07141e+35 1.90788e+20 4.05994e+38 
7.14639e+14 1.07295e+35 1.90973e+20 4.06244e+38 
7.15152e+14 1.07449e+35 1.91157e+20 4.06494e+38 
7.15666e+14 1.07603e+35 1.91342e+20 4.06745e+38 
7.16181e+14 1.07757e+35 1.91526e+20 4.06995e+38 
7.16695e+14 1.07911e+35 1.9171e+20 4.07246e+38 
7.1721e+14 1.08066e+35 1.91895e+20 4.07496e+38 
7.17726e+14 1.0822e+35 1.92079e+20 4.07747e+38 
7.18242e+14 1.08375e+35 1.92263e+20 4.07998e+38 
7.18758e+14 1.08529e+35 1.92448e+20 4.08249e+38 
7.19275e+14 1.08684e+35 1.92632e+20 4.085e+38 
7.19792e+14 1.08839e+35 1.92816e+20 4.08752e+38 
7.20309e+14 1.08994e+35 1.93e+20 4.09003e+38 
7.20827e+14 1.09149e+35 1.93185e+20 4.09255e+38 
7.21345e+14 1.09304e+35 1.93369e+20 4.09506e+38 
7.21863e+14 1.09459e+35 1.93553e+20 4.09758e+38 
7.22382e+14 1.09615e+35 1.93737e+20 4.1001e+38 
7.22901e+14 1.0977e+35 1.93921e+20 4.10262e+38 
7.23421e+14 1.09926e+35 1.94105e+20 4.10514e+38 
7.23941e+14 1.10082e+35 1.94289e+20 4.10767e+38 
7.24461e+14 1.10238e+35 1.94473e+20 4.11019e+38 
7.24982e+14 1.10394e+35 1.94658e+20 4.11272e+38 
7.25503e+14 1.1055e+35 1.94842e+20 4.11525e+38 
7.26024e+14 1.10706e+35 1.95026e+20 4.11777e+38 
7.26546e+14 1.10862e+35 1.9521e+20 4.1203e+38 
7.27068e+14 1.11019e+35 1.95394e+20 4.12284e+38 
7.27591e+14 1.11175e+35 1.95578e+20 4.12537e+38 
7.28113e+14 1.11332e+35 1.95762e+20 4.1279e+38 
7.28637e+14 1.11489e+35 1.95945e+20 4.13044e+38 
7.2916e+14 1.11646e+35 1.96129e+20 4.13297e+38 
7.29684e+14 1.11803e+35 1.96313e+20 4.13551e+38 
7.30209e+14 1.1196e+35 1.96497e+20 4.13805e+38 
7.30734e+14 1.12117e+35 1.96681e+20 4.14059e+38 
7.31259e+14 1.12274e+35 1.96865e+20 4.14313e+38 
7.31784e+14 1.12432e+35 1.97049e+20 4.14568e+38 
7.3231e+14 1.12589e+35 1.97232e+20 4.14822e+38 
7.32837e+14 1.12747e+35 1.97416e+20 4.15077e+38 
7.33363e+14 1.12905e+35 1.976e+20 4.15331e+38 
7.33891e+14 1.13063e+35 1.97784e+20 4.15586e+38 
7.34418e+14 1.13221e+35 1.97968e+20 4.15841e+38 
7.34946e+14 1.13379e+35 1.98151e+20 4.16096e+38 
7.35474e+14 1.13537e+35 1.98335e+20 4.16351e+38 
7.36003e+14 1.13695e+35 1.98519e+20 4.16607e+38 
7.36532e+14 1.13854e+35 1.98702e+20 4.16862e+38 
7.37061e+14 1.14012e+35 1.98886e+20 4.17118e+38 
7.37591e+14 1.14171e+35 1.9907e+20 4.17373e+38 
7.38121e+14 1.1433e+35 1.99253e+20 4.17629e+38 
7.38651e+14 1.14489e+35 1.99437e+20 4.17885e+38 
7.39182e+14 1.14648e+35 1.9962e+20 4.18141e+38 
7.39713e+14 1.14807e+35 1.99804e+20 4.18398e+38 
7.40245e+14 1.14966e+35 1.99987e+20 4.18654e+38 
7.40777e+14 1.15126e+35 2.00171e+20 4.18911e+38 
7.41309e+14 1.15285e+35 2.00354e+20 4.19167e+38 
7.41842e+14 1.15445e+35 2.00538e+20 4.19424e+38 
7.42375e+14 1.15605e+35 2.00721e+20 4.19681e+38 
7.42909e+14 1.15764e+35 2.00905e+20 4.19938e+38 
7.43443e+14 1.15924e+35 2.01088e+20 4.20195e+38 
7.43977e+14 1.16084e+35 2.01272e+20 4.20453e+38 
7.44512e+14 1.16245e+35 2.01455e+20 4.2071e+38 
7.45047e+14 1.16405e+35 2.01638e+20 4.20968e+38 
7.45583e+14 1.16565e+35 2.01822e+20 4.21225e+38 
7.46118e+14 1.16726e+35 2.02005e+20 4.21483e+38 
7.46655e+14 1.16887e+35 2.02188e+20 4.21741e+38 
7.47191e+14 1.17047e+35 2.02372e+20 4.21999e+38 
7.47728e+14 1.17208e+35 2.02555e+20 4.22258e+38 
7.48266e+14 1.17369e+35 2.02738e+20 4.22516e+38 
7.48803e+14 1.1753e+35 2.02921e+20 4.22775e+38 
7.49342e+14 1.17692e+35 2.03105e+20 4.23033e+38 
7.4988e+14 1.17853e+35 2.03288e+20 4.23292e+38 
7.50419e+14 1.18014e+35 2.03471e+20 4.23551e+38 
7.50958e+14 1.18176e+35 2.03654e+20 4.2381e+38 
7.51498e+14 1.18338e+35 2.03837e+20 4.24069e+38 
7.52038e+14 1.18499e+35 2.04021e+20 4.24328e+38 
7.52579e+14 1.18661e+35 2.04204e+20 4.24588e+38 
7.5312e+14 1.18823e+35 2.04387e+20 4.24847e+38 
7.53661e+14 1.18986e+35 2.0457e+20 4.25107e+38 
7.54203e+14 1.19148e+35 2.04753e+20 4.25367e+38 
7.54745e+14 1.1931e+35 2.04936e+20 4.25627e+38 
7.55287e+14 1.19473e+35 2.05119e+20 4.25887e+38 
7.5583e+14 1.19635e+35 2.05302e+20 4.26147e+38 
7.56373e+14 1.19798e+35 2.05485e+20 4.26408e+38 
7.56917e+14 1.19961e+35 2.05668e+20 4.26668e+38 
7.57461e+14 1.20124e+35 2.05851e+20 4.26929e+38 
7.58005e+14 1.20287e+35 2.06034e+20 4.2719e+38 
7.5855e+14 1.2045e+35 2.06217e+20 4.27451e+38 
7.59095e+14 1.20614e+35 2.064e+20 4.27712e+38 
7.59641e+14 1.20777e+35 2.06583e+20 4.27973e+38 
7.60187e+14 1.20941e+35 2.06766e+20 4.28234e+38 
7.60733e+14 1.21104e+35 2.06948e+20 4.28496e+38 
7.6128e+14 1.21268e+35 2.07131e+20 4.28757e+38 
7.61827e+14 1.21432e+35 2.07314e+20 4.29019e+38 
7.62374e+14 1.21596e+35 2.07497e+20 4.29281e+38 
7.62922e+14 1.2176e+35 2.0768e+20 4.29543e+38 
7.63471e+14 1.21924e+35 2.07862e+20 4.29805e+38 
7.64019e+14 1.22089e+35 2.08045e+20 4.30067e+38 
7.64569e+14 1.22253e+35 2.08228e+20 4.3033e+38 
7.65118e+14 1.22418e+35 2.08411e+20 4.30592e+38 
7.65668e+14 1.22583e+35 2.08593e+20 4.30855e+38 
7.66218e+14 1.22748e+35 2.08776e+20 4.31118e+38 
7.66769e+14 1.22913e+35 2.08959e+20 4.31381e+38 
7.6732e+14 1.23078e+35 2.09141e+20 4.31644e+38 
7.67871e+14 1.23243e+35 2.09324e+20 4.31907e+38 
7.68423e+14 1.23408e+35 2.09507e+20 4.3217e+38 
7.68976e+14 1.23574e+35 2.09689e+20 4.32434e+38 
7.69528e+14 1.23739e+35 2.09872e+20 4.32697e+38 
7.70081e+14 1.23905e+35 2.10054e+20 4.32961e+38 
7.70635e+14 1.24071e+35 2.10237e+20 4.33225e+38 
7.71189e+14 1.24237e+35 2.10419e+20 4.33489e+38 
7.71743e+14 1.24403e+35 2.10602e+20 4.33753e+38 
7.72298e+14 1.24569e+35 2.10784e+20 4.34018e+38 
7.72853e+14 1.24735e+35 2.10967e+20 4.34282e+38 
7.73408e+14 1.24902e+35 2.11149e+20 4.34547e+38 
7.73964e+14 1.25068e+35 2.11332e+20 4.34811e+38 
7.7452e+14 1.25235e+35 2.11514e+20 4.35076e+38 
7.75077e+14 1.25401e+35 2.11697e+20 4.35341e+38 
7.75634e+14 1.25568e+35 2.11879e+20 4.35606e+38 
7.76191e+14 1.25735e+35 2.12061e+20 4.35872e+38 
7.76749e+14 1.25902e+35 2.12244e+20 4.36137e+38 
7.77308e+14 1.2607e+35 2.12426e+20 4.36403e+38 
7.77866e+14 1.26237e+35 2.12608e+20 4.36668e+38 
7.78425e+14 1.26405e+35 2.12791e+20 4.36934e+38 
7.78985e+14 1.26572e+35 2.12973e+20 4.372e+38 
7.79545e+14 1.2674e+35 2.13155e+20 4.37466e+38 
7.80105e+14 1.26908e+35 2.13338e+20 4.37732e+38 
7.80666e+14 1.27076e+35 2.1352e+20 4.37999e+38 
7.81227e+14 1.27244e+35 2.13702e+20 4.38265e+38 
7.81788e+14 1.27412e+35 2.13884e+20 4.38532e+38 
7.8235e+14 1.2758e+35 2.14066e+20 4.38799e+38 
7.82912e+14 1.27749e+35 2.14249e+20 4.39065e+38 
7.83475e+14 1.27917e+35 2.14431e+20 4.39333e+38 
7.84038e+14 1.28086e+35 2.14613e+20 4.396e+38 
7.84602e+14 1.28255e+35 2.14795e+20 4.39867e+38 
7.85165e+14 1.28424e+35 2.14977e+20 4.40134e+38 
7.8573e+14 1.28593e+35 2.15159e+20 4.40402e+38 
7.86294e+14 1.28762e+35 2.15341e+20 4.4067e+38 
7.8686e+14 1.28931e+35 2.15523e+20 4.40938e+38 
7.87425e+14 1.29101e+35 2.15705e+20 4.41206e+38 
7.87991e+14 1.2927e+35 2.15887e+20 4.41474e+38 
7.88557e+14 1.2944e+35 2.16069e+20 4.41742e+38 
7.89124e+14 1.2961e+35 2.16251e+20 4.42011e+38 
7.89691e+14 1.2978e+35 2.16433e+20 4.42279e+38 
7.90259e+14 1.2995e+35 2.16615e+20 4.42548e+38 
7.90827e+14 1.3012e+35 2.16797e+20 4.42817e+38 
7.91395e+14 1.3029e+35 2.16979e+20 4.43086e+38 
7.91964e+14 1.30461e+35 2.17161e+20 4.43355e+38 
7.92533e+14 1.30631e+35 2.17343e+20 4.43624e+38 
7.93103e+14 1.30802e+35 2.17525e+20 4.43893e+38 
7.93673e+14 1.30972e+35 2.17707e+20 4.44163e+38 
7.94243e+14 1.31143e+35 2.17889e+20 4.44433e+38 
7.94814e+14 1.31314e+35 2.1807e+20 4.44702e+38 
7.95385e+14 1.31486e+35 2.18252e+20 4.44972e+38 
7.95957e+14 1.31657e+35 2.18434e+20 4.45243e+38 
7.96529e+14 1.31828e+35 2.18616e+20 4.45513e+38 
7.97101e+14 1.32e+35 2.18798e+20 4.45783e+38 
7.97674e+14 1.32171e+35 2.18979e+20 4.46054e+38 
7.98248e+14 1.32343e+35 2.19161e+20 4.46324e+38 
7.98821e+14 1.32515e+35 2.19343e+20 4.46595e+38 
7.99395e+14 1.32687e+35 2.19524e+20 4.46866e+38 
7.9997e+14 1.32859e+35 2.19706e+20 4.47137e+38 
8.00545e+14 1.33031e+35 2.19888e+20 4.47408e+38 
8.0112e+14 1.33204e+35 2.20069e+20 4.4768e+38 
8.01696e+14 1.33376e+35 2.20251e+20 4.47951e+38 
8.02272e+14 1.33549e+35 2.20433e+20 4.48223e+38 
8.02849e+14 1.33722e+35 2.20614e+20 4.48495e+38 
8.03426e+14 1.33894e+35 2.20796e+20 4.48766e+38 
8.04003e+14 1.34067e+35 2.20977e+20 4.49039e+38 
8.04581e+14 1.3424e+35 2.21159e+20 4.49311e+38 
8.05159e+14 1.34414e+35 2.2134e+20 4.49583e+38 
8.05738e+14 1.34587e+35 2.21522e+20 4.49856e+38 
8.06317e+14 1.34761e+35 2.21703e+20 4.50128e+38 
8.06897e+14 1.34934e+35 2.21885e+20 4.50401e+38 
8.07477e+14 1.35108e+35 2.22066e+20 4.50674e+38 
8.08057e+14 1.35282e+35 2.22248e+20 4.50947e+38 
8.08638e+14 1.35456e+35 2.22429e+20 4.5122e+38 
8.09219e+14 1.3563e+35 2.22611e+20 4.51493e+38 
8.098e+14 1.35804e+35 2.22792e+20 4.51767e+38 
8.10382e+14 1.35978e+35 2.22973e+20 4.5204e+38 
8.10965e+14 1.36153e+35 2.23155e+20 4.52314e+38 
8.11548e+14 1.36328e+35 2.23336e+20 4.52588e+38 
8.12131e+14 1.36502e+35 2.23518e+20 4.52862e+38 
8.12715e+14 1.36677e+35 2.23699e+20 4.53136e+38 
8.13299e+14 1.36852e+35 2.2388e+20 4.53411e+38 
8.13883e+14 1.37027e+35 2.24061e+20 4.53685e+38 
8.14468e+14 1.37203e+35 2.24243e+20 4.5396e+38 
8.15054e+14 1.37378e+35 2.24424e+20 4.54234e+38 
8.15639e+14 1.37553e+35 2.24605e+20 4.54509e+38 
8.16226e+14 1.37729e+35 2.24786e+20 4.54784e+38 
8.16812e+14 1.37905e+35 2.24968e+20 4.55059e+38 
8.17399e+14 1.38081e+35 2.25149e+20 4.55335e+38 
8.17987e+14 1.38257e+35 2.2533e+20 4.5561e+38 
8.18575e+14 1.38433e+35 2.25511e+20 4.55886e+38 
8.19163e+14 1.38609e+35 2.25692e+20 4.56162e+38 
8.19752e+14 1.38785e+35 2.25873e+20 4.56437e+38 
8.20341e+14 1.38962e+35 2.26055e+20 4.56713e+38 
8.20931e+14 1.39139e+35 2.26236e+20 4.5699e+38 
8.21521e+14 1.39315e+35 2.26417e+20 4.57266e+38 
8.22111e+14 1.39492e+35 2.26598e+20 4.57542e+38 
8.22702e+14 1.39669e+35 2.26779e+20 4.57819e+38 
8.23293e+14 1.39846e+35 2.2696e+20 4.58096e+38 
8.23885e+14 1.40024e+35 2.27141e+20 4.58373e+38 
8.24477e+14 1.40201e+35 2.27322e+20 4.5865e+38 
8.2507e+14 1.40379e+35 2.27503e+20 4.58927e+38 
8.25663e+14 1.40556e+35 2.27684e+20 4.59204e+38 
8.26256e+14 1.40734e+35 2.27865e+20 4.59481e+38 
8.2685e+14 1.40912e+35 2.28046e+20 4.59759e+38 
8.27444e+14 1.4109e+35 2.28227e+20 4.60037e+38 
8.28039e+14 1.41268e+35 2.28408e+20 4.60315e+38 
8.28634e+14 1.41446e+35 2.28588e+20 4.60593e+38 
8.29229e+14 1.41625e+35 2.28769e+20 4.60871e+38 
8.29825e+14 1.41803e+35 2.2895e+20 4.61149e+38 
8.30422e+14 1.41982e+35 2.29131e+20 4.61428e+38 
8.31019e+14 1.42161e+35 2.29312e+20 4.61706e+38 
8.31616e+14 1.4234e+35 2.29493e+20 4.61985e+38 
8.32214e+14 1.42519e+35 2.29673e+20 4.62264e+38 
8.32812e+14 1.42698e+35 2.29854e+20 4.62543e+38 
8.3341e+14 1.42877e+35 2.30035e+20 4.62822e+38 
8.34009e+14 1.43057e+35 2.30216e+20 4.63101e+38 
8.34609e+14 1.43236e+35 2.30397e+20 4.63381e+38 
8.35208e+14 1.43416e+35 2.30577e+20 4.6366e+38 
8.35809e+14 1.43596e+35 2.30758e+20 4.6394e+38 
8.36409e+14 1.43776e+35 2.30939e+20 4.6422e+38 
8.37011e+14 1.43956e+35 2.31119e+20 4.645e+38 
8.37612e+14 1.44136e+35 2.313e+20 4.6478e+38 
8.38214e+14 1.44316e+35 2.31481e+20 4.65061e+38 
8.38817e+14 1.44497e+35 2.31661e+20 4.65341e+38 
8.39419e+14 1.44678e+35 2.31842e+20 4.65622e+38 
8.40023e+14 1.44858e+35 2.32022e+20 4.65903e+38 
8.40626e+14 1.45039e+35 2.32203e+20 4.66183e+38 
8.41231e+14 1.4522e+35 2.32384e+20 4.66465e+38 
8.41835e+14 1.45401e+35 2.32564e+20 4.66746e+38 
8.4244e+14 1.45583e+35 2.32745e+20 4.67027e+38 
8.43046e+14 1.45764e+35 2.32925e+20 4.67309e+38 
8.43652e+14 1.45945e+35 2.33106e+20 4.6759e+38 
8.44258e+14 1.46127e+35 2.33286e+20 4.67872e+38 
8.44865e+14 1.46309e+35 2.33467e+20 4.68154e+38 
8.45472e+14 1.46491e+35 2.33647e+20 4.68436e+38 
8.4608e+14 1.46673e+35 2.33828e+20 4.68718e+38 
8.46688e+14 1.46855e+35 2.34008e+20 4.69001e+38 
8.47296e+14 1.47037e+35 2.34188e+20 4.69283e+38 
8.47905e+14 1.4722e+35 2.34369e+20 4.69566e+38 
8.48515e+14 1.47402e+35 2.34549e+20 4.69849e+38 
8.49124e+14 1.47585e+35 2.3473e+20 4.70132e+38 
8.49735e+14 1.47768e+35 2.3491e+20 4.70415e+38 
8.50345e+14 1.47951e+35 2.3509e+20 4.70698e+38 
8.50957e+14 1.48134e+35 2.35271e+20 4.70981e+38 
8.51568e+14 1.48317e+35 2.35451e+20 4.71265e+38 
8.5218e+14 1.485e+35 2.35631e+20 4.71549e+38 
8.52793e+14 1.48684e+35 2.35811e+20 4.71832e+38 
8.53406e+14 1.48868e+35 2.35992e+20 4.72116e+38 
8.54019e+14 1.49051e+35 2.36172e+20 4.72401e+38 
8.54633e+14 1.49235e+35 2.36352e+20 4.72685e+38 
8.55247e+14 1.49419e+35 2.36532e+20 4.72969e+38 
8.55862e+14 1.49603e+35 2.36713e+20 4.73254e+38 
8.56477e+14 1.49788e+35 2.36893e+20 4.73539e+38 
8.57092e+14 1.49972e+35 2.37073e+20 4.73823e+38 
8.57708e+14 1.50157e+35 2.37253e+20 4.74108e+38 
8.58325e+14 1.50341e+35 2.37433e+20 4.74394e+38 
8.58942e+14 1.50526e+35 2.37613e+20 4.74679e+38 
8.59559e+14 1.50711e+35 2.37793e+20 4.74964e+38 
8.60177e+14 1.50896e+35 2.37974e+20 4.7525e+38 
8.60795e+14 1.51081e+35 2.38154e+20 4.75536e+38 
8.61414e+14 1.51267e+35 2.38334e+20 4.75822e+38 
8.62033e+14 1.51452e+35 2.38514e+20 4.76108e+38 
8.62652e+14 1.51638e+35 2.38694e+20 4.76394e+38 
8.63272e+14 1.51823e+35 2.38874e+20 4.7668e+38 
8.63893e+14 1.52009e+35 2.39054e+20 4.76967e+38 
8.64514e+14 1.52195e+35 2.39234e+20 4.77253e+38 
8.65135e+14 1.52382e+35 2.39414e+20 4.7754e+38 
8.65757e+14 1.52568e+35 2.39594e+20 4.77827e+38 
8.66379e+14 1.52754e+35 2.39774e+20 4.78114e+38 
8.67002e+14 1.52941e+35 2.39954e+20 4.78401e+38 
8.67625e+14 1.53127e+35 2.40134e+20 4.78689e+38 
8.68248e+14 1.53314e+35 2.40313e+20 4.78976e+38 
8.68872e+14 1.53501e+35 2.40493e+20 4.79264e+38 
8.69497e+14 1.53688e+35 2.40673e+20 4.79552e+38 
8.70122e+14 1.53875e+35 2.40853e+20 4.7984e+38 
8.70747e+14 1.54063e+35 2.41033e+20 4.80128e+38 
8.71373e+14 1.5425e+35 2.41213e+20 4.80416e+38 
8.71999e+14 1.54438e+35 2.41392e+20 4.80705e+38 
8.72626e+14 1.54626e+35 2.41572e+20 4.80993e+38 
8.73253e+14 1.54814e+35 2.41752e+20 4.81282e+38 
8.73881e+14 1.55002e+35 2.41932e+20 4.81571e+38 
8.74509e+14 1.5519e+35 2.42112e+20 4.8186e+38 
8.75137e+14 1.55378e+35 2.42291e+20 4.82149e+38 
8.75766e+14 1.55566e+35 2.42471e+20 4.82439e+38 
8.76396e+14 1.55755e+35 2.42651e+20 4.82728e+38 
8.77026e+14 1.55944e+35 2.4283e+20 4.83018e+38 
8.77656e+14 1.56133e+35 2.4301e+20 4.83307e+38 
8.78287e+14 1.56322e+35 2.4319e+20 4.83597e+38 
8.78918e+14 1.56511e+35 2.43369e+20 4.83887e+38 
8.7955e+14 1.567e+35 2.43549e+20 4.84178e+38 
8.80182e+14 1.56889e+35 2.43729e+20 4.84468e+38 
8.80814e+14 1.57079e+35 2.43908e+20 4.84759e+38 
8.81447e+14 1.57268e+35 2.44088e+20 4.85049e+38 
8.82081e+14 1.57458e+35 2.44268e+20 4.8534e+38 
8.82715e+14 1.57648e+35 2.44447e+20 4.85631e+38 
8.83349e+14 1.57838e+35 2.44627e+20 4.85922e+38 
8.83984e+14 1.58028e+35 2.44806e+20 4.86214e+38 
8.84619e+14 1.58219e+35 2.44986e+20 4.86505e+38 
8.85255e+14 1.58409e+35 2.45165e+20 4.86797e+38 
8.85892e+14 1.586e+35 2.45345e+20 4.87088e+38 
8.86528e+14 1.58791e+35 2.45524e+20 4.8738e+38 
8.87165e+14 1.58981e+35 2.45704e+20 4.87672e+38 
8.87803e+14 1.59173e+35 2.45883e+20 4.87965e+38 
8.88441e+14 1.59364e+35 2.46063e+20 4.88257e+38 
8.8908e+14 1.59555e+35 2.46242e+20 4.88549e+38 
8.89719e+14 1.59746e+35 2.46421e+20 4.88842e+38 
8.90358e+14 1.59938e+35 2.46601e+20 4.89135e+38 
8.90998e+14 1.6013e+35 2.4678e+20 4.89428e+38 
8.91638e+14 1.60322e+35 2.46959e+20 4.89721e+38 
8.92279e+14 1.60514e+35 2.47139e+20 4.90014e+38 
8.9292e+14 1.60706e+35 2.47318e+20 4.90308e+38 
8.93562e+14 1.60898e+35 2.47497e+20 4.90601e+38 
8.94204e+14 1.6109e+35 2.47677e+20 4.90895e+38 
8.94847e+14 1.61283e+35 2.47856e+20 4.91189e+38 
8.9549e+14 1.61475e+35 2.48035e+20 4.91483e+38 
8.96134e+14 1.61668e+35 2.48215e+20 4.91777e+38 
8.96778e+14 1.61861e+35 2.48394e+20 4.92071e+38 
8.97422e+14 1.62054e+35 2.48573e+20 4.92366e+38 
8.98067e+14 1.62248e+35 2.48752e+20 4.9266e+38 
8.98713e+14 1.62441e+35 2.48932e+20 4.92955e+38 
8.99359e+14 1.62634e+35 2.49111e+20 4.9325e+38 
9.00005e+14 1.62828e+35 2.4929e+20 4.93545e+38 
9.00652e+14 1.63022e+35 2.49469e+20 4.9384e+38 
9.01299e+14 1.63216e+35 2.49648e+20 4.94136e+38 
9.01947e+14 1.6341e+35 2.49827e+20 4.94431e+38 
9.02595e+14 1.63604e+35 2.50006e+20 4.94727e+38 
9.03244e+14 1.63798e+35 2.50186e+20 4.95023e+38 
9.03893e+14 1.63993e+35 2.50365e+20 4.95319e+38 
9.04543e+14 1.64188e+35 2.50544e+20 4.95615e+38 
9.05193e+14 1.64382e+35 2.50723e+20 4.95911e+38 
9.05843e+14 1.64577e+35 2.50902e+20 4.96208e+38 
9.06495e+14 1.64772e+35 2.51081e+20 4.96505e+38 
9.07146e+14 1.64967e+35 2.5126e+20 4.96801e+38 
9.07798e+14 1.65163e+35 2.51439e+20 4.97098e+38 
9.0845e+14 1.65358e+35 2.51618e+20 4.97395e+38 
9.09103e+14 1.65554e+35 2.51797e+20 4.97693e+38 
9.09757e+14 1.6575e+35 2.51976e+20 4.9799e+38 
9.10411e+14 1.65945e+35 2.52155e+20 4.98288e+38 
9.11065e+14 1.66141e+35 2.52334e+20 4.98585e+38 
9.1172e+14 1.66338e+35 2.52513e+20 4.98883e+38 
9.12375e+14 1.66534e+35 2.52692e+20 4.99181e+38 
9.13031e+14 1.6673e+35 2.5287e+20 4.99479e+38 
9.13687e+14 1.66927e+35 2.53049e+20 4.99778e+38 
9.14344e+14 1.67124e+35 2.53228e+20 5.00076e+38 
9.15001e+14 1.67321e+35 2.53407e+20 5.00375e+38 
9.15658e+14 1.67518e+35 2.53586e+20 5.00674e+38 
9.16316e+14 1.67715e+35 2.53765e+20 5.00973e+38 
9.16975e+14 1.67912e+35 2.53944e+20 5.01272e+38 
9.17634e+14 1.68109e+35 2.54122e+20 5.01571e+38 
9.18294e+14 1.68307e+35 2.54301e+20 5.0187e+38 
9.18954e+14 1.68505e+35 2.5448e+20 5.0217e+38 
9.19614e+14 1.68703e+35 2.54659e+20 5.0247e+38 
9.20275e+14 1.68901e+35 2.54837e+20 5.0277e+38 
9.20936e+14 1.69099e+35 2.55016e+20 5.0307e+38 
9.21598e+14 1.69297e+35 2.55195e+20 5.0337e+38 
9.22261e+14 1.69496e+35 2.55374e+20 5.0367e+38 
9.22923e+14 1.69694e+35 2.55552e+20 5.03971e+38 
9.23587e+14 1.69893e+35 2.55731e+20 5.04271e+38 
9.24251e+14 1.70092e+35 2.5591e+20 5.04572e+38 
9.24915e+14 1.70291e+35 2.56088e+20 5.04873e+38 
9.2558e+14 1.7049e+35 2.56267e+20 5.05174e+38 
9.26245e+14 1.70689e+35 2.56446e+20 5.05476e+38 
9.26911e+14 1.70889e+35 2.56624e+20 5.05777e+38 
9.27577e+14 1.71088e+35 2.56803e+20 5.06079e+38 
9.28243e+14 1.71288e+35 2.56981e+20 5.0638e+38 
9.2891e+14 1.71488e+35 2.5716e+20 5.06682e+38 
9.29578e+14 1.71688e+35 2.57338e+20 5.06984e+38 
9.30246e+14 1.71888e+35 2.57517e+20 5.07287e+38 
9.30915e+14 1.72088e+35 2.57695e+20 5.07589e+38 
9.31584e+14 1.72289e+35 2.57874e+20 5.07891e+38 
9.32253e+14 1.72489e+35 2.58053e+20 5.08194e+38 
9.32923e+14 1.7269e+35 2.58231e+20 5.08497e+38 
9.33594e+14 1.72891e+35 2.58409e+20 5.088e+38 
9.34265e+14 1.73092e+35 2.58588e+20 5.09103e+38 
9.34936e+14 1.73293e+35 2.58766e+20 5.09407e+38 
9.35608e+14 1.73494e+35 2.58945e+20 5.0971e+38 
9.36281e+14 1.73696e+35 2.59123e+20 5.10014e+38 
9.36954e+14 1.73897e+35 2.59302e+20 5.10318e+38 
9.37627e+14 1.74099e+35 2.5948e+20 5.10621e+38 
9.38301e+14 1.74301e+35 2.59658e+20 5.10926e+38 
9.38975e+14 1.74503e+35 2.59837e+20 5.1123e+38 
9.3965e+14 1.74705e+35 2.60015e+20 5.11534e+38 
9.40325e+14 1.74907e+35 2.60193e+20 5.11839e+38 
9.41001e+14 1.7511e+35 2.60372e+20 5.12144e+38 
9.41678e+14 1.75313e+35 2.6055e+20 5.12449e+38 
9.42354e+14 1.75515e+35 2.60728e+20 5.12754e+38 
9.43032e+14 1.75718e+35 2.60907e+20 5.13059e+38 
9.43709e+14 1.75921e+35 2.61085e+20 5.13364e+38 
9.44388e+14 1.76124e+35 2.61263e+20 5.1367e+38 
9.45066e+14 1.76328e+35 2.61441e+20 5.13976e+38 
9.45746e+14 1.76531e+35 2.6162e+20 5.14281e+38 
9.46425e+14 1.76735e+35 2.61798e+20 5.14587e+38 
9.47106e+14 1.76939e+35 2.61976e+20 5.14894e+38 
9.47786e+14 1.77143e+35 2.62154e+20 5.152e+38 
9.48467e+14 1.77347e+35 2.62332e+20 5.15506e+38 
9.49149e+14 1.77551e+35 2.62511e+20 5.15813e+38 
9.49831e+14 1.77755e+35 2.62689e+20 5.1612e+38 
9.50514e+14 1.7796e+35 2.62867e+20 5.16427e+38 
9.51197e+14 1.78164e+35 2.63045e+20 5.16734e+38 
9.51881e+14 1.78369e+35 2.63223e+20 5.17041e+38 
9.52565e+14 1.78574e+35 2.63401e+20 5.17349e+38 
9.5325e+14 1.78779e+35 2.63579e+20 5.17656e+38 
9.53935e+14 1.78985e+35 2.63757e+20 5.17964e+38 
9.5462e+14 1.7919e+35 2.63935e+20 5.18272e+38 
9.55306e+14 1.79395e+35 2.64113e+20 5.1858e+38 
9.55993e+14 1.79601e+35 2.64292e+20 5.18889e+38 
9.5668e+14 1.79807e+35 2.6447e+20 5.19197e+38 
9.57368e+14 1.80013e+35 2.64648e+20 5.19506e+38 
9.58056e+14 1.80219e+35 2.64826e+20 5.19814e+38 
9.58744e+14 1.80425e+35 2.65004e+20 5.20123e+38 
9.59433e+14 1.80632e+35 2.65181e+20 5.20432e+38 
9.60123e+14 1.80838e+35 2.65359e+20 5.20741e+38 
9.60813e+14 1.81045e+35 2.65537e+20 5.21051e+38 
9.61503e+14 1.81252e+35 2.65715e+20 5.2136e+38 
9.62194e+14 1.81459e+35 2.65893e+20 5.2167e+38 
9.62886e+14 1.81666e+35 2.66071e+20 5.2198e+38 
9.63578e+14 1.81874e+35 2.66249e+20 5.2229e+38 
9.64271e+14 1.82081e+35 2.66427e+20 5.226e+38 
9.64964e+14 1.82289e+35 2.66605e+20 5.22911e+38 
9.65657e+14 1.82496e+35 2.66783e+20 5.23221e+38 
9.66351e+14 1.82704e+35 2.6696e+20 5.23532e+38 
9.67046e+14 1.82912e+35 2.67138e+20 5.23843e+38 
9.67741e+14 1.83121e+35 2.67316e+20 5.24154e+38 
9.68436e+14 1.83329e+35 2.67494e+20 5.24465e+38 
9.69132e+14 1.83538e+35 2.67672e+20 5.24776e+38 
9.69829e+14 1.83746e+35 2.67849e+20 5.25088e+38 
9.70526e+14 1.83955e+35 2.68027e+20 5.25399e+38 
9.71223e+14 1.84164e+35 2.68205e+20 5.25711e+38 
9.71921e+14 1.84373e+35 2.68383e+20 5.26023e+38 
9.7262e+14 1.84582e+35 2.6856e+20 5.26335e+38 
9.73319e+14 1.84792e+35 2.68738e+20 5.26647e+38 
9.74018e+14 1.85001e+35 2.68916e+20 5.2696e+38 
9.74719e+14 1.85211e+35 2.69093e+20 5.27273e+38 
9.75419e+14 1.85421e+35 2.69271e+20 5.27585e+38 
9.7612e+14 1.85631e+35 2.69449e+20 5.27898e+38 
9.76822e+14 1.85841e+35 2.69626e+20 5.28211e+38 
9.77524e+14 1.86051e+35 2.69804e+20 5.28525e+38 
9.78226e+14 1.86262e+35 2.69982e+20 5.28838e+38 
9.78929e+14 1.86473e+35 2.70159e+20 5.29152e+38 
9.79633e+14 1.86683e+35 2.70337e+20 5.29466e+38 
9.80337e+14 1.86894e+35 2.70514e+20 5.29779e+38 
9.81042e+14 1.87105e+35 2.70692e+20 5.30094e+38 
9.81747e+14 1.87317e+35 2.7087e+20 5.30408e+38 
9.82452e+14 1.87528e+35 2.71047e+20 5.30722e+38 
9.83158e+14 1.8774e+35 2.71225e+20 5.31037e+38 
9.83865e+14 1.87951e+35 2.71402e+20 5.31352e+38 
9.84572e+14 1.88163e+35 2.7158e+20 5.31666e+38 
9.8528e+14 1.88375e+35 2.71757e+20 5.31982e+38 
9.85988e+14 1.88587e+35 2.71935e+20 5.32297e+38 
9.86696e+14 1.888e+35 2.72112e+20 5.32612e+38 
9.87406e+14 1.89012e+35 2.72289e+20 5.32928e+38 
9.88115e+14 1.89225e+35 2.72467e+20 5.33244e+38 
9.88825e+14 1.89437e+35 2.72644e+20 5.33559e+38 
9.89536e+14 1.8965e+35 2.72822e+20 5.33875e+38 
9.90247e+14 1.89863e+35 2.72999e+20 5.34192e+38 
9.90959e+14 1.90077e+35 2.73177e+20 5.34508e+38 
9.91671e+14 1.9029e+35 2.73354e+20 5.34825e+38 
9.92384e+14 1.90503e+35 2.73531e+20 5.35141e+38 
9.93097e+14 1.90717e+35 2.73709e+20 5.35458e+38 
9.93811e+14 1.90931e+35 2.73886e+20 5.35775e+38 
9.94525e+14 1.91145e+35 2.74063e+20 5.36093e+38 
9.9524e+14 1.91359e+35 2.74241e+20 5.3641e+38 
9.95955e+14 1.91573e+35 2.74418e+20 5.36728e+38 
9.96671e+14 1.91788e+35 2.74595e+20 5.37045e+38 
9.97387e+14 1.92002e+35 2.74772e+20 5.37363e+38 
9.98104e+14 1.92217e+35 2.7495e+20 5.37681e+38 
9.98822e+14 1.92432e+35 2.75127e+20 5.37999e+38 
9.99539e+14 1.92647e+35 2.75304e+20 5.38318e+38 
1.00026e+15 1.92862e+35 2.75481e+20 5.38636e+38 
1.00098e+15 1.93078e+35 2.75659e+20 5.38955e+38 
1.0017e+15 1.93293e+35 2.75836e+20 5.39274e+38 
1.00242e+15 1.93509e+35 2.76013e+20 5.39593e+38 
1.00314e+15 1.93725e+35 2.7619e+20 5.39912e+38 
1.00386e+15 1.93941e+35 2.76367e+20 5.40232e+38 
1.00458e+15 1.94157e+35 2.76545e+20 5.40551e+38 
1.0053e+15 1.94373e+35 2.76722e+20 5.40871e+38 
1.00602e+15 1.9459e+35 2.76899e+20 5.41191e+38 
1.00675e+15 1.94806e+35 2.77076e+20 5.41511e+38 
1.00747e+15 1.95023e+35 2.77253e+20 5.41831e+38 
1.00819e+15 1.9524e+35 2.7743e+20 5.42151e+38 
1.00892e+15 1.95457e+35 2.77607e+20 5.42472e+38 
1.00964e+15 1.95674e+35 2.77784e+20 5.42793e+38 
1.01037e+15 1.95892e+35 2.77961e+20 5.43113e+38 
1.0111e+15 1.96109e+35 2.78138e+20 5.43434e+38 
1.01182e+15 1.96327e+35 2.78315e+20 5.43756e+38 
1.01255e+15 1.96545e+35 2.78492e+20 5.44077e+38 
1.01328e+15 1.96763e+35 2.78669e+20 5.44399e+38 
1.01401e+15 1.96981e+35 2.78846e+20 5.4472e+38 
1.01473e+15 1.97199e+35 2.79023e+20 5.45042e+38 
1.01546e+15 1.97418e+35 2.792e+20 5.45364e+38 
1.01619e+15 1.97636e+35 2.79377e+20 5.45686e+38 
1.01692e+15 1.97855e+35 2.79554e+20 5.46009e+38 
1.01765e+15 1.98074e+35 2.79731e+20 5.46331e+38 
1.01839e+15 1.98293e+35 2.79908e+20 5.46654e+38 
1.01912e+15 1.98513e+35 2.80085e+20 5.46977e+38 
1.01985e+15 1.98732e+35 2.80262e+20 5.473e+38 
1.02058e+15 1.98952e+35 2.80439e+20 5.47623e+38 
1.02132e+15 1.99171e+35 2.80616e+20 5.47947e+38 
1.02205e+15 1.99391e+35 2.80792e+20 5.4827e+38 
1.02279e+15 1.99611e+35 2.80969e+20 5.48594e+38 
1.02352e+15 1.99831e+35 2.81146e+20 5.48918e+38 
1.02426e+15 2.00052e+35 2.81323e+20 5.49242e+38 
1.02499e+15 2.00272e+35 2.815e+20 5.49566e+38 
1.02573e+15 2.00493e+35 2.81677e+20 5.49891e+38 
1.02647e+15 2.00714e+35 2.81853e+20 5.50215e+38 
1.0272e+15 2.00935e+35 2.8203e+20 5.5054e+38 
1.02794e+15 2.01156e+35 2.82207e+20 5.50865e+38 
1.02868e+15 2.01377e+35 2.82384e+20 5.5119e+38 
1.02942e+15 2.01599e+35 2.8256e+20 5.51515e+38 
1.03016e+15 2.01821e+35 2.82737e+20 5.51841e+38 
1.0309e+15 2.02042e+35 2.82914e+20 5.52166e+38 
1.03164e+15 2.02264e+35 2.8309e+20 5.52492e+38 
1.03238e+15 2.02487e+35 2.83267e+20 5.52818e+38 
1.03312e+15 2.02709e+35 2.83444e+20 5.53144e+38 
1.03387e+15 2.02931e+35 2.8362e+20 5.5347e+38 
1.03461e+15 2.03154e+35 2.83797e+20 5.53797e+38 
1.03535e+15 2.03377e+35 2.83974e+20 5.54123e+38 
1.0361e+15 2.036e+35 2.8415e+20 5.5445e+38 
1.03684e+15 2.03823e+35 2.84327e+20 5.54777e+38 
1.03759e+15 2.04046e+35 2.84504e+20 5.55104e+38 
1.03833e+15 2.04269e+35 2.8468e+20 5.55432e+38 
1.03908e+15 2.04493e+35 2.84857e+20 5.55759e+38 
1.03983e+15 2.04717e+35 2.85033e+20 5.56087e+38 
1.04057e+15 2.0494e+35 2.8521e+20 5.56415e+38 
1.04132e+15 2.05165e+35 2.85386e+20 5.56743e+38 
1.04207e+15 2.05389e+35 2.85563e+20 5.57071e+38 
1.04282e+15 2.05613e+35 2.8574e+20 5.57399e+38 
1.04357e+15 2.05838e+35 2.85916e+20 5.57728e+38 
1.04432e+15 2.06062e+35 2.86093e+20 5.58056e+38 
1.04507e+15 2.06287e+35 2.86269e+20 5.58385e+38 
1.04582e+15 2.06512e+35 2.86445e+20 5.58714e+38 
1.04657e+15 2.06737e+35 2.86622e+20 5.59043e+38 
1.04732e+15 2.06963e+35 2.86798e+20 5.59373e+38 
1.04808e+15 2.07188e+35 2.86975e+20 5.59702e+38 
1.04883e+15 2.07414e+35 2.87151e+20 5.60032e+38 
1.04958e+15 2.0764e+35 2.87328e+20 5.60362e+38 
1.05034e+15 2.07866e+35 2.87504e+20 5.60692e+38 
1.05109e+15 2.08092e+35 2.8768e+20 5.61022e+38 
1.05185e+15 2.08318e+35 2.87857e+20 5.61352e+38 
1.0526e+15 2.08545e+35 2.88033e+20 5.61683e+38 
1.05336e+15 2.08771e+35 2.8821e+20 5.62014e+38 
1.05412e+15 2.08998e+35 2.88386e+20 5.62345e+38 
1.05488e+15 2.09225e+35 2.88562e+20 5.62676e+38 
1.05563e+15 2.09452e+35 2.88739e+20 5.63007e+38 
1.05639e+15 2.0968e+35 2.88915e+20 5.63338e+38 
1.05715e+15 2.09907e+35 2.89091e+20 5.6367e+38 
1.05791e+15 2.10135e+35 2.89267e+20 5.64002e+38 
1.05867e+15 2.10362e+35 2.89444e+20 5.64334e+38 
1.05943e+15 2.1059e+35 2.8962e+20 5.64666e+38 
1.06019e+15 2.10818e+35 2.89796e+20 5.64998e+38 
1.06096e+15 2.11047e+35 2.89972e+20 5.65331e+38 
1.06172e+15 2.11275e+35 2.90149e+20 5.65663e+38 
1.06248e+15 2.11504e+35 2.90325e+20 5.65996e+38 
1.06325e+15 2.11733e+35 2.90501e+20 5.66329e+38 
1.06401e+15 2.11961e+35 2.90677e+20 5.66662e+38 
1.06477e+15 2.12191e+35 2.90853e+20 5.66996e+38 
1.06554e+15 2.1242e+35 2.9103e+20 5.67329e+38 
1.06631e+15 2.12649e+35 2.91206e+20 5.67663e+38 
1.06707e+15 2.12879e+35 2.91382e+20 5.67997e+38 
1.06784e+15 2.13109e+35 2.91558e+20 5.68331e+38 
1.06861e+15 2.13339e+35 2.91734e+20 5.68665e+38 
1.06937e+15 2.13569e+35 2.9191e+20 5.68999e+38 
1.07014e+15 2.13799e+35 2.92086e+20 5.69334e+38 
1.07091e+15 2.14029e+35 2.92262e+20 5.69669e+38 
1.07168e+15 2.1426e+35 2.92439e+20 5.70004e+38 
1.07245e+15 2.14491e+35 2.92615e+20 5.70339e+38 
1.07322e+15 2.14722e+35 2.92791e+20 5.70674e+38 
1.07399e+15 2.14953e+35 2.92967e+20 5.71009e+38 
1.07477e+15 2.15184e+35 2.93143e+20 5.71345e+38 
1.07554e+15 2.15415e+35 2.93319e+20 5.71681e+38 
1.07631e+15 2.15647e+35 2.93495e+20 5.72017e+38 
1.07709e+15 2.15879e+35 2.93671e+20 5.72353e+38 
1.07786e+15 2.16111e+35 2.93847e+20 5.72689e+38 
1.07863e+15 2.16343e+35 2.94023e+20 5.73026e+38 
1.07941e+15 2.16575e+35 2.94199e+20 5.73362e+38 
1.08018e+15 2.16807e+35 2.94375e+20 5.73699e+38 
1.08096e+15 2.1704e+35 2.94551e+20 5.74036e+38 
1.08174e+15 2.17273e+35 2.94727e+20 5.74373e+38 
1.08252e+15 2.17505e+35 2.94902e+20 5.74711e+38 
1.08329e+15 2.17739e+35 2.95078e+20 5.75048e+38 
1.08407e+15 2.17972e+35 2.95254e+20 5.75386e+38 
1.08485e+15 2.18205e+35 2.9543e+20 5.75724e+38 
1.08563e+15 2.18439e+35 2.95606e+20 5.76062e+38 
1.08641e+15 2.18673e+35 2.95782e+20 5.764e+38 
1.08719e+15 2.18906e+35 2.95958e+20 5.76739e+38 
1.08797e+15 2.19141e+35 2.96134e+20 5.77077e+38 
1.08876e+15 2.19375e+35 2.96309e+20 5.77416e+38 
1.08954e+15 2.19609e+35 2.96485e+20 5.77755e+38 
1.09032e+15 2.19844e+35 2.96661e+20 5.78094e+38 
1.0911e+15 2.20079e+35 2.96837e+20 5.78434e+38 
1.09189e+15 2.20314e+35 2.97013e+20 5.78773e+38 
1.09267e+15 2.20549e+35 2.97188e+20 5.79113e+38 
1.09346e+15 2.20784e+35 2.97364e+20 5.79453e+38 
1.09424e+15 2.21019e+35 2.9754e+20 5.79793e+38 
1.09503e+15 2.21255e+35 2.97716e+20 5.80133e+38 
1.09582e+15 2.21491e+35 2.97891e+20 5.80473e+38 
1.09661e+15 2.21727e+35 2.98067e+20 5.80814e+38 
1.09739e+15 2.21963e+35 2.98243e+20 5.81154e+38 
1.09818e+15 2.22199e+35 2.98418e+20 5.81495e+38 
1.09897e+15 2.22436e+35 2.98594e+20 5.81836e+38 
1.09976e+15 2.22672e+35 2.9877e+20 5.82178e+38 
1.10055e+15 2.22909e+35 2.98945e+20 5.82519e+38 
1.10134e+15 2.23146e+35 2.99121e+20 5.82861e+38 
1.10213e+15 2.23383e+35 2.99297e+20 5.83203e+38 
1.10293e+15 2.2362e+35 2.99472e+20 5.83545e+38 
1.10372e+15 2.23858e+35 2.99648e+20 5.83887e+38 
1.10451e+15 2.24095e+35 2.99824e+20 5.84229e+38 
1.10531e+15 2.24333e+35 2.99999e+20 5.84572e+38 
1.1061e+15 2.24571e+35 3.00175e+20 5.84914e+38 
1.1069e+15 2.24809e+35 3.0035e+20 5.85257e+38 
1.10769e+15 2.25048e+35 3.00526e+20 5.856e+38 
1.10849e+15 2.25286e+35 3.00701e+20 5.85944e+38 
1.10928e+15 2.25525e+35 3.00877e+20 5.86287e+38 
1.11008e+15 2.25764e+35 3.01052e+20 5.86631e+38 
1.11088e+15 2.26003e+35 3.01228e+20 5.86974e+38 
1.11168e+15 2.26242e+35 3.01403e+20 5.87318e+38 
1.11248e+15 2.26481e+35 3.01579e+20 5.87662e+38 
1.11328e+15 2.26721e+35 3.01754e+20 5.88007e+38 
1.11408e+15 2.26961e+35 3.0193e+20 5.88351e+38 
1.11488e+15 2.27201e+35 3.02105e+20 5.88696e+38 
1.11568e+15 2.27441e+35 3.02281e+20 5.89041e+38 
1.11648e+15 2.27681e+35 3.02456e+20 5.89386e+38 
1.11728e+15 2.27921e+35 3.02632e+20 5.89731e+38 
1.11809e+15 2.28162e+35 3.02807e+20 5.90077e+38 
1.11889e+15 2.28402e+35 3.02983e+20 5.90422e+38 
1.11969e+15 2.28643e+35 3.03158e+20 5.90768e+38 
1.1205e+15 2.28884e+35 3.03333e+20 5.91114e+38 
1.1213e+15 2.29126e+35 3.03509e+20 5.9146e+38 
1.12211e+15 2.29367e+35 3.03684e+20 5.91806e+38 
1.12292e+15 2.29609e+35 3.03859e+20 5.92153e+38 
1.12372e+15 2.29851e+35 3.04035e+20 5.92499e+38 
1.12453e+15 2.30093e+35 3.0421e+20 5.92846e+38 
1.12534e+15 2.30335e+35 3.04385e+20 5.93193e+38 
1.12615e+15 2.30577e+35 3.04561e+20 5.93541e+38 
1.12696e+15 2.30819e+35 3.04736e+20 5.93888e+38 
1.12777e+15 2.31062e+35 3.04911e+20 5.94236e+38 
1.12858e+15 2.31305e+35 3.05087e+20 5.94583e+38 
1.12939e+15 2.31548e+35 3.05262e+20 5.94931e+38 
1.1302e+15 2.31791e+35 3.05437e+20 5.95279e+38 
1.13101e+15 2.32034e+35 3.05612e+20 5.95628e+38 
1.13183e+15 2.32278e+35 3.05788e+20 5.95976e+38 
1.13264e+15 2.32522e+35 3.05963e+20 5.96325e+38 
1.13345e+15 2.32766e+35 3.06138e+20 5.96674e+38 
1.13427e+15 2.3301e+35 3.06313e+20 5.97023e+38 
1.13508e+15 2.33254e+35 3.06488e+20 5.97372e+38 
1.1359e+15 2.33498e+35 3.06664e+20 5.97721e+38 
1.13671e+15 2.33743e+35 3.06839e+20 5.98071e+38 
1.13753e+15 2.33988e+35 3.07014e+20 5.98421e+38 
1.13835e+15 2.34232e+35 3.07189e+20 5.98771e+38 
1.13917e+15 2.34478e+35 3.07364e+20 5.99121e+38 
1.13999e+15 2.34723e+35 3.07539e+20 5.99471e+38 
1.14081e+15 2.34968e+35 3.07714e+20 5.99822e+38 
1.14163e+15 2.35214e+35 3.07889e+20 6.00172e+38 
1.14245e+15 2.3546e+35 3.08065e+20 6.00523e+38 
1.14327e+15 2.35706e+35 3.0824e+20 6.00874e+38 
1.14409e+15 2.35952e+35 3.08415e+20 6.01226e+38 
1.14491e+15 2.36198e+35 3.0859e+20 6.01577e+38 
1.14573e+15 2.36445e+35 3.08765e+20 6.01929e+38 
1.14656e+15 2.36691e+35 3.0894e+20 6.0228e+38 
1.14738e+15 2.36938e+35 3.09115e+20 6.02632e+38 
1.14821e+15 2.37185e+35 3.0929e+20 6.02984e+38 
1.14903e+15 2.37433e+35 3.09465e+20 6.03337e+38 
1.14986e+15 2.3768e+35 3.0964e+20 6.03689e+38 
1.15068e+15 2.37928e+35 3.09815e+20 6.04042e+38 
1.15151e+15 2.38175e+35 3.0999e+20 6.04395e+38 
1.15234e+15 2.38423e+35 3.10165e+20 6.04748e+38 
1.15317e+15 2.38671e+35 3.1034e+20 6.05101e+38 
1.154e+15 2.3892e+35 3.10515e+20 6.05455e+38 
1.15482e+15 2.39168e+35 3.1069e+20 6.05808e+38 
1.15565e+15 2.39417e+35 3.10865e+20 6.06162e+38 
1.15648e+15 2.39666e+35 3.11039e+20 6.06516e+38 
1.15732e+15 2.39915e+35 3.11214e+20 6.0687e+38 
1.15815e+15 2.40164e+35 3.11389e+20 6.07225e+38 
1.15898e+15 2.40413e+35 3.11564e+20 6.07579e+38 
1.15981e+15 2.40663e+35 3.11739e+20 6.07934e+38 
1.16065e+15 2.40912e+35 3.11914e+20 6.08289e+38 
1.16148e+15 2.41162e+35 3.12089e+20 6.08644e+38 
1.16232e+15 2.41412e+35 3.12264e+20 6.09e+38 
1.16315e+15 2.41663e+35 3.12438e+20 6.09355e+38 
1.16399e+15 2.41913e+35 3.12613e+20 6.09711e+38 
1.16482e+15 2.42164e+35 3.12788e+20 6.10067e+38 
1.16566e+15 2.42415e+35 3.12963e+20 6.10423e+38 
1.1665e+15 2.42666e+35 3.13138e+20 6.10779e+38 
1.16734e+15 2.42917e+35 3.13312e+20 6.11135e+38 
1.16818e+15 2.43168e+35 3.13487e+20 6.11492e+38 
1.16902e+15 2.4342e+35 3.13662e+20 6.11849e+38 
1.16986e+15 2.43671e+35 3.13837e+20 6.12206e+38 
1.1707e+15 2.43923e+35 3.14011e+20 6.12563e+38 
1.17154e+15 2.44175e+35 3.14186e+20 6.1292e+38 
1.17238e+15 2.44428e+35 3.14361e+20 6.13278e+38 
1.17322e+15 2.4468e+35 3.14536e+20 6.13636e+38 
1.17407e+15 2.44933e+35 3.1471e+20 6.13993e+38 
1.17491e+15 2.45185e+35 3.14885e+20 6.14352e+38 
1.17575e+15 2.45438e+35 3.1506e+20 6.1471e+38 
1.1766e+15 2.45691e+35 3.15234e+20 6.15068e+38 
1.17744e+15 2.45945e+35 3.15409e+20 6.15427e+38 
1.17829e+15 2.46198e+35 3.15584e+20 6.15786e+38 
1.17914e+15 2.46452e+35 3.15758e+20 6.16145e+38 
1.17999e+15 2.46706e+35 3.15933e+20 6.16504e+38 
1.18083e+15 2.4696e+35 3.16107e+20 6.16864e+38 
1.18168e+15 2.47214e+35 3.16282e+20 6.17223e+38 
1.18253e+15 2.47469e+35 3.16457e+20 6.17583e+38 
1.18338e+15 2.47723e+35 3.16631e+20 6.17943e+38 
1.18423e+15 2.47978e+35 3.16806e+20 6.18303e+38 
1.18508e+15 2.48233e+35 3.1698e+20 6.18664e+38 
1.18593e+15 2.48488e+35 3.17155e+20 6.19024e+38 
1.18679e+15 2.48744e+35 3.17329e+20 6.19385e+38 
1.18764e+15 2.48999e+35 3.17504e+20 6.19746e+38 
1.18849e+15 2.49255e+35 3.17678e+20 6.20107e+38 
1.18935e+15 2.49511e+35 3.17853e+20 6.20468e+38 
1.1902e+15 2.49767e+35 3.18027e+20 6.2083e+38 
1.19106e+15 2.50023e+35 3.18202e+20 6.21192e+38 
1.19191e+15 2.5028e+35 3.18376e+20 6.21553e+38 
1.19277e+15 2.50536e+35 3.18551e+20 6.21916e+38 
1.19363e+15 2.50793e+35 3.18725e+20 6.22278e+38 
1.19449e+15 2.5105e+35 3.189e+20 6.2264e+38 
1.19534e+15 2.51307e+35 3.19074e+20 6.23003e+38 
1.1962e+15 2.51565e+35 3.19249e+20 6.23366e+38 
1.19706e+15 2.51822e+35 3.19423e+20 6.23729e+38 
1.19792e+15 2.5208e+35 3.19598e+20 6.24092e+38 
1.19878e+15 2.52338e+35 3.19772e+20 6.24455e+38 
1.19965e+15 2.52596e+35 3.19946e+20 6.24819e+38 
1.20051e+15 2.52854e+35 3.20121e+20 6.25183e+38 
1.20137e+15 2.53113e+35 3.20295e+20 6.25547e+38 
1.20223e+15 2.53371e+35 3.20469e+20 6.25911e+38 
1.2031e+15 2.5363e+35 3.20644e+20 6.26275e+38 
1.20396e+15 2.53889e+35 3.20818e+20 6.2664e+38 
1.20483e+15 2.54149e+35 3.20992e+20 6.27005e+38 
1.20569e+15 2.54408e+35 3.21167e+20 6.2737e+38 
1.20656e+15 2.54668e+35 3.21341e+20 6.27735e+38 
1.20743e+15 2.54927e+35 3.21515e+20 6.281e+38 
1.2083e+15 2.55187e+35 3.2169e+20 6.28466e+38 
1.20916e+15 2.55447e+35 3.21864e+20 6.28831e+38 
1.21003e+15 2.55708e+35 3.22038e+20 6.29197e+38 
1.2109e+15 2.55968e+35 3.22212e+20 6.29563e+38 
1.21177e+15 2.56229e+35 3.22387e+20 6.2993e+38 
1.21264e+15 2.5649e+35 3.22561e+20 6.30296e+38 
1.21352e+15 2.56751e+35 3.22735e+20 6.30663e+38 
1.21439e+15 2.57012e+35 3.22909e+20 6.3103e+38 
1.21526e+15 2.57274e+35 3.23084e+20 6.31397e+38 
1.21613e+15 2.57536e+35 3.23258e+20 6.31764e+38 
1.21701e+15 2.57797e+35 3.23432e+20 6.32131e+38 
1.21788e+15 2.58059e+35 3.23606e+20 6.32499e+38 
1.21876e+15 2.58322e+35 3.2378e+20 6.32867e+38 
1.21963e+15 2.58584e+35 3.23954e+20 6.33235e+38 
1.22051e+15 2.58847e+35 3.24129e+20 6.33603e+38 
1.22139e+15 2.59109e+35 3.24303e+20 6.33971e+38 
1.22227e+15 2.59372e+35 3.24477e+20 6.3434e+38 
1.22314e+15 2.59636e+35 3.24651e+20 6.34709e+38 
1.22402e+15 2.59899e+35 3.24825e+20 6.35078e+38 
1.2249e+15 2.60163e+35 3.24999e+20 6.35447e+38 
1.22578e+15 2.60426e+35 3.25173e+20 6.35816e+38 
1.22666e+15 2.6069e+35 3.25347e+20 6.36186e+38 
1.22755e+15 2.60954e+35 3.25521e+20 6.36556e+38 
1.22843e+15 2.61219e+35 3.25696e+20 6.36926e+38 
1.22931e+15 2.61483e+35 3.2587e+20 6.37296e+38 
1.23019e+15 2.61748e+35 3.26044e+20 6.37666e+38 
1.23108e+15 2.62013e+35 3.26218e+20 6.38037e+38 
1.23196e+15 2.62278e+35 3.26392e+20 6.38407e+38 
1.23285e+15 2.62543e+35 3.26566e+20 6.38778e+38 
1.23373e+15 2.62808e+35 3.2674e+20 6.39149e+38 
1.23462e+15 2.63074e+35 3.26914e+20 6.39521e+38 
1.23551e+15 2.6334e+35 3.27088e+20 6.39892e+38 
1.2364e+15 2.63606e+35 3.27262e+20 6.40264e+38 
1.23729e+15 2.63872e+35 3.27436e+20 6.40636e+38 
1.23817e+15 2.64139e+35 3.2761e+20 6.41008e+38 
1.23906e+15 2.64405e+35 3.27784e+20 6.4138e+38 
1.23996e+15 2.64672e+35 3.27957e+20 6.41753e+38 
1.24085e+15 2.64939e+35 3.28131e+20 6.42125e+38 
1.24174e+15 2.65206e+35 3.28305e+20 6.42498e+38 
1.24263e+15 2.65474e+35 3.28479e+20 6.42871e+38 
1.24352e+15 2.65741e+35 3.28653e+20 6.43244e+38 
1.24442e+15 2.66009e+35 3.28827e+20 6.43618e+38 
1.24531e+15 2.66277e+35 3.29001e+20 6.43992e+38 
1.24621e+15 2.66545e+35 3.29175e+20 6.44365e+38 
1.2471e+15 2.66813e+35 3.29349e+20 6.44739e+38 
1.248e+15 2.67082e+35 3.29522e+20 6.45114e+38 
1.2489e+15 2.6735e+35 3.29696e+20 6.45488e+38 
1.24979e+15 2.67619e+35 3.2987e+20 6.45863e+38 
1.25069e+15 2.67888e+35 3.30044e+20 6.46238e+38 
1.25159e+15 2.68158e+35 3.30218e+20 6.46613e+38 
1.25249e+15 2.68427e+35 3.30392e+20 6.46988e+38 
1.25339e+15 2.68697e+35 3.30565e+20 6.47363e+38 
1.25429e+15 2.68967e+35 3.30739e+20 6.47739e+38 
1.25519e+15 2.69237e+35 3.30913e+20 6.48115e+38 
1.25609e+15 2.69507e+35 3.31087e+20 6.48491e+38 
1.257e+15 2.69778e+35 3.3126e+20 6.48867e+38 
1.2579e+15 2.70048e+35 3.31434e+20 6.49243e+38 
1.2588e+15 2.70319e+35 3.31608e+20 6.4962e+38 
1.25971e+15 2.7059e+35 3.31782e+20 6.49997e+38 
1.26061e+15 2.70861e+35 3.31955e+20 6.50374e+38 
1.26152e+15 2.71133e+35 3.32129e+20 6.50751e+38 
1.26243e+15 2.71404e+35 3.32303e+20 6.51129e+38 
1.26333e+15 2.71676e+35 3.32476e+20 6.51506e+38 
1.26424e+15 2.71948e+35 3.3265e+20 6.51884e+38 
1.26515e+15 2.7222e+35 3.32824e+20 6.52262e+38 
1.26606e+15 2.72493e+35 3.32997e+20 6.5264e+38 
1.26697e+15 2.72765e+35 3.33171e+20 6.53019e+38 
1.26788e+15 2.73038e+35 3.33345e+20 6.53397e+38 
1.26879e+15 2.73311e+35 3.33518e+20 6.53776e+38 
1.2697e+15 2.73584e+35 3.33692e+20 6.54155e+38 
1.27062e+15 2.73858e+35 3.33866e+20 6.54534e+38 
1.27153e+15 2.74131e+35 3.34039e+20 6.54913e+38 
1.27244e+15 2.74405e+35 3.34213e+20 6.55293e+38 
1.27336e+15 2.74679e+35 3.34386e+20 6.55673e+38 
1.27427e+15 2.74953e+35 3.3456e+20 6.56053e+38 
1.27519e+15 2.75228e+35 3.34733e+20 6.56433e+38 
1.27611e+15 2.75502e+35 3.34907e+20 6.56813e+38 
1.27702e+15 2.75777e+35 3.35081e+20 6.57194e+38 
1.27794e+15 2.76052e+35 3.35254e+20 6.57575e+38 
1.27886e+15 2.76327e+35 3.35428e+20 6.57956e+38 
1.27978e+15 2.76603e+35 3.35601e+20 6.58337e+38 
1.2807e+15 2.76878e+35 3.35775e+20 6.58718e+38 
1.28162e+15 2.77154e+35 3.35948e+20 6.591e+38 
1.28254e+15 2.7743e+35 3.36122e+20 6.59482e+38 
1.28346e+15 2.77706e+35 3.36295e+20 6.59864e+38 
1.28438e+15 2.77982e+35 3.36469e+20 6.60246e+38 
1.28531e+15 2.78259e+35 3.36642e+20 6.60628e+38 
1.28623e+15 2.78536e+35 3.36815e+20 6.61011e+38 
1.28716e+15 2.78813e+35 3.36989e+20 6.61394e+38 
1.28808e+15 2.7909e+35 3.37162e+20 6.61777e+38 
1.28901e+15 2.79367e+35 3.37336e+20 6.6216e+38 
1.28993e+15 2.79645e+35 3.37509e+20 6.62543e+38 
1.29086e+15 2.79922e+35 3.37683e+20 6.62927e+38 
1.29179e+15 2.802e+35 3.37856e+20 6.63311e+38 
1.29272e+15 2.80478e+35 3.38029e+20 6.63695e+38 
1.29365e+15 2.80757e+35 3.38203e+20 6.64079e+38 
1.29457e+15 2.81035e+35 3.38376e+20 6.64463e+38 
1.29551e+15 2.81314e+35 3.38549e+20 6.64848e+38 
1.29644e+15 2.81593e+35 3.38723e+20 6.65233e+38 
1.29737e+15 2.81872e+35 3.38896e+20 6.65618e+38 
1.2983e+15 2.82151e+35 3.39069e+20 6.66003e+38 
1.29923e+15 2.82431e+35 3.39243e+20 6.66388e+38 
1.30017e+15 2.82711e+35 3.39416e+20 6.66774e+38 
1.3011e+15 2.82991e+35 3.39589e+20 6.6716e+38 
1.30204e+15 2.83271e+35 3.39763e+20 6.67546e+38 
1.30297e+15 2.83551e+35 3.39936e+20 6.67932e+38 
1.30391e+15 2.83832e+35 3.40109e+20 6.68319e+38 
1.30485e+15 2.84112e+35 3.40283e+20 6.68705e+38 
1.30578e+15 2.84393e+35 3.40456e+20 6.69092e+38 
1.30672e+15 2.84675e+35 3.40629e+20 6.69479e+38 
1.30766e+15 2.84956e+35 3.40802e+20 6.69866e+38 
1.3086e+15 2.85237e+35 3.40976e+20 6.70254e+38 
1.30954e+15 2.85519e+35 3.41149e+20 6.70641e+38 
1.31048e+15 2.85801e+35 3.41322e+20 6.71029e+38 
1.31143e+15 2.86083e+35 3.41495e+20 6.71417e+38 
1.31237e+15 2.86366e+35 3.41668e+20 6.71806e+38 
1.31331e+15 2.86648e+35 3.41842e+20 6.72194e+38 
1.31425e+15 2.86931e+35 3.42015e+20 6.72583e+38 
1.3152e+15 2.87214e+35 3.42188e+20 6.72972e+38 
1.31614e+15 2.87497e+35 3.42361e+20 6.73361e+38 
1.31709e+15 2.87781e+35 3.42534e+20 6.7375e+38 
1.31804e+15 2.88064e+35 3.42707e+20 6.7414e+38 
1.31898e+15 2.88348e+35 3.4288e+20 6.74529e+38 
1.31993e+15 2.88632e+35 3.43054e+20 6.74919e+38 
1.32088e+15 2.88916e+35 3.43227e+20 6.75309e+38 
1.32183e+15 2.89201e+35 3.434e+20 6.757e+38 
1.32278e+15 2.89485e+35 3.43573e+20 6.7609e+38 
1.32373e+15 2.8977e+35 3.43746e+20 6.76481e+38 
1.32468e+15 2.90055e+35 3.43919e+20 6.76872e+38 
1.32563e+15 2.9034e+35 3.44092e+20 6.77263e+38 
1.32659e+15 2.90626e+35 3.44265e+20 6.77654e+38 
1.32754e+15 2.90911e+35 3.44438e+20 6.78046e+38 
1.32849e+15 2.91197e+35 3.44611e+20 6.78438e+38 
1.32945e+15 2.91483e+35 3.44784e+20 6.7883e+38 
1.33041e+15 2.91769e+35 3.44957e+20 6.79222e+38 
1.33136e+15 2.92056e+35 3.4513e+20 6.79614e+38 
1.33232e+15 2.92343e+35 3.45303e+20 6.80007e+38 
1.33328e+15 2.92629e+35 3.45476e+20 6.80399e+38 
1.33423e+15 2.92917e+35 3.45649e+20 6.80792e+38 
1.33519e+15 2.93204e+35 3.45822e+20 6.81186e+38 
1.33615e+15 2.93491e+35 3.45995e+20 6.81579e+38 
1.33711e+15 2.93779e+35 3.46168e+20 6.81973e+38 
1.33807e+15 2.94067e+35 3.46341e+20 6.82366e+38 
1.33904e+15 2.94355e+35 3.46514e+20 6.8276e+38 
1.34e+15 2.94643e+35 3.46687e+20 6.83155e+38 
1.34096e+15 2.94932e+35 3.4686e+20 6.83549e+38 
1.34192e+15 2.95221e+35 3.47033e+20 6.83944e+38 
1.34289e+15 2.9551e+35 3.47206e+20 6.84339e+38 
1.34385e+15 2.95799e+35 3.47379e+20 6.84734e+38 
1.34482e+15 2.96088e+35 3.47552e+20 6.85129e+38 
1.34579e+15 2.96378e+35 3.47724e+20 6.85524e+38 
1.34675e+15 2.96667e+35 3.47897e+20 6.8592e+38 
1.34772e+15 2.96957e+35 3.4807e+20 6.86316e+38 
1.34869e+15 2.97248e+35 3.48243e+20 6.86712e+38 
1.34966e+15 2.97538e+35 3.48416e+20 6.87108e+38 
1.35063e+15 2.97829e+35 3.48589e+20 6.87505e+38 
1.3516e+15 2.98119e+35 3.48762e+20 6.87902e+38 
1.35257e+15 2.9841e+35 3.48934e+20 6.88299e+38 
1.35354e+15 2.98702e+35 3.49107e+20 6.88696e+38 
1.35452e+15 2.98993e+35 3.4928e+20 6.89093e+38 
1.35549e+15 2.99285e+35 3.49453e+20 6.89491e+38 
1.35646e+15 2.99577e+35 3.49626e+20 6.89889e+38 
1.35744e+15 2.99869e+35 3.49798e+20 6.90287e+38 
1.35842e+15 3.00161e+35 3.49971e+20 6.90685e+38 
1.35939e+15 3.00453e+35 3.50144e+20 6.91083e+38 
1.36037e+15 3.00746e+35 3.50317e+20 6.91482e+38 
1.36135e+15 3.01039e+35 3.50489e+20 6.91881e+38 
1.36232e+15 3.01332e+35 3.50662e+20 6.9228e+38 
1.3633e+15 3.01625e+35 3.50835e+20 6.92679e+38 
1.36428e+15 3.01919e+35 3.51008e+20 6.93078e+38 
1.36526e+15 3.02213e+35 3.5118e+20 6.93478e+38 
1.36625e+15 3.02507e+35 3.51353e+20 6.93878e+38 
1.36723e+15 3.02801e+35 3.51526e+20 6.94278e+38 
1.36821e+15 3.03095e+35 3.51698e+20 6.94678e+38 
1.36919e+15 3.0339e+35 3.51871e+20 6.95079e+38 
1.37018e+15 3.03685e+35 3.52044e+20 6.95479e+38 
1.37116e+15 3.0398e+35 3.52216e+20 6.9588e+38 
1.37215e+15 3.04275e+35 3.52389e+20 6.96282e+38 
1.37313e+15 3.0457e+35 3.52562e+20 6.96683e+38 
1.37412e+15 3.04866e+35 3.52734e+20 6.97084e+38 
1.37511e+15 3.05162e+35 3.52907e+20 6.97486e+38 
1.3761e+15 3.05458e+35 3.53079e+20 6.97888e+38 
1.37709e+15 3.05754e+35 3.53252e+20 6.9829e+38 
1.37808e+15 3.06051e+35 3.53425e+20 6.98693e+38 
1.37907e+15 3.06347e+35 3.53597e+20 6.99095e+38 
1.38006e+15 3.06644e+35 3.5377e+20 6.99498e+38 
1.38105e+15 3.06942e+35 3.53942e+20 6.99901e+38 
1.38204e+15 3.07239e+35 3.54115e+20 7.00305e+38 
1.38303e+15 3.07536e+35 3.54288e+20 7.00708e+38 
1.38403e+15 3.07834e+35 3.5446e+20 7.01112e+38 
1.38502e+15 3.08132e+35 3.54633e+20 7.01516e+38 
1.38602e+15 3.0843e+35 3.54805e+20 7.0192e+38 
1.38701e+15 3.08729e+35 3.54978e+20 7.02324e+38 
1.38801e+15 3.09028e+35 3.5515e+20 7.02729e+38 
1.38901e+15 3.09326e+35 3.55323e+20 7.03133e+38 
1.39001e+15 3.09625e+35 3.55495e+20 7.03538e+38 
1.39101e+15 3.09925e+35 3.55668e+20 7.03943e+38 
1.39201e+15 3.10224e+35 3.5584e+20 7.04349e+38 
1.39301e+15 3.10524e+35 3.56013e+20 7.04754e+38 
1.39401e+15 3.10824e+35 3.56185e+20 7.0516e+38 
1.39501e+15 3.11124e+35 3.56357e+20 7.05566e+38 
1.39601e+15 3.11424e+35 3.5653e+20 7.05972e+38 
1.39702e+15 3.11725e+35 3.56702e+20 7.06379e+38 
1.39802e+15 3.12026e+35 3.56875e+20 7.06786e+38 
1.39902e+15 3.12327e+35 3.57047e+20 7.07192e+38 
1.40003e+15 3.12628e+35 3.5722e+20 7.076e+38 
1.40104e+15 3.1293e+35 3.57392e+20 7.08007e+38 
1.40204e+15 3.13231e+35 3.57564e+20 7.08414e+38 
1.40305e+15 3.13533e+35 3.57737e+20 7.08822e+38 
1.40406e+15 3.13835e+35 3.57909e+20 7.0923e+38 
1.40507e+15 3.14137e+35 3.58081e+20 7.09638e+38 
1.40608e+15 3.1444e+35 3.58254e+20 7.10047e+38 
1.40709e+15 3.14743e+35 3.58426e+20 7.10455e+38 
1.4081e+15 3.15046e+35 3.58599e+20 7.10864e+38 
1.40911e+15 3.15349e+35 3.58771e+20 7.11273e+38 
1.41012e+15 3.15652e+35 3.58943e+20 7.11682e+38 
1.41114e+15 3.15956e+35 3.59116e+20 7.12092e+38 
1.41215e+15 3.1626e+35 3.59288e+20 7.12502e+38 
1.41317e+15 3.16564e+35 3.5946e+20 7.12911e+38 
1.41418e+15 3.16868e+35 3.59632e+20 7.13322e+38 
1.4152e+15 3.17173e+35 3.59805e+20 7.13732e+38 
1.41622e+15 3.17477e+35 3.59977e+20 7.14142e+38 
1.41723e+15 3.17782e+35 3.60149e+20 7.14553e+38 
1.41825e+15 3.18087e+35 3.60321e+20 7.14964e+38 
1.41927e+15 3.18393e+35 3.60494e+20 7.15375e+38 
1.42029e+15 3.18698e+35 3.60666e+20 7.15787e+38 
1.42131e+15 3.19004e+35 3.60838e+20 7.16198e+38 
1.42233e+15 3.1931e+35 3.6101e+20 7.1661e+38 
1.42336e+15 3.19616e+35 3.61183e+20 7.17022e+38 
1.42438e+15 3.19923e+35 3.61355e+20 7.17435e+38 
1.4254e+15 3.2023e+35 3.61527e+20 7.17847e+38 
1.42643e+15 3.20537e+35 3.61699e+20 7.1826e+38 
1.42745e+15 3.20844e+35 3.61871e+20 7.18673e+38 
1.42848e+15 3.21151e+35 3.62044e+20 7.19086e+38 
1.42951e+15 3.21459e+35 3.62216e+20 7.19499e+38 
1.43053e+15 3.21766e+35 3.62388e+20 7.19913e+38 
1.43156e+15 3.22074e+35 3.6256e+20 7.20327e+38 
1.43259e+15 3.22383e+35 3.62732e+20 7.20741e+38 
1.43362e+15 3.22691e+35 3.62904e+20 7.21155e+38 
1.43465e+15 3.23e+35 3.63076e+20 7.21569e+38 
1.43568e+15 3.23309e+35 3.63249e+20 7.21984e+38 
1.43671e+15 3.23618e+35 3.63421e+20 7.22399e+38 
1.43775e+15 3.23927e+35 3.63593e+20 7.22814e+38 
1.43878e+15 3.24237e+35 3.63765e+20 7.23229e+38 
1.43981e+15 3.24546e+35 3.63937e+20 7.23645e+38 
1.44085e+15 3.24857e+35 3.64109e+20 7.24061e+38 
1.44188e+15 3.25167e+35 3.64281e+20 7.24477e+38 
1.44292e+15 3.25477e+35 3.64453e+20 7.24893e+38 
1.44396e+15 3.25788e+35 3.64625e+20 7.25309e+38 
1.44499e+15 3.26099e+35 3.64797e+20 7.25726e+38 
1.44603e+15 3.2641e+35 3.64969e+20 7.26143e+38 
1.44707e+15 3.26721e+35 3.65141e+20 7.2656e+38 
1.44811e+15 3.27033e+35 3.65313e+20 7.26977e+38 
1.44915e+15 3.27345e+35 3.65485e+20 7.27395e+38 
1.45019e+15 3.27657e+35 3.65657e+20 7.27812e+38 
1.45124e+15 3.27969e+35 3.65829e+20 7.2823e+38 
1.45228e+15 3.28281e+35 3.66001e+20 7.28649e+38 
1.45332e+15 3.28594e+35 3.66173e+20 7.29067e+38 
1.45437e+15 3.28907e+35 3.66345e+20 7.29486e+38 
1.45541e+15 3.2922e+35 3.66517e+20 7.29904e+38 
1.45646e+15 3.29534e+35 3.66689e+20 7.30323e+38 
1.45751e+15 3.29847e+35 3.66861e+20 7.30743e+38 
1.45855e+15 3.30161e+35 3.67033e+20 7.31162e+38 
1.4596e+15 3.30475e+35 3.67205e+20 7.31582e+38 
1.46065e+15 3.30789e+35 3.67377e+20 7.32002e+38 
1.4617e+15 3.31104e+35 3.67549e+20 7.32422e+38 
1.46275e+15 3.31418e+35 3.67721e+20 7.32843e+38 
1.4638e+15 3.31733e+35 3.67893e+20 7.33263e+38 
1.46485e+15 3.32049e+35 3.68065e+20 7.33684e+38 
1.46591e+15 3.32364e+35 3.68236e+20 7.34105e+38 
1.46696e+15 3.3268e+35 3.68408e+20 7.34526e+38 
1.46802e+15 3.32996e+35 3.6858e+20 7.34948e+38 
1.46907e+15 3.33312e+35 3.68752e+20 7.3537e+38 
1.47013e+15 3.33628e+35 3.68924e+20 7.35791e+38 
1.47118e+15 3.33944e+35 3.69096e+20 7.36214e+38 
1.47224e+15 3.34261e+35 3.69268e+20 7.36636e+38 
1.4733e+15 3.34578e+35 3.69439e+20 7.37059e+38 
1.47436e+15 3.34895e+35 3.69611e+20 7.37481e+38 
1.47542e+15 3.35213e+35 3.69783e+20 7.37905e+38 
1.47648e+15 3.35531e+35 3.69955e+20 7.38328e+38 
1.47754e+15 3.35848e+35 3.70127e+20 7.38751e+38 
1.4786e+15 3.36167e+35 3.70298e+20 7.39175e+38 
1.47966e+15 3.36485e+35 3.7047e+20 7.39599e+38 
1.48073e+15 3.36804e+35 3.70642e+20 7.40023e+38 
1.48179e+15 3.37122e+35 3.70814e+20 7.40448e+38 
1.48286e+15 3.37441e+35 3.70985e+20 7.40872e+38 
1.48392e+15 3.37761e+35 3.71157e+20 7.41297e+38 
1.48499e+15 3.3808e+35 3.71329e+20 7.41722e+38 
1.48606e+15 3.384e+35 3.71501e+20 7.42147e+38 
1.48712e+15 3.3872e+35 3.71672e+20 7.42573e+38 
1.48819e+15 3.3904e+35 3.71844e+20 7.42999e+38 
1.48926e+15 3.39361e+35 3.72016e+20 7.43425e+38 
1.49033e+15 3.39681e+35 3.72188e+20 7.43851e+38 
1.4914e+15 3.40002e+35 3.72359e+20 7.44277e+38 
1.49248e+15 3.40323e+35 3.72531e+20 7.44704e+38 
1.49355e+15 3.40645e+35 3.72703e+20 7.45131e+38 
1.49462e+15 3.40966e+35 3.72874e+20 7.45558e+38 
1.4957e+15 3.41288e+35 3.73046e+20 7.45985e+38 
1.49677e+15 3.4161e+35 3.73218e+20 7.46413e+38 
1.49785e+15 3.41932e+35 3.73389e+20 7.46841e+38 
1.49892e+15 3.42255e+35 3.73561e+20 7.47269e+38 
1.5e+15 3.42578e+35 3.73732e+20 7.47697e+38 
