2000
7.84321e+14 1.10002e+31 1.40254e+16 4.72483e+38 
7.84358e+14 2.20005e+31 2.80499e+16 4.72505e+38 
7.84395e+14 3.30007e+31 4.20735e+16 4.72527e+38 
7.84432e+14 4.40009e+31 5.60963e+16 4.72549e+38 
7.84468e+14 5.50012e+31 7.01181e+16 4.72571e+38 
7.84505e+14 6.60014e+31 8.41391e+16 4.72593e+38 
7.84542e+14 7.70016e+31 9.81593e+16 4.72616e+38 
7.84579e+14 8.80019e+31 1.12179e+17 4.72638e+38 
7.84615e+14 9.90021e+31 1.26197e+17 4.7266e+38 
7.84652e+14 1.10002e+32 1.40214e+17 4.72682e+38 
7.88333e+14 1.21286e+33 1.54116e+18 4.74897e+38 
7.88702e+14 1.32343e+33 1.68113e+18 4.75119e+38 
7.89072e+14 1.43405e+33 1.82109e+18 4.75341e+38 
7.89441e+14 1.54473e+33 1.96102e+18 4.75563e+38 
7.89811e+14 1.65545e+33 2.10093e+18 4.75786e+38 
7.9018e+14 1.76623e+33 2.24082e+18 4.76008e+38 
7.9055e+14 1.87706e+33 2.38068e+18 4.7623e+38 
7.9092e+14 1.98794e+33 2.52053e+18 4.76452e+38 
7.91291e+14 2.09887e+33 2.66035e+18 4.76675e+38 
7.91661e+14 2.20986e+33 2.80015e+18 4.76897e+38 
7.92032e+14 2.3209e+33 2.93993e+18 4.7712e+38 
7.92403e+14 2.43198e+33 3.07969e+18 4.77343e+38 
7.92774e+14 2.54313e+33 3.21943e+18 4.77565e+38 
7.93145e+14 2.65432e+33 3.35915e+18 4.77788e+38 
7.93516e+14 2.76556e+33 3.49884e+18 4.78011e+38 
7.93888e+14 2.87686e+33 3.63851e+18 4.78234e+38 
7.94259e+14 2.98821e+33 3.77816e+18 4.78457e+38 
7.94631e+14 3.09961e+33 3.91779e+18 4.7868e+38 
7.95003e+14 3.21106e+33 4.0574e+18 4.78903e+38 
7.95375e+14 3.32257e+33 4.19699e+18 4.79126e+38 
7.95748e+14 3.43413e+33 4.33656e+18 4.79349e+38 
7.9612e+14 3.54574e+33 4.4761e+18 4.79573e+38 
7.96493e+14 3.6574e+33 4.61562e+18 4.79796e+38 
7.96866e+14 3.76912e+33 4.75513e+18 4.8002e+38 
7.97239e+14 3.88088e+33 4.89461e+18 4.80243e+38 
7.97612e+14 3.9927e+33 5.03407e+18 4.80467e+38 
7.97986e+14 4.10457e+33 5.1735e+18 4.8069e+38 
7.98359e+14 4.2165e+33 5.31292e+18 4.80914e+38 
7.98733e+14 4.32847e+33 5.45232e+18 4.81138e+38 
7.99107e+14 4.4405e+33 5.59169e+18 4.81362e+38 
7.99481e+14 4.55258e+33 5.73104e+18 4.81586e+38 
7.99855e+14 4.66472e+33 5.87038e+18 4.8181e+38 
8.0023e+14 4.7769e+33 6.00969e+18 4.82034e+38 
8.00604e+14 4.88914e+33 6.14898e+18 4.82258e+38 
8.00979e+14 5.00143e+33 6.28824e+18 4.82482e+38 
8.01354e+14 5.11378e+33 6.42749e+18 4.82707e+38 
8.01729e+14 5.22617e+33 6.56672e+18 4.82931e+38 
8.02105e+14 5.33862e+33 6.70592e+18 4.83156e+38 
8.0248e+14 5.45113e+33 6.84511e+18 4.8338e+38 
8.02856e+14 5.56368e+33 6.98427e+18 4.83605e+38 
8.03232e+14 5.67629e+33 7.12341e+18 4.83829e+38 
8.03608e+14 5.78895e+33 7.26253e+18 4.84054e+38 
8.03984e+14 5.90166e+33 7.40163e+18 4.84279e+38 
8.04361e+14 6.01442e+33 7.54071e+18 4.84504e+38 
8.04737e+14 6.12724e+33 7.67977e+18 4.84729e+38 
8.05114e+14 6.24011e+33 7.81881e+18 4.84954e+38 
8.05491e+14 6.35304e+33 7.95782e+18 4.85179e+38 
8.05868e+14 6.46601e+33 8.09682e+18 4.85404e+38 
8.06245e+14 6.57904e+33 8.23579e+18 4.85629e+38 
8.06623e+14 6.69213e+33 8.37474e+18 4.85854e+38 
8.07e+14 6.80526e+33 8.51368e+18 4.8608e+38 
8.07378e+14 6.91845e+33 8.65259e+18 4.86305e+38 
8.07756e+14 7.03169e+33 8.79148e+18 4.86531e+38 
8.08134e+14 7.14499e+33 8.93035e+18 4.86756e+38 
8.08513e+14 7.25833e+33 9.0692e+18 4.86982e+38 
8.08891e+14 7.37173e+33 9.20802e+18 4.87208e+38 
8.0927e+14 7.48519e+33 9.34683e+18 4.87433e+38 
8.09649e+14 7.59869e+33 9.48562e+18 4.87659e+38 
8.10028e+14 7.71225e+33 9.62438e+18 4.87885e+38 
8.10407e+14 7.82587e+33 9.76313e+18 4.88111e+38 
8.10787e+14 7.93953e+33 9.90185e+18 4.88337e+38 
8.11166e+14 8.05325e+33 1.00406e+19 4.88564e+38 
8.11546e+14 8.16702e+33 1.01792e+19 4.8879e+38 
8.11926e+14 8.28085e+33 1.03179e+19 4.89016e+38 
8.12306e+14 8.39473e+33 1.04565e+19 4.89242e+38 
8.12686e+14 8.50866e+33 1.05952e+19 4.89469e+38 
8.13067e+14 8.62265e+33 1.07338e+19 4.89695e+38 
8.13447e+14 8.73669e+33 1.08723e+19 4.89922e+38 
8.13828e+14 8.85078e+33 1.10109e+19 4.90149e+38 
8.14209e+14 8.96493e+33 1.11494e+19 4.90375e+38 
8.1459e+14 9.07913e+33 1.1288e+19 4.90602e+38 
8.14972e+14 9.19338e+33 1.14265e+19 4.90829e+38 
8.15353e+14 9.30768e+33 1.15649e+19 4.91056e+38 
8.15735e+14 9.42204e+33 1.17034e+19 4.91283e+38 
8.16117e+14 9.53646e+33 1.18418e+19 4.9151e+38 
8.16499e+14 9.65093e+33 1.19802e+19 4.91737e+38 
8.16881e+14 9.76545e+33 1.21186e+19 4.91964e+38 
8.17264e+14 9.88002e+33 1.2257e+19 4.92192e+38 
8.17646e+14 9.99465e+33 1.23954e+19 4.92419e+38 
8.18029e+14 1.01093e+34 1.25337e+19 4.92646e+38 
8.18412e+14 1.02241e+34 1.2672e+19 4.92874e+38 
8.18795e+14 1.03389e+34 1.28103e+19 4.93101e+38 
8.19179e+14 1.04537e+34 1.29486e+19 4.93329e+38 
8.19562e+14 1.05686e+34 1.30868e+19 4.93557e+38 
8.19946e+14 1.06835e+34 1.32251e+19 4.93784e+38 
8.2033e+14 1.07985e+34 1.33633e+19 4.94012e+38 
8.20714e+14 1.09136e+34 1.35015e+19 4.9424e+38 
8.21098e+14 1.10287e+34 1.36396e+19 4.94468e+38 
8.21482e+14 1.11439e+34 1.37778e+19 4.94696e+38 
8.21867e+14 1.12591e+34 1.39159e+19 4.94924e+38 
8.22252e+14 1.13744e+34 1.4054e+19 4.95153e+38 
8.22637e+14 1.14897e+34 1.41921e+19 4.95381e+38 
8.23022e+14 1.16051e+34 1.43302e+19 4.95609e+38 
8.23407e+14 1.17205e+34 1.44682e+19 4.95838e+38 
8.23793e+14 1.1836e+34 1.46063e+19 4.96066e+38 
8.24178e+14 1.19516e+34 1.47443e+19 4.96295e+38 
8.24564e+14 1.20672e+34 1.48823e+19 4.96524e+38 
8.2495e+14 1.21828e+34 1.50202e+19 4.96752e+38 
8.25337e+14 1.22985e+34 1.51582e+19 4.96981e+38 
8.25723e+14 1.24143e+34 1.52961e+19 4.9721e+38 
8.2611e+14 1.25301e+34 1.5434e+19 4.97439e+38 
8.26496e+14 1.2646e+34 1.55719e+19 4.97668e+38 
8.26883e+14 1.27619e+34 1.57098e+19 4.97897e+38 
8.2727e+14 1.28779e+34 1.58476e+19 4.98126e+38 
8.27658e+14 1.29939e+34 1.59854e+19 4.98355e+38 
8.28045e+14 1.311e+34 1.61233e+19 4.98585e+38 
8.28433e+14 1.32261e+34 1.6261e+19 4.98814e+38 
8.28821e+14 1.33423e+34 1.63988e+19 4.99043e+38 
8.29209e+14 1.34586e+34 1.65366e+19 4.99273e+38 
8.29597e+14 1.35749e+34 1.66743e+19 4.99502e+38 
8.29985e+14 1.36912e+34 1.6812e+19 4.99732e+38 
8.30374e+14 1.38076e+34 1.69497e+19 4.99962e+38 
8.30763e+14 1.39241e+34 1.70873e+19 5.00192e+38 
8.31152e+14 1.40406e+34 1.7225e+19 5.00422e+38 
8.31541e+14 1.41572e+34 1.73626e+19 5.00651e+38 
8.3193e+14 1.42738e+34 1.75002e+19 5.00881e+38 
8.3232e+14 1.43905e+34 1.76378e+19 5.01112e+38 
8.32709e+14 1.45072e+34 1.77754e+19 5.01342e+38 
8.33099e+14 1.4624e+34 1.79129e+19 5.01572e+38 
8.33489e+14 1.47409e+34 1.80505e+19 5.01802e+38 
8.33879e+14 1.48578e+34 1.8188e+19 5.02033e+38 
8.3427e+14 1.49748e+34 1.83255e+19 5.02263e+38 
8.3466e+14 1.50918e+34 1.84629e+19 5.02494e+38 
8.35051e+14 1.52088e+34 1.86004e+19 5.02724e+38 
8.35442e+14 1.5326e+34 1.87378e+19 5.02955e+38 
8.35833e+14 1.54431e+34 1.88752e+19 5.03186e+38 
8.36224e+14 1.55604e+34 1.90126e+19 5.03416e+38 
8.36616e+14 1.56777e+34 1.915e+19 5.03647e+38 
8.37008e+14 1.5795e+34 1.92873e+19 5.03878e+38 
8.374e+14 1.59124e+34 1.94247e+19 5.04109e+38 
8.37792e+14 1.60298e+34 1.9562e+19 5.0434e+38 
8.38184e+14 1.61473e+34 1.96993e+19 5.04572e+38 
8.38576e+14 1.62649e+34 1.98366e+19 5.04803e+38 
8.38969e+14 1.63825e+34 1.99738e+19 5.05034e+38 
8.39362e+14 1.65002e+34 2.0111e+19 5.05266e+38 
8.39755e+14 1.66179e+34 2.02483e+19 5.05497e+38 
8.40148e+14 1.67357e+34 2.03854e+19 5.05729e+38 
8.40541e+14 1.68535e+34 2.05226e+19 5.0596e+38 
8.40935e+14 1.69714e+34 2.06598e+19 5.06192e+38 
8.41328e+14 1.70894e+34 2.07969e+19 5.06424e+38 
8.41722e+14 1.72074e+34 2.0934e+19 5.06656e+38 
8.42116e+14 1.73255e+34 2.10711e+19 5.06887e+38 
8.42511e+14 1.74436e+34 2.12082e+19 5.07119e+38 
8.42905e+14 1.75617e+34 2.13453e+19 5.07351e+38 
8.433e+14 1.768e+34 2.14823e+19 5.07584e+38 
8.43694e+14 1.77982e+34 2.16193e+19 5.07816e+38 
8.44089e+14 1.79166e+34 2.17563e+19 5.08048e+38 
8.44485e+14 1.8035e+34 2.18933e+19 5.0828e+38 
8.4488e+14 1.81534e+34 2.20303e+19 5.08513e+38 
8.45275e+14 1.82719e+34 2.21672e+19 5.08745e+38 
8.45671e+14 1.83905e+34 2.23041e+19 5.08978e+38 
8.46067e+14 1.85091e+34 2.2441e+19 5.09211e+38 
8.46463e+14 1.86277e+34 2.25779e+19 5.09443e+38 
8.4686e+14 1.87465e+34 2.27148e+19 5.09676e+38 
8.47256e+14 1.88652e+34 2.28516e+19 5.09909e+38 
8.47653e+14 1.89841e+34 2.29884e+19 5.10142e+38 
8.4805e+14 1.9103e+34 2.31253e+19 5.10375e+38 
8.48447e+14 1.92219e+34 2.3262e+19 5.10608e+38 
8.48844e+14 1.93409e+34 2.33988e+19 5.10841e+38 
8.49241e+14 1.946e+34 2.35356e+19 5.11074e+38 
8.49639e+14 1.95791e+34 2.36723e+19 5.11308e+38 
8.50037e+14 1.96983e+34 2.3809e+19 5.11541e+38 
8.50435e+14 1.98175e+34 2.39457e+19 5.11774e+38 
8.50833e+14 1.99368e+34 2.40824e+19 5.12008e+38 
8.51231e+14 2.00561e+34 2.4219e+19 5.12242e+38 
8.5163e+14 2.01755e+34 2.43556e+19 5.12475e+38 
8.52028e+14 2.02949e+34 2.44923e+19 5.12709e+38 
8.52427e+14 2.04144e+34 2.46289e+19 5.12943e+38 
8.52826e+14 2.0534e+34 2.47654e+19 5.13177e+38 
8.53226e+14 2.06536e+34 2.4902e+19 5.13411e+38 
8.53625e+14 2.07733e+34 2.50385e+19 5.13645e+38 
8.54025e+14 2.0893e+34 2.5175e+19 5.13879e+38 
8.54424e+14 2.10128e+34 2.53115e+19 5.14113e+38 
8.54824e+14 2.11326e+34 2.5448e+19 5.14347e+38 
8.55225e+14 2.12525e+34 2.55845e+19 5.14582e+38 
8.55625e+14 2.13725e+34 2.57209e+19 5.14816e+38 
8.56026e+14 2.14925e+34 2.58574e+19 5.15051e+38 
8.56426e+14 2.16126e+34 2.59938e+19 5.15285e+38 
8.56827e+14 2.17327e+34 2.61301e+19 5.1552e+38 
8.57229e+14 2.18529e+34 2.62665e+19 5.15755e+38 
8.5763e+14 2.19731e+34 2.64029e+19 5.15989e+38 
8.58031e+14 2.20934e+34 2.65392e+19 5.16224e+38 
8.58433e+14 2.22137e+34 2.66755e+19 5.16459e+38 
8.58835e+14 2.23341e+34 2.68118e+19 5.16694e+38 
8.59237e+14 2.24546e+34 2.69481e+19 5.16929e+38 
8.59639e+14 2.25751e+34 2.70843e+19 5.17164e+38 
8.60042e+14 2.26957e+34 2.72206e+19 5.174e+38 
8.60444e+14 2.28163e+34 2.73568e+19 5.17635e+38 
8.60847e+14 2.2937e+34 2.7493e+19 5.1787e+38 
8.6125e+14 2.30577e+34 2.76291e+19 5.18106e+38 
8.61654e+14 2.31785e+34 2.77653e+19 5.18341e+38 
8.62057e+14 2.32994e+34 2.79014e+19 5.18577e+38 
8.62461e+14 2.34203e+34 2.80376e+19 5.18813e+38 
8.62864e+14 2.35413e+34 2.81737e+19 5.19048e+38 
8.63268e+14 2.36623e+34 2.83098e+19 5.19284e+38 
8.63672e+14 2.37834e+34 2.84458e+19 5.1952e+38 
8.64077e+14 2.39045e+34 2.85819e+19 5.19756e+38 
8.64481e+14 2.40257e+34 2.87179e+19 5.19992e+38 
8.64886e+14 2.41469e+34 2.88539e+19 5.20228e+38 
8.65291e+14 2.42683e+34 2.89899e+19 5.20464e+38 
8.65696e+14 2.43896e+34 2.91259e+19 5.20701e+38 
8.66101e+14 2.4511e+34 2.92618e+19 5.20937e+38 
8.66507e+14 2.46325e+34 2.93978e+19 5.21173e+38 
8.66913e+14 2.47541e+34 2.95337e+19 5.2141e+38 
8.67318e+14 2.48756e+34 2.96696e+19 5.21646e+38 
8.67724e+14 2.49973e+34 2.98055e+19 5.21883e+38 
8.68131e+14 2.5119e+34 2.99413e+19 5.2212e+38 
8.68537e+14 2.52408e+34 3.00772e+19 5.22357e+38 
8.68944e+14 2.53626e+34 3.0213e+19 5.22594e+38 
8.69351e+14 2.54845e+34 3.03488e+19 5.22831e+38 
8.69758e+14 2.56064e+34 3.04846e+19 5.23068e+38 
8.70165e+14 2.57284e+34 3.06203e+19 5.23305e+38 
8.70572e+14 2.58504e+34 3.07561e+19 5.23542e+38 
8.7098e+14 2.59725e+34 3.08918e+19 5.23779e+38 
8.71388e+14 2.60947e+34 3.10275e+19 5.24016e+38 
8.71796e+14 2.62169e+34 3.11632e+19 5.24254e+38 
8.72204e+14 2.63392e+34 3.12989e+19 5.24491e+38 
8.72612e+14 2.64615e+34 3.14346e+19 5.24729e+38 
8.73021e+14 2.65839e+34 3.15702e+19 5.24966e+38 
8.73429e+14 2.67064e+34 3.17058e+19 5.25204e+38 
8.73838e+14 2.68289e+34 3.18414e+19 5.25442e+38 
8.74247e+14 2.69514e+34 3.1977e+19 5.2568e+38 
8.74657e+14 2.70741e+34 3.21126e+19 5.25918e+38 
8.75066e+14 2.71967e+34 3.22481e+19 5.26156e+38 
8.75476e+14 2.73195e+34 3.23837e+19 5.26394e+38 
8.75886e+14 2.74423e+34 3.25192e+19 5.26632e+38 
8.76296e+14 2.75651e+34 3.26547e+19 5.2687e+38 
8.76706e+14 2.7688e+34 3.27901e+19 5.27108e+38 
8.77116e+14 2.7811e+34 3.29256e+19 5.27347e+38 
8.77527e+14 2.7934e+34 3.3061e+19 5.27585e+38 
8.77938e+14 2.80571e+34 3.31964e+19 5.27824e+38 
8.78349e+14 2.81802e+34 3.33318e+19 5.28062e+38 
8.7876e+14 2.83034e+34 3.34672e+19 5.28301e+38 
8.79172e+14 2.84267e+34 3.36026e+19 5.2854e+38 
8.79583e+14 2.855e+34 3.37379e+19 5.28779e+38 
8.79995e+14 2.86733e+34 3.38733e+19 5.29018e+38 
8.80407e+14 2.87968e+34 3.40086e+19 5.29257e+38 
8.80819e+14 2.89203e+34 3.41439e+19 5.29496e+38 
8.81232e+14 2.90438e+34 3.42791e+19 5.29735e+38 
8.81644e+14 2.91674e+34 3.44144e+19 5.29974e+38 
8.82057e+14 2.92911e+34 3.45496e+19 5.30213e+38 
8.8247e+14 2.94148e+34 3.46849e+19 5.30453e+38 
8.82883e+14 2.95385e+34 3.48201e+19 5.30692e+38 
8.83296e+14 2.96624e+34 3.49552e+19 5.30932e+38 
8.8371e+14 2.97863e+34 3.50904e+19 5.31171e+38 
8.84124e+14 2.99102e+34 3.52256e+19 5.31411e+38 
8.84538e+14 3.00342e+34 3.53607e+19 5.31651e+38 
8.84952e+14 3.01583e+34 3.54958e+19 5.31891e+38 
8.85366e+14 3.02824e+34 3.56309e+19 5.3213e+38 
8.8578e+14 3.04066e+34 3.5766e+19 5.3237e+38 
8.86195e+14 3.05308e+34 3.5901e+19 5.32611e+38 
8.8661e+14 3.06551e+34 3.60361e+19 5.32851e+38 
8.87025e+14 3.07795e+34 3.61711e+19 5.33091e+38 
8.8744e+14 3.09039e+34 3.63061e+19 5.33331e+38 
8.87856e+14 3.10284e+34 3.64411e+19 5.33571e+38 
8.88272e+14 3.11529e+34 3.6576e+19 5.33812e+38 
8.88687e+14 3.12775e+34 3.6711e+19 5.34052e+38 
8.89103e+14 3.14021e+34 3.68459e+19 5.34293e+38 
8.8952e+14 3.15268e+34 3.69808e+19 5.34534e+38 
8.89936e+14 3.16516e+34 3.71157e+19 5.34774e+38 
8.90353e+14 3.17764e+34 3.72506e+19 5.35015e+38 
8.9077e+14 3.19013e+34 3.73855e+19 5.35256e+38 
8.91187e+14 3.20262e+34 3.75203e+19 5.35497e+38 
8.91604e+14 3.21512e+34 3.76551e+19 5.35738e+38 
8.92021e+14 3.22763e+34 3.779e+19 5.35979e+38 
8.92439e+14 3.24014e+34 3.79247e+19 5.36221e+38 
8.92857e+14 3.25266e+34 3.80595e+19 5.36462e+38 
8.93275e+14 3.26518e+34 3.81943e+19 5.36703e+38 
8.93693e+14 3.27771e+34 3.8329e+19 5.36945e+38 
8.94111e+14 3.29024e+34 3.84637e+19 5.37186e+38 
8.9453e+14 3.30278e+34 3.85984e+19 5.37428e+38 
8.94949e+14 3.31533e+34 3.87331e+19 5.37669e+38 
8.95368e+14 3.32788e+34 3.88678e+19 5.37911e+38 
8.95787e+14 3.34044e+34 3.90024e+19 5.38153e+38 
8.96206e+14 3.353e+34 3.91371e+19 5.38395e+38 
8.96626e+14 3.36557e+34 3.92717e+19 5.38637e+38 
8.97046e+14 3.37815e+34 3.94063e+19 5.38879e+38 
8.97466e+14 3.39073e+34 3.95408e+19 5.39121e+38 
8.97886e+14 3.40332e+34 3.96754e+19 5.39363e+38 
8.98306e+14 3.41591e+34 3.98099e+19 5.39605e+38 
8.98727e+14 3.42851e+34 3.99445e+19 5.39848e+38 
8.99148e+14 3.44112e+34 4.0079e+19 5.4009e+38 
8.99569e+14 3.45373e+34 4.02135e+19 5.40333e+38 
8.9999e+14 3.46635e+34 4.03479e+19 5.40575e+38 
9.00411e+14 3.47897e+34 4.04824e+19 5.40818e+38 
9.00833e+14 3.4916e+34 4.06168e+19 5.41061e+38 
9.01254e+14 3.50423e+34 4.07512e+19 5.41304e+38 
9.01676e+14 3.51688e+34 4.08856e+19 5.41546e+38 
9.02098e+14 3.52952e+34 4.102e+19 5.41789e+38 
9.02521e+14 3.54217e+34 4.11544e+19 5.42032e+38 
9.02943e+14 3.55483e+34 4.12887e+19 5.42276e+38 
9.03366e+14 3.5675e+34 4.14231e+19 5.42519e+38 
9.03789e+14 3.58017e+34 4.15574e+19 5.42762e+38 
9.04212e+14 3.59284e+34 4.16917e+19 5.43005e+38 
9.04635e+14 3.60553e+34 4.1826e+19 5.43249e+38 
9.05059e+14 3.61821e+34 4.19602e+19 5.43492e+38 
9.05483e+14 3.63091e+34 4.20945e+19 5.43736e+38 
9.05907e+14 3.64361e+34 4.22287e+19 5.4398e+38 
9.06331e+14 3.65632e+34 4.23629e+19 5.44223e+38 
9.06755e+14 3.66903e+34 4.24971e+19 5.44467e+38 
9.0718e+14 3.68175e+34 4.26313e+19 5.44711e+38 
9.07604e+14 3.69447e+34 4.27654e+19 5.44955e+38 
9.08029e+14 3.7072e+34 4.28996e+19 5.45199e+38 
9.08454e+14 3.71993e+34 4.30337e+19 5.45443e+38 
9.0888e+14 3.73268e+34 4.31678e+19 5.45688e+38 
9.09305e+14 3.74542e+34 4.33019e+19 5.45932e+38 
9.09731e+14 3.75818e+34 4.3436e+19 5.46176e+38 
9.10157e+14 3.77094e+34 4.357e+19 5.46421e+38 
9.10583e+14 3.7837e+34 4.37041e+19 5.46665e+38 
9.11009e+14 3.79648e+34 4.38381e+19 5.4691e+38 
9.11436e+14 3.80925e+34 4.39721e+19 5.47154e+38 
9.11862e+14 3.82204e+34 4.41061e+19 5.47399e+38 
9.12289e+14 3.83483e+34 4.424e+19 5.47644e+38 
9.12716e+14 3.84762e+34 4.4374e+19 5.47889e+38 
9.13144e+14 3.86042e+34 4.45079e+19 5.48134e+38 
9.13571e+14 3.87323e+34 4.46418e+19 5.48379e+38 
9.13999e+14 3.88604e+34 4.47757e+19 5.48624e+38 
9.14427e+14 3.89886e+34 4.49096e+19 5.48869e+38 
9.14855e+14 3.91169e+34 4.50435e+19 5.49115e+38 
9.15283e+14 3.92452e+34 4.51773e+19 5.4936e+38 
9.15712e+14 3.93736e+34 4.53112e+19 5.49606e+38 
9.16141e+14 3.9502e+34 4.5445e+19 5.49851e+38 
9.16569e+14 3.96305e+34 4.55788e+19 5.50097e+38 
9.16999e+14 3.97591e+34 4.57126e+19 5.50343e+38 
9.17428e+14 3.98877e+34 4.58463e+19 5.50588e+38 
9.17857e+14 4.00164e+34 4.59801e+19 5.50834e+38 
9.18287e+14 4.01451e+34 4.61138e+19 5.5108e+38 
9.18717e+14 4.02739e+34 4.62475e+19 5.51326e+38 
9.19147e+14 4.04028e+34 4.63812e+19 5.51572e+38 
9.19578e+14 4.05317e+34 4.65149e+19 5.51818e+38 
9.20008e+14 4.06607e+34 4.66485e+19 5.52065e+38 
9.20439e+14 4.07897e+34 4.67822e+19 5.52311e+38 
9.2087e+14 4.09188e+34 4.69158e+19 5.52557e+38 
9.21301e+14 4.1048e+34 4.70494e+19 5.52804e+38 
9.21732e+14 4.11772e+34 4.7183e+19 5.5305e+38 
9.22164e+14 4.13065e+34 4.73166e+19 5.53297e+38 
9.22595e+14 4.14358e+34 4.74502e+19 5.53544e+38 
9.23027e+14 4.15652e+34 4.75837e+19 5.53791e+38 
9.23459e+14 4.16947e+34 4.77172e+19 5.54037e+38 
9.23892e+14 4.18242e+34 4.78507e+19 5.54284e+38 
9.24324e+14 4.19538e+34 4.79842e+19 5.54531e+38 
9.24757e+14 4.20834e+34 4.81177e+19 5.54779e+38 
9.2519e+14 4.22131e+34 4.82512e+19 5.55026e+38 
9.25623e+14 4.23429e+34 4.83846e+19 5.55273e+38 
9.26057e+14 4.24727e+34 4.8518e+19 5.5552e+38 
9.2649e+14 4.26026e+34 4.86514e+19 5.55768e+38 
9.26924e+14 4.27325e+34 4.87848e+19 5.56015e+38 
9.27358e+14 4.28626e+34 4.89182e+19 5.56263e+38 
9.27792e+14 4.29926e+34 4.90516e+19 5.56511e+38 
9.28226e+14 4.31228e+34 4.91849e+19 5.56758e+38 
9.28661e+14 4.32529e+34 4.93182e+19 5.57006e+38 
9.29096e+14 4.33832e+34 4.94515e+19 5.57254e+38 
9.29531e+14 4.35135e+34 4.95848e+19 5.57502e+38 
9.29966e+14 4.36439e+34 4.97181e+19 5.5775e+38 
9.30401e+14 4.37743e+34 4.98514e+19 5.57998e+38 
9.30837e+14 4.39048e+34 4.99846e+19 5.58247e+38 
9.31273e+14 4.40354e+34 5.01178e+19 5.58495e+38 
9.31709e+14 4.4166e+34 5.0251e+19 5.58743e+38 
9.32145e+14 4.42967e+34 5.03842e+19 5.58992e+38 
9.32581e+14 4.44274e+34 5.05174e+19 5.5924e+38 
9.33018e+14 4.45582e+34 5.06506e+19 5.59489e+38 
9.33455e+14 4.46891e+34 5.07837e+19 5.59738e+38 
9.33892e+14 4.482e+34 5.09168e+19 5.59986e+38 
9.34329e+14 4.4951e+34 5.10499e+19 5.60235e+38 
9.34766e+14 4.5082e+34 5.1183e+19 5.60484e+38 
9.35204e+14 4.52131e+34 5.13161e+19 5.60733e+38 
9.35642e+14 4.53443e+34 5.14492e+19 5.60982e+38 
9.3608e+14 4.54755e+34 5.15822e+19 5.61231e+38 
9.36518e+14 4.56068e+34 5.17152e+19 5.61481e+38 
9.36957e+14 4.57382e+34 5.18482e+19 5.6173e+38 
9.37395e+14 4.58696e+34 5.19812e+19 5.61979e+38 
9.37834e+14 4.60011e+34 5.21142e+19 5.62229e+38 
9.38273e+14 4.61326e+34 5.22472e+19 5.62479e+38 
9.38712e+14 4.62642e+34 5.23801e+19 5.62728e+38 
9.39152e+14 4.63959e+34 5.2513e+19 5.62978e+38 
9.39592e+14 4.65276e+34 5.2646e+19 5.63228e+38 
9.40032e+14 4.66594e+34 5.27789e+19 5.63478e+38 
9.40472e+14 4.67912e+34 5.29117e+19 5.63728e+38 
9.40912e+14 4.69232e+34 5.30446e+19 5.63978e+38 
9.41352e+14 4.70551e+34 5.31774e+19 5.64228e+38 
9.41793e+14 4.71872e+34 5.33103e+19 5.64478e+38 
9.42234e+14 4.73192e+34 5.34431e+19 5.64728e+38 
9.42675e+14 4.74514e+34 5.35759e+19 5.64979e+38 
9.43117e+14 4.75836e+34 5.37087e+19 5.65229e+38 
9.43558e+14 4.77159e+34 5.38414e+19 5.6548e+38 
9.44e+14 4.78482e+34 5.39742e+19 5.6573e+38 
9.44442e+14 4.79806e+34 5.41069e+19 5.65981e+38 
9.44884e+14 4.81131e+34 5.42396e+19 5.66232e+38 
9.45326e+14 4.82456e+34 5.43723e+19 5.66483e+38 
9.45769e+14 4.83782e+34 5.4505e+19 5.66734e+38 
9.46212e+14 4.85109e+34 5.46377e+19 5.66985e+38 
9.46655e+14 4.86436e+34 5.47703e+19 5.67236e+38 
9.47098e+14 4.87764e+34 5.49029e+19 5.67487e+38 
9.47541e+14 4.89092e+34 5.50356e+19 5.67738e+38 
9.47985e+14 4.90421e+34 5.51682e+19 5.6799e+38 
9.48429e+14 4.91751e+34 5.53007e+19 5.68241e+38 
9.48873e+14 4.93081e+34 5.54333e+19 5.68493e+38 
9.49317e+14 4.94412e+34 5.55659e+19 5.68744e+38 
9.49761e+14 4.95743e+34 5.56984e+19 5.68996e+38 
9.50206e+14 4.97075e+34 5.58309e+19 5.69248e+38 
9.50651e+14 4.98408e+34 5.59634e+19 5.69499e+38 
9.51096e+14 4.99742e+34 5.60959e+19 5.69751e+38 
9.51541e+14 5.01076e+34 5.62284e+19 5.70003e+38 
9.51987e+14 5.0241e+34 5.63608e+19 5.70255e+38 
9.52432e+14 5.03745e+34 5.64933e+19 5.70508e+38 
9.52878e+14 5.05081e+34 5.66257e+19 5.7076e+38 
9.53324e+14 5.06418e+34 5.67581e+19 5.71012e+38 
9.53771e+14 5.07755e+34 5.68905e+19 5.71264e+38 
9.54217e+14 5.09093e+34 5.70229e+19 5.71517e+38 
9.54664e+14 5.10431e+34 5.71552e+19 5.7177e+38 
9.55111e+14 5.1177e+34 5.72876e+19 5.72022e+38 
9.55558e+14 5.1311e+34 5.74199e+19 5.72275e+38 
9.56006e+14 5.1445e+34 5.75522e+19 5.72528e+38 
9.56453e+14 5.15791e+34 5.76845e+19 5.72781e+38 
9.56901e+14 5.17132e+34 5.78168e+19 5.73034e+38 
9.57349e+14 5.18474e+34 5.79491e+19 5.73287e+38 
9.57797e+14 5.19817e+34 5.80813e+19 5.7354e+38 
9.58246e+14 5.21161e+34 5.82135e+19 5.73793e+38 
9.58694e+14 5.22505e+34 5.83458e+19 5.74046e+38 
9.59143e+14 5.23849e+34 5.8478e+19 5.743e+38 
9.59592e+14 5.25194e+34 5.86101e+19 5.74553e+38 
9.60041e+14 5.2654e+34 5.87423e+19 5.74807e+38 
9.60491e+14 5.27887e+34 5.88745e+19 5.7506e+38 
9.6094e+14 5.29234e+34 5.90066e+19 5.75314e+38 
9.6139e+14 5.30582e+34 5.91387e+19 5.75568e+38 
9.6184e+14 5.3193e+34 5.92708e+19 5.75821e+38 
9.62291e+14 5.33279e+34 5.94029e+19 5.76075e+38 
9.62741e+14 5.34629e+34 5.9535e+19 5.76329e+38 
9.63192e+14 5.35979e+34 5.96671e+19 5.76584e+38 
9.63643e+14 5.3733e+34 5.97991e+19 5.76838e+38 
9.64094e+14 5.38682e+34 5.99311e+19 5.77092e+38 
9.64545e+14 5.40034e+34 6.00631e+19 5.77346e+38 
9.64997e+14 5.41387e+34 6.01951e+19 5.77601e+38 
9.65449e+14 5.4274e+34 6.03271e+19 5.77855e+38 
9.65901e+14 5.44095e+34 6.04591e+19 5.7811e+38 
9.66353e+14 5.45449e+34 6.0591e+19 5.78365e+38 
9.66805e+14 5.46805e+34 6.07229e+19 5.78619e+38 
9.67258e+14 5.48161e+34 6.08549e+19 5.78874e+38 
9.67711e+14 5.49517e+34 6.09868e+19 5.79129e+38 
9.68164e+14 5.50875e+34 6.11186e+19 5.79384e+38 
9.68617e+14 5.52233e+34 6.12505e+19 5.79639e+38 
9.69071e+14 5.53591e+34 6.13824e+19 5.79894e+38 
9.69524e+14 5.5495e+34 6.15142e+19 5.8015e+38 
9.69978e+14 5.5631e+34 6.1646e+19 5.80405e+38 
9.70432e+14 5.57671e+34 6.17778e+19 5.8066e+38 
9.70887e+14 5.59032e+34 6.19096e+19 5.80916e+38 
9.71341e+14 5.60394e+34 6.20414e+19 5.81171e+38 
9.71796e+14 5.61756e+34 6.21732e+19 5.81427e+38 
9.72251e+14 5.63119e+34 6.23049e+19 5.81683e+38 
9.72706e+14 5.64483e+34 6.24366e+19 5.81939e+38 
9.73162e+14 5.65847e+34 6.25683e+19 5.82194e+38 
9.73617e+14 5.67212e+34 6.27e+19 5.8245e+38 
9.74073e+14 5.68577e+34 6.28317e+19 5.82707e+38 
9.74529e+14 5.69944e+34 6.29634e+19 5.82963e+38 
9.74985e+14 5.71311e+34 6.3095e+19 5.83219e+38 
9.75442e+14 5.72678e+34 6.32267e+19 5.83475e+38 
9.75899e+14 5.74046e+34 6.33583e+19 5.83732e+38 
9.76355e+14 5.75415e+34 6.34899e+19 5.83988e+38 
9.76813e+14 5.76784e+34 6.36215e+19 5.84245e+38 
9.7727e+14 5.78154e+34 6.37531e+19 5.84501e+38 
9.77727e+14 5.79525e+34 6.38846e+19 5.84758e+38 
9.78185e+14 5.80896e+34 6.40162e+19 5.85015e+38 
9.78643e+14 5.82268e+34 6.41477e+19 5.85272e+38 
9.79101e+14 5.83641e+34 6.42792e+19 5.85529e+38 
9.7956e+14 5.85014e+34 6.44107e+19 5.85786e+38 
9.80018e+14 5.86388e+34 6.45422e+19 5.86043e+38 
9.80477e+14 5.87763e+34 6.46736e+19 5.863e+38 
9.80936e+14 5.89138e+34 6.48051e+19 5.86558e+38 
9.81395e+14 5.90514e+34 6.49365e+19 5.86815e+38 
9.81855e+14 5.9189e+34 6.50679e+19 5.87072e+38 
9.82314e+14 5.93267e+34 6.51993e+19 5.8733e+38 
9.82774e+14 5.94645e+34 6.53307e+19 5.87588e+38 
9.83234e+14 5.96024e+34 6.54621e+19 5.87845e+38 
9.83695e+14 5.97403e+34 6.55935e+19 5.88103e+38 
9.84155e+14 5.98782e+34 6.57248e+19 5.88361e+38 
9.84616e+14 6.00163e+34 6.58561e+19 5.88619e+38 
9.85077e+14 6.01544e+34 6.59874e+19 5.88877e+38 
9.85538e+14 6.02925e+34 6.61187e+19 5.89135e+38 
9.86e+14 6.04308e+34 6.625e+19 5.89393e+38 
9.86461e+14 6.05691e+34 6.63813e+19 5.89652e+38 
9.86923e+14 6.07074e+34 6.65125e+19 5.8991e+38 
9.87385e+14 6.08459e+34 6.66438e+19 5.90169e+38 
9.87847e+14 6.09843e+34 6.6775e+19 5.90427e+38 
9.8831e+14 6.11229e+34 6.69062e+19 5.90686e+38 
9.88773e+14 6.12615e+34 6.70374e+19 5.90944e+38 
9.89236e+14 6.14002e+34 6.71686e+19 5.91203e+38 
9.89699e+14 6.15389e+34 6.72997e+19 5.91462e+38 
9.90162e+14 6.16778e+34 6.74309e+19 5.91721e+38 
9.90626e+14 6.18166e+34 6.7562e+19 5.9198e+38 
9.91089e+14 6.19556e+34 6.76931e+19 5.92239e+38 
9.91553e+14 6.20946e+34 6.78242e+19 5.92499e+38 
9.92018e+14 6.22337e+34 6.79553e+19 5.92758e+38 
9.92482e+14 6.23728e+34 6.80863e+19 5.93017e+38 
9.92947e+14 6.2512e+34 6.82174e+19 5.93277e+38 
9.93412e+14 6.26513e+34 6.83484e+19 5.93536e+38 
9.93877e+14 6.27906e+34 6.84795e+19 5.93796e+38 
9.94342e+14 6.293e+34 6.86105e+19 5.94056e+38 
9.94808e+14 6.30695e+34 6.87415e+19 5.94315e+38 
9.95273e+14 6.3209e+34 6.88724e+19 5.94575e+38 
9.95739e+14 6.33486e+34 6.90034e+19 5.94835e+38 
9.96205e+14 6.34883e+34 6.91344e+19 5.95095e+38 
9.96672e+14 6.3628e+34 6.92653e+19 5.95355e+38 
9.97138e+14 6.37678e+34 6.93962e+19 5.95616e+38 
9.97605e+14 6.39076e+34 6.95271e+19 5.95876e+38 
9.98072e+14 6.40476e+34 6.9658e+19 5.96136e+38 
9.9854e+14 6.41875e+34 6.97889e+19 5.96397e+38 
9.99007e+14 6.43276e+34 6.99197e+19 5.96657e+38 
9.99475e+14 6.44677e+34 7.00506e+19 5.96918e+38 
9.99943e+14 6.46079e+34 7.01814e+19 5.97179e+38 
1.00041e+15 6.47481e+34 7.03122e+19 5.9744e+38 
1.00088e+15 6.48885e+34 7.0443e+19 5.97701e+38 
1.00135e+15 6.50288e+34 7.05738e+19 5.97962e+38 
1.00182e+15 6.51693e+34 7.07046e+19 5.98223e+38 
1.00229e+15 6.53098e+34 7.08353e+19 5.98484e+38 
1.00275e+15 6.54504e+34 7.09661e+19 5.98745e+38 
1.00322e+15 6.5591e+34 7.10968e+19 5.99006e+38 
1.00369e+15 6.57317e+34 7.12275e+19 5.99268e+38 
1.00416e+15 6.58725e+34 7.13582e+19 5.99529e+38 
1.00463e+15 6.60134e+34 7.14889e+19 5.99791e+38 
1.0051e+15 6.61543e+34 7.16195e+19 6.00052e+38 
1.00557e+15 6.62952e+34 7.17502e+19 6.00314e+38 
1.00605e+15 6.64363e+34 7.18808e+19 6.00576e+38 
1.00652e+15 6.65774e+34 7.20114e+19 6.00838e+38 
1.00699e+15 6.67186e+34 7.2142e+19 6.011e+38 
1.00746e+15 6.68598e+34 7.22726e+19 6.01362e+38 
1.00793e+15 6.70011e+34 7.24032e+19 6.01624e+38 
1.0084e+15 6.71425e+34 7.25338e+19 6.01886e+38 
1.00888e+15 6.72839e+34 7.26643e+19 6.02149e+38 
1.00935e+15 6.74254e+34 7.27948e+19 6.02411e+38 
1.00982e+15 6.7567e+34 7.29254e+19 6.02674e+38 
1.01029e+15 6.77086e+34 7.30559e+19 6.02936e+38 
1.01077e+15 6.78503e+34 7.31863e+19 6.03199e+38 
1.01124e+15 6.79921e+34 7.33168e+19 6.03462e+38 
1.01171e+15 6.81339e+34 7.34473e+19 6.03724e+38 
1.01219e+15 6.82758e+34 7.35777e+19 6.03987e+38 
1.01266e+15 6.84178e+34 7.37081e+19 6.0425e+38 
1.01313e+15 6.85598e+34 7.38386e+19 6.04514e+38 
1.01361e+15 6.87019e+34 7.3969e+19 6.04777e+38 
1.01408e+15 6.88441e+34 7.40993e+19 6.0504e+38 
1.01456e+15 6.89863e+34 7.42297e+19 6.05303e+38 
1.01503e+15 6.91286e+34 7.43601e+19 6.05567e+38 
1.01551e+15 6.9271e+34 7.44904e+19 6.0583e+38 
1.01598e+15 6.94134e+34 7.46207e+19 6.06094e+38 
1.01646e+15 6.95559e+34 7.4751e+19 6.06358e+38 
1.01693e+15 6.96985e+34 7.48813e+19 6.06621e+38 
1.01741e+15 6.98411e+34 7.50116e+19 6.06885e+38 
1.01789e+15 6.99838e+34 7.51419e+19 6.07149e+38 
1.01836e+15 7.01266e+34 7.52721e+19 6.07413e+38 
1.01884e+15 7.02694e+34 7.54024e+19 6.07677e+38 
1.01932e+15 7.04123e+34 7.55326e+19 6.07942e+38 
1.01979e+15 7.05553e+34 7.56628e+19 6.08206e+38 
1.02027e+15 7.06983e+34 7.5793e+19 6.0847e+38 
1.02075e+15 7.08414e+34 7.59232e+19 6.08735e+38 
1.02123e+15 7.09846e+34 7.60534e+19 6.08999e+38 
1.02171e+15 7.11278e+34 7.61835e+19 6.09264e+38 
1.02218e+15 7.12711e+34 7.63136e+19 6.09529e+38 
1.02266e+15 7.14145e+34 7.64438e+19 6.09793e+38 
1.02314e+15 7.15579e+34 7.65739e+19 6.10058e+38 
1.02362e+15 7.17014e+34 7.6704e+19 6.10323e+38 
1.0241e+15 7.1845e+34 7.68341e+19 6.10588e+38 
1.02458e+15 7.19887e+34 7.69641e+19 6.10853e+38 
1.02506e+15 7.21324e+34 7.70942e+19 6.11119e+38 
1.02554e+15 7.22761e+34 7.72242e+19 6.11384e+38 
1.02602e+15 7.242e+34 7.73542e+19 6.11649e+38 
1.0265e+15 7.25639e+34 7.74842e+19 6.11915e+38 
1.02698e+15 7.27079e+34 7.76142e+19 6.1218e+38 
1.02746e+15 7.28519e+34 7.77442e+19 6.12446e+38 
1.02794e+15 7.2996e+34 7.78742e+19 6.12712e+38 
1.02842e+15 7.31402e+34 7.80041e+19 6.12978e+38 
1.0289e+15 7.32844e+34 7.81341e+19 6.13244e+38 
1.02939e+15 7.34287e+34 7.8264e+19 6.1351e+38 
1.02987e+15 7.35731e+34 7.83939e+19 6.13776e+38 
1.03035e+15 7.37176e+34 7.85238e+19 6.14042e+38 
1.03083e+15 7.38621e+34 7.86537e+19 6.14308e+38 
1.03132e+15 7.40067e+34 7.87835e+19 6.14574e+38 
1.0318e+15 7.41513e+34 7.89134e+19 6.14841e+38 
1.03228e+15 7.4296e+34 7.90432e+19 6.15107e+38 
1.03276e+15 7.44408e+34 7.9173e+19 6.15374e+38 
1.03325e+15 7.45857e+34 7.93028e+19 6.15641e+38 
1.03373e+15 7.47306e+34 7.94326e+19 6.15907e+38 
1.03422e+15 7.48756e+34 7.95624e+19 6.16174e+38 
1.0347e+15 7.50206e+34 7.96922e+19 6.16441e+38 
1.03518e+15 7.51658e+34 7.98219e+19 6.16708e+38 
1.03567e+15 7.5311e+34 7.99517e+19 6.16975e+38 
1.03615e+15 7.54562e+34 8.00814e+19 6.17243e+38 
1.03664e+15 7.56015e+34 8.02111e+19 6.1751e+38 
1.03712e+15 7.57469e+34 8.03408e+19 6.17777e+38 
1.03761e+15 7.58924e+34 8.04705e+19 6.18045e+38 
1.0381e+15 7.60379e+34 8.06001e+19 6.18312e+38 
1.03858e+15 7.61835e+34 8.07298e+19 6.1858e+38 
1.03907e+15 7.63292e+34 8.08594e+19 6.18848e+38 
1.03955e+15 7.6475e+34 8.0989e+19 6.19116e+38 
1.04004e+15 7.66208e+34 8.11186e+19 6.19383e+38 
1.04053e+15 7.67666e+34 8.12482e+19 6.19651e+38 
1.04102e+15 7.69126e+34 8.13778e+19 6.1992e+38 
1.0415e+15 7.70586e+34 8.15074e+19 6.20188e+38 
1.04199e+15 7.72047e+34 8.16369e+19 6.20456e+38 
1.04248e+15 7.73508e+34 8.17665e+19 6.20724e+38 
1.04297e+15 7.7497e+34 8.1896e+19 6.20993e+38 
1.04345e+15 7.76433e+34 8.20255e+19 6.21261e+38 
1.04394e+15 7.77897e+34 8.2155e+19 6.2153e+38 
1.04443e+15 7.79361e+34 8.22845e+19 6.21799e+38 
1.04492e+15 7.80826e+34 8.2414e+19 6.22067e+38 
1.04541e+15 7.82291e+34 8.25434e+19 6.22336e+38 
1.0459e+15 7.83758e+34 8.26729e+19 6.22605e+38 
1.04639e+15 7.85225e+34 8.28023e+19 6.22874e+38 
1.04688e+15 7.86692e+34 8.29317e+19 6.23143e+38 
1.04737e+15 7.88161e+34 8.30611e+19 6.23412e+38 
1.04786e+15 7.8963e+34 8.31905e+19 6.23682e+38 
1.04835e+15 7.91099e+34 8.33198e+19 6.23951e+38 
1.04884e+15 7.9257e+34 8.34492e+19 6.24221e+38 
1.04933e+15 7.94041e+34 8.35785e+19 6.2449e+38 
1.04982e+15 7.95513e+34 8.37079e+19 6.2476e+38 
1.05031e+15 7.96985e+34 8.38372e+19 6.2503e+38 
1.05081e+15 7.98458e+34 8.39665e+19 6.25299e+38 
1.0513e+15 7.99932e+34 8.40958e+19 6.25569e+38 
1.05179e+15 8.01407e+34 8.42251e+19 6.25839e+38 
1.05228e+15 8.02882e+34 8.43543e+19 6.26109e+38 
1.05278e+15 8.04358e+34 8.44836e+19 6.2638e+38 
1.05327e+15 8.05834e+34 8.46128e+19 6.2665e+38 
1.05376e+15 8.07312e+34 8.4742e+19 6.2692e+38 
1.05425e+15 8.0879e+34 8.48712e+19 6.27191e+38 
1.05475e+15 8.10268e+34 8.50004e+19 6.27461e+38 
1.05524e+15 8.11748e+34 8.51296e+19 6.27732e+38 
1.05574e+15 8.13228e+34 8.52587e+19 6.28002e+38 
1.05623e+15 8.14708e+34 8.53879e+19 6.28273e+38 
1.05672e+15 8.1619e+34 8.5517e+19 6.28544e+38 
1.05722e+15 8.17672e+34 8.56461e+19 6.28815e+38 
1.05771e+15 8.19155e+34 8.57753e+19 6.29086e+38 
1.05821e+15 8.20638e+34 8.59044e+19 6.29357e+38 
1.05871e+15 8.22123e+34 8.60334e+19 6.29628e+38 
1.0592e+15 8.23608e+34 8.61625e+19 6.299e+38 
1.0597e+15 8.25093e+34 8.62915e+19 6.30171e+38 
1.06019e+15 8.26579e+34 8.64206e+19 6.30443e+38 
1.06069e+15 8.28066e+34 8.65496e+19 6.30714e+38 
1.06119e+15 8.29554e+34 8.66786e+19 6.30986e+38 
1.06168e+15 8.31043e+34 8.68076e+19 6.31258e+38 
1.06218e+15 8.32532e+34 8.69366e+19 6.31529e+38 
1.06268e+15 8.34021e+34 8.70656e+19 6.31801e+38 
1.06317e+15 8.35512e+34 8.71945e+19 6.32073e+38 
1.06367e+15 8.37003e+34 8.73235e+19 6.32346e+38 
1.06417e+15 8.38495e+34 8.74524e+19 6.32618e+38 
1.06467e+15 8.39988e+34 8.75813e+19 6.3289e+38 
1.06517e+15 8.41481e+34 8.77102e+19 6.33162e+38 
1.06567e+15 8.42975e+34 8.78391e+19 6.33435e+38 
1.06616e+15 8.4447e+34 8.7968e+19 6.33707e+38 
1.06666e+15 8.45965e+34 8.80969e+19 6.3398e+38 
1.06716e+15 8.47461e+34 8.82257e+19 6.34253e+38 
1.06766e+15 8.48958e+34 8.83545e+19 6.34526e+38 
1.06816e+15 8.50455e+34 8.84834e+19 6.34798e+38 
1.06866e+15 8.51953e+34 8.86122e+19 6.35071e+38 
1.06916e+15 8.53452e+34 8.8741e+19 6.35345e+38 
1.06966e+15 8.54952e+34 8.88697e+19 6.35618e+38 
1.07016e+15 8.56452e+34 8.89985e+19 6.35891e+38 
1.07067e+15 8.57953e+34 8.91273e+19 6.36164e+38 
1.07117e+15 8.59455e+34 8.9256e+19 6.36438e+38 
1.07167e+15 8.60957e+34 8.93847e+19 6.36711e+38 
1.07217e+15 8.6246e+34 8.95134e+19 6.36985e+38 
1.07267e+15 8.63964e+34 8.96421e+19 6.37259e+38 
1.07317e+15 8.65469e+34 8.97708e+19 6.37532e+38 
1.07368e+15 8.66974e+34 8.98995e+19 6.37806e+38 
1.07418e+15 8.6848e+34 9.00281e+19 6.3808e+38 
1.07468e+15 8.69987e+34 9.01568e+19 6.38354e+38 
1.07519e+15 8.71494e+34 9.02854e+19 6.38628e+38 
1.07569e+15 8.73002e+34 9.0414e+19 6.38903e+38 
1.07619e+15 8.74511e+34 9.05426e+19 6.39177e+38 
1.0767e+15 8.7602e+34 9.06712e+19 6.39451e+38 
1.0772e+15 8.7753e+34 9.07998e+19 6.39726e+38 
1.0777e+15 8.79041e+34 9.09284e+19 6.40001e+38 
1.07821e+15 8.80553e+34 9.10569e+19 6.40275e+38 
1.07871e+15 8.82065e+34 9.11855e+19 6.4055e+38 
1.07922e+15 8.83578e+34 9.1314e+19 6.40825e+38 
1.07972e+15 8.85092e+34 9.14425e+19 6.411e+38 
1.08023e+15 8.86606e+34 9.1571e+19 6.41375e+38 
1.08074e+15 8.88121e+34 9.16995e+19 6.4165e+38 
1.08124e+15 8.89637e+34 9.1828e+19 6.41925e+38 
1.08175e+15 8.91153e+34 9.19564e+19 6.422e+38 
1.08225e+15 8.92671e+34 9.20849e+19 6.42476e+38 
1.08276e+15 8.94189e+34 9.22133e+19 6.42751e+38 
1.08327e+15 8.95707e+34 9.23417e+19 6.43027e+38 
1.08377e+15 8.97227e+34 9.24701e+19 6.43303e+38 
1.08428e+15 8.98747e+34 9.25985e+19 6.43578e+38 
1.08479e+15 9.00268e+34 9.27269e+19 6.43854e+38 
1.0853e+15 9.01789e+34 9.28553e+19 6.4413e+38 
1.08581e+15 9.03311e+34 9.29836e+19 6.44406e+38 
1.08631e+15 9.04834e+34 9.31119e+19 6.44682e+38 
1.08682e+15 9.06358e+34 9.32403e+19 6.44958e+38 
1.08733e+15 9.07882e+34 9.33686e+19 6.45235e+38 
1.08784e+15 9.09407e+34 9.34969e+19 6.45511e+38 
1.08835e+15 9.10933e+34 9.36252e+19 6.45788e+38 
1.08886e+15 9.1246e+34 9.37534e+19 6.46064e+38 
1.08937e+15 9.13987e+34 9.38817e+19 6.46341e+38 
1.08988e+15 9.15515e+34 9.40099e+19 6.46618e+38 
1.09039e+15 9.17043e+34 9.41382e+19 6.46894e+38 
1.0909e+15 9.18573e+34 9.42664e+19 6.47171e+38 
1.09141e+15 9.20103e+34 9.43946e+19 6.47448e+38 
1.09192e+15 9.21634e+34 9.45228e+19 6.47725e+38 
1.09243e+15 9.23165e+34 9.4651e+19 6.48003e+38 
1.09294e+15 9.24697e+34 9.47791e+19 6.4828e+38 
1.09346e+15 9.2623e+34 9.49073e+19 6.48557e+38 
1.09397e+15 9.27764e+34 9.50354e+19 6.48835e+38 
1.09448e+15 9.29298e+34 9.51636e+19 6.49112e+38 
1.09499e+15 9.30833e+34 9.52917e+19 6.4939e+38 
1.0955e+15 9.32369e+34 9.54198e+19 6.49668e+38 
1.09602e+15 9.33906e+34 9.55479e+19 6.49946e+38 
1.09653e+15 9.35443e+34 9.56759e+19 6.50223e+38 
1.09704e+15 9.36981e+34 9.5804e+19 6.50501e+38 
1.09756e+15 9.3852e+34 9.59321e+19 6.5078e+38 
1.09807e+15 9.40059e+34 9.60601e+19 6.51058e+38 
1.09859e+15 9.41599e+34 9.61881e+19 6.51336e+38 
1.0991e+15 9.4314e+34 9.63161e+19 6.51614e+38 
1.09961e+15 9.44682e+34 9.64441e+19 6.51893e+38 
1.10013e+15 9.46224e+34 9.65721e+19 6.52171e+38 
1.10064e+15 9.47767e+34 9.67001e+19 6.5245e+38 
1.10116e+15 9.49311e+34 9.6828e+19 6.52729e+38 
1.10168e+15 9.50855e+34 9.6956e+19 6.53008e+38 
1.10219e+15 9.524e+34 9.70839e+19 6.53287e+38 
1.10271e+15 9.53946e+34 9.72118e+19 6.53566e+38 
1.10322e+15 9.55493e+34 9.73397e+19 6.53845e+38 
1.10374e+15 9.5704e+34 9.74676e+19 6.54124e+38 
1.10426e+15 9.58588e+34 9.75955e+19 6.54403e+38 
1.10477e+15 9.60137e+34 9.77234e+19 6.54682e+38 
1.10529e+15 9.61687e+34 9.78512e+19 6.54962e+38 
1.10581e+15 9.63237e+34 9.79791e+19 6.55242e+38 
1.10633e+15 9.64788e+34 9.81069e+19 6.55521e+38 
1.10684e+15 9.6634e+34 9.82347e+19 6.55801e+38 
1.10736e+15 9.67892e+34 9.83625e+19 6.56081e+38 
1.10788e+15 9.69445e+34 9.84903e+19 6.56361e+38 
1.1084e+15 9.70999e+34 9.86181e+19 6.56641e+38 
1.10892e+15 9.72554e+34 9.87459e+19 6.56921e+38 
1.10944e+15 9.74109e+34 9.88736e+19 6.57201e+38 
1.10996e+15 9.75665e+34 9.90014e+19 6.57481e+38 
1.11048e+15 9.77222e+34 9.91291e+19 6.57762e+38 
1.111e+15 9.7878e+34 9.92568e+19 6.58042e+38 
1.11152e+15 9.80338e+34 9.93845e+19 6.58323e+38 
1.11204e+15 9.81897e+34 9.95122e+19 6.58603e+38 
1.11256e+15 9.83457e+34 9.96399e+19 6.58884e+38 
1.11308e+15 9.85017e+34 9.97675e+19 6.59165e+38 
1.1136e+15 9.86578e+34 9.98952e+19 6.59446e+38 
1.11412e+15 9.8814e+34 1.00023e+20 6.59727e+38 
1.11464e+15 9.89703e+34 1.0015e+20 6.60008e+38 
1.11516e+15 9.91266e+34 1.00278e+20 6.60289e+38 
1.11569e+15 9.9283e+34 1.00406e+20 6.6057e+38 
1.11621e+15 9.94395e+34 1.00533e+20 6.60852e+38 
1.11673e+15 9.95961e+34 1.00661e+20 6.61133e+38 
1.11725e+15 9.97527e+34 1.00788e+20 6.61415e+38 
1.11778e+15 9.99094e+34 1.00916e+20 6.61696e+38 
1.1183e+15 1.00066e+35 1.01043e+20 6.61978e+38 
1.11882e+15 1.00223e+35 1.01171e+20 6.6226e+38 
1.11935e+15 1.0038e+35 1.01298e+20 6.62542e+38 
1.11987e+15 1.00537e+35 1.01426e+20 6.62824e+38 
1.1204e+15 1.00694e+35 1.01553e+20 6.63106e+38 
1.12092e+15 1.00851e+35 1.01681e+20 6.63388e+38 
1.12145e+15 1.01008e+35 1.01808e+20 6.63671e+38 
1.12197e+15 1.01166e+35 1.01936e+20 6.63953e+38 
1.1225e+15 1.01323e+35 1.02063e+20 6.64235e+38 
1.12302e+15 1.0148e+35 1.02191e+20 6.64518e+38 
1.12355e+15 1.01638e+35 1.02318e+20 6.64801e+38 
1.12407e+15 1.01796e+35 1.02445e+20 6.65083e+38 
1.1246e+15 1.01953e+35 1.02573e+20 6.65366e+38 
1.12513e+15 1.02111e+35 1.027e+20 6.65649e+38 
1.12565e+15 1.02269e+35 1.02828e+20 6.65932e+38 
1.12618e+15 1.02427e+35 1.02955e+20 6.66215e+38 
1.12671e+15 1.02585e+35 1.03082e+20 6.66499e+38 
1.12723e+15 1.02743e+35 1.0321e+20 6.66782e+38 
1.12776e+15 1.02901e+35 1.03337e+20 6.67065e+38 
1.12829e+15 1.03059e+35 1.03464e+20 6.67349e+38 
1.12882e+15 1.03217e+35 1.03591e+20 6.67632e+38 
1.12935e+15 1.03376e+35 1.03719e+20 6.67916e+38 
1.12988e+15 1.03534e+35 1.03846e+20 6.682e+38 
1.1304e+15 1.03692e+35 1.03973e+20 6.68484e+38 
1.13093e+15 1.03851e+35 1.041e+20 6.68768e+38 
1.13146e+15 1.0401e+35 1.04228e+20 6.69052e+38 
1.13199e+15 1.04168e+35 1.04355e+20 6.69336e+38 
1.13252e+15 1.04327e+35 1.04482e+20 6.6962e+38 
1.13305e+15 1.04486e+35 1.04609e+20 6.69905e+38 
1.13358e+15 1.04645e+35 1.04736e+20 6.70189e+38 
1.13411e+15 1.04804e+35 1.04864e+20 6.70473e+38 
1.13465e+15 1.04963e+35 1.04991e+20 6.70758e+38 
1.13518e+15 1.05122e+35 1.05118e+20 6.71043e+38 
1.13571e+15 1.05281e+35 1.05245e+20 6.71328e+38 
1.13624e+15 1.05441e+35 1.05372e+20 6.71612e+38 
1.13677e+15 1.056e+35 1.05499e+20 6.71897e+38 
1.1373e+15 1.05759e+35 1.05626e+20 6.72183e+38 
1.13784e+15 1.05919e+35 1.05753e+20 6.72468e+38 
1.13837e+15 1.06078e+35 1.0588e+20 6.72753e+38 
1.1389e+15 1.06238e+35 1.06007e+20 6.73038e+38 
1.13944e+15 1.06398e+35 1.06135e+20 6.73324e+38 
1.13997e+15 1.06558e+35 1.06262e+20 6.73609e+38 
1.1405e+15 1.06718e+35 1.06389e+20 6.73895e+38 
1.14104e+15 1.06877e+35 1.06516e+20 6.74181e+38 
1.14157e+15 1.07038e+35 1.06643e+20 6.74467e+38 
1.14211e+15 1.07198e+35 1.0677e+20 6.74752e+38 
1.14264e+15 1.07358e+35 1.06896e+20 6.75038e+38 
1.14317e+15 1.07518e+35 1.07023e+20 6.75325e+38 
1.14371e+15 1.07678e+35 1.0715e+20 6.75611e+38 
1.14425e+15 1.07839e+35 1.07277e+20 6.75897e+38 
1.14478e+15 1.07999e+35 1.07404e+20 6.76183e+38 
1.14532e+15 1.0816e+35 1.07531e+20 6.7647e+38 
1.14585e+15 1.08321e+35 1.07658e+20 6.76756e+38 
1.14639e+15 1.08481e+35 1.07785e+20 6.77043e+38 
1.14693e+15 1.08642e+35 1.07912e+20 6.7733e+38 
1.14746e+15 1.08803e+35 1.08039e+20 6.77617e+38 
1.148e+15 1.08964e+35 1.08165e+20 6.77904e+38 
1.14854e+15 1.09125e+35 1.08292e+20 6.78191e+38 
1.14908e+15 1.09286e+35 1.08419e+20 6.78478e+38 
1.14961e+15 1.09447e+35 1.08546e+20 6.78765e+38 
1.15015e+15 1.09608e+35 1.08673e+20 6.79052e+38 
1.15069e+15 1.0977e+35 1.08799e+20 6.7934e+38 
1.15123e+15 1.09931e+35 1.08926e+20 6.79627e+38 
1.15177e+15 1.10093e+35 1.09053e+20 6.79915e+38 
1.15231e+15 1.10254e+35 1.0918e+20 6.80203e+38 
1.15285e+15 1.10416e+35 1.09306e+20 6.8049e+38 
1.15339e+15 1.10577e+35 1.09433e+20 6.80778e+38 
1.15393e+15 1.10739e+35 1.0956e+20 6.81066e+38 
1.15447e+15 1.10901e+35 1.09686e+20 6.81354e+38 
1.15501e+15 1.11063e+35 1.09813e+20 6.81643e+38 
1.15555e+15 1.11225e+35 1.0994e+20 6.81931e+38 
1.15609e+15 1.11387e+35 1.10066e+20 6.82219e+38 
1.15663e+15 1.11549e+35 1.10193e+20 6.82508e+38 
1.15717e+15 1.11711e+35 1.1032e+20 6.82796e+38 
1.15771e+15 1.11874e+35 1.10446e+20 6.83085e+38 
1.15826e+15 1.12036e+35 1.10573e+20 6.83374e+38 
1.1588e+15 1.12199e+35 1.107e+20 6.83662e+38 
1.15934e+15 1.12361e+35 1.10826e+20 6.83951e+38 
1.15988e+15 1.12524e+35 1.10953e+20 6.8424e+38 
1.16043e+15 1.12686e+35 1.11079e+20 6.84529e+38 
1.16097e+15 1.12849e+35 1.11206e+20 6.84819e+38 
1.16151e+15 1.13012e+35 1.11332e+20 6.85108e+38 
1.16206e+15 1.13175e+35 1.11459e+20 6.85397e+38 
1.1626e+15 1.13338e+35 1.11585e+20 6.85687e+38 
1.16315e+15 1.13501e+35 1.11712e+20 6.85976e+38 
1.16369e+15 1.13664e+35 1.11838e+20 6.86266e+38 
1.16423e+15 1.13827e+35 1.11965e+20 6.86556e+38 
1.16478e+15 1.13991e+35 1.12091e+20 6.86846e+38 
1.16532e+15 1.14154e+35 1.12218e+20 6.87136e+38 
1.16587e+15 1.14317e+35 1.12344e+20 6.87426e+38 
1.16642e+15 1.14481e+35 1.12471e+20 6.87716e+38 
1.16696e+15 1.14645e+35 1.12597e+20 6.88006e+38 
1.16751e+15 1.14808e+35 1.12723e+20 6.88297e+38 
1.16806e+15 1.14972e+35 1.1285e+20 6.88587e+38 
1.1686e+15 1.15136e+35 1.12976e+20 6.88878e+38 
1.16915e+15 1.153e+35 1.13103e+20 6.89168e+38 
1.1697e+15 1.15464e+35 1.13229e+20 6.89459e+38 
1.17024e+15 1.15628e+35 1.13355e+20 6.8975e+38 
1.17079e+15 1.15792e+35 1.13482e+20 6.90041e+38 
1.17134e+15 1.15956e+35 1.13608e+20 6.90332e+38 
1.17189e+15 1.1612e+35 1.13734e+20 6.90623e+38 
1.17244e+15 1.16285e+35 1.13861e+20 6.90914e+38 
1.17299e+15 1.16449e+35 1.13987e+20 6.91205e+38 
1.17354e+15 1.16614e+35 1.14113e+20 6.91497e+38 
1.17408e+15 1.16778e+35 1.14239e+20 6.91788e+38 
1.17463e+15 1.16943e+35 1.14366e+20 6.9208e+38 
1.17518e+15 1.17108e+35 1.14492e+20 6.92371e+38 
1.17573e+15 1.17273e+35 1.14618e+20 6.92663e+38 
1.17629e+15 1.17437e+35 1.14744e+20 6.92955e+38 
1.17684e+15 1.17602e+35 1.1487e+20 6.93247e+38 
1.17739e+15 1.17768e+35 1.14997e+20 6.93539e+38 
1.17794e+15 1.17933e+35 1.15123e+20 6.93831e+38 
1.17849e+15 1.18098e+35 1.15249e+20 6.94124e+38 
1.17904e+15 1.18263e+35 1.15375e+20 6.94416e+38 
1.17959e+15 1.18429e+35 1.15501e+20 6.94708e+38 
1.18015e+15 1.18594e+35 1.15627e+20 6.95001e+38 
1.1807e+15 1.18759e+35 1.15754e+20 6.95294e+38 
1.18125e+15 1.18925e+35 1.1588e+20 6.95586e+38 
1.1818e+15 1.19091e+35 1.16006e+20 6.95879e+38 
1.18236e+15 1.19257e+35 1.16132e+20 6.96172e+38 
1.18291e+15 1.19422e+35 1.16258e+20 6.96465e+38 
1.18346e+15 1.19588e+35 1.16384e+20 6.96758e+38 
1.18402e+15 1.19754e+35 1.1651e+20 6.97051e+38 
1.18457e+15 1.1992e+35 1.16636e+20 6.97345e+38 
1.18513e+15 1.20086e+35 1.16762e+20 6.97638e+38 
1.18568e+15 1.20253e+35 1.16888e+20 6.97932e+38 
1.18624e+15 1.20419e+35 1.17014e+20 6.98225e+38 
1.18679e+15 1.20585e+35 1.1714e+20 6.98519e+38 
1.18735e+15 1.20752e+35 1.17266e+20 6.98813e+38 
1.1879e+15 1.20918e+35 1.17392e+20 6.99107e+38 
1.18846e+15 1.21085e+35 1.17518e+20 6.99401e+38 
1.18902e+15 1.21252e+35 1.17644e+20 6.99695e+38 
1.18957e+15 1.21418e+35 1.1777e+20 6.99989e+38 
1.19013e+15 1.21585e+35 1.17896e+20 7.00283e+38 
1.19069e+15 1.21752e+35 1.18022e+20 7.00577e+38 
1.19125e+15 1.21919e+35 1.18148e+20 7.00872e+38 
1.1918e+15 1.22086e+35 1.18273e+20 7.01166e+38 
1.19236e+15 1.22253e+35 1.18399e+20 7.01461e+38 
1.19292e+15 1.22421e+35 1.18525e+20 7.01756e+38 
1.19348e+15 1.22588e+35 1.18651e+20 7.02051e+38 
1.19404e+15 1.22755e+35 1.18777e+20 7.02346e+38 
1.1946e+15 1.22923e+35 1.18903e+20 7.02641e+38 
1.19515e+15 1.2309e+35 1.19028e+20 7.02936e+38 
1.19571e+15 1.23258e+35 1.19154e+20 7.03231e+38 
1.19627e+15 1.23426e+35 1.1928e+20 7.03526e+38 
1.19683e+15 1.23594e+35 1.19406e+20 7.03822e+38 
1.19739e+15 1.23761e+35 1.19532e+20 7.04117e+38 
1.19795e+15 1.23929e+35 1.19657e+20 7.04413e+38 
1.19852e+15 1.24097e+35 1.19783e+20 7.04709e+38 
1.19908e+15 1.24266e+35 1.19909e+20 7.05005e+38 
1.19964e+15 1.24434e+35 1.20035e+20 7.05301e+38 
1.2002e+15 1.24602e+35 1.2016e+20 7.05597e+38 
1.20076e+15 1.2477e+35 1.20286e+20 7.05893e+38 
1.20132e+15 1.24939e+35 1.20412e+20 7.06189e+38 
1.20189e+15 1.25107e+35 1.20537e+20 7.06485e+38 
1.20245e+15 1.25276e+35 1.20663e+20 7.06782e+38 
1.20301e+15 1.25444e+35 1.20789e+20 7.07078e+38 
1.20358e+15 1.25613e+35 1.20914e+20 7.07375e+38 
1.20414e+15 1.25782e+35 1.2104e+20 7.07671e+38 
1.2047e+15 1.25951e+35 1.21166e+20 7.07968e+38 
1.20527e+15 1.2612e+35 1.21291e+20 7.08265e+38 
1.20583e+15 1.26289e+35 1.21417e+20 7.08562e+38 
1.2064e+15 1.26458e+35 1.21542e+20 7.08859e+38 
1.20696e+15 1.26627e+35 1.21668e+20 7.09156e+38 
1.20753e+15 1.26797e+35 1.21793e+20 7.09454e+38 
1.20809e+15 1.26966e+35 1.21919e+20 7.09751e+38 
1.20866e+15 1.27135e+35 1.22045e+20 7.10048e+38 
1.20922e+15 1.27305e+35 1.2217e+20 7.10346e+38 
1.20979e+15 1.27474e+35 1.22296e+20 7.10644e+38 
1.21035e+15 1.27644e+35 1.22421e+20 7.10942e+38 
1.21092e+15 1.27814e+35 1.22547e+20 7.11239e+38 
1.21149e+15 1.27984e+35 1.22672e+20 7.11537e+38 
1.21206e+15 1.28154e+35 1.22798e+20 7.11835e+38 
1.21262e+15 1.28324e+35 1.22923e+20 7.12134e+38 
1.21319e+15 1.28494e+35 1.23048e+20 7.12432e+38 
1.21376e+15 1.28664e+35 1.23174e+20 7.1273e+38 
1.21433e+15 1.28834e+35 1.23299e+20 7.13029e+38 
1.2149e+15 1.29004e+35 1.23425e+20 7.13327e+38 
1.21546e+15 1.29175e+35 1.2355e+20 7.13626e+38 
1.21603e+15 1.29345e+35 1.23676e+20 7.13925e+38 
1.2166e+15 1.29516e+35 1.23801e+20 7.14223e+38 
1.21717e+15 1.29687e+35 1.23926e+20 7.14522e+38 
1.21774e+15 1.29857e+35 1.24052e+20 7.14821e+38 
1.21831e+15 1.30028e+35 1.24177e+20 7.15121e+38 
1.21888e+15 1.30199e+35 1.24302e+20 7.1542e+38 
1.21945e+15 1.3037e+35 1.24428e+20 7.15719e+38 
1.22002e+15 1.30541e+35 1.24553e+20 7.16019e+38 
1.2206e+15 1.30712e+35 1.24678e+20 7.16318e+38 
1.22117e+15 1.30883e+35 1.24804e+20 7.16618e+38 
1.22174e+15 1.31055e+35 1.24929e+20 7.16918e+38 
1.22231e+15 1.31226e+35 1.25054e+20 7.17217e+38 
1.22288e+15 1.31397e+35 1.25179e+20 7.17517e+38 
1.22345e+15 1.31569e+35 1.25305e+20 7.17817e+38 
1.22403e+15 1.3174e+35 1.2543e+20 7.18117e+38 
1.2246e+15 1.31912e+35 1.25555e+20 7.18418e+38 
1.22517e+15 1.32084e+35 1.2568e+20 7.18718e+38 
1.22575e+15 1.32256e+35 1.25805e+20 7.19018e+38 
1.22632e+15 1.32428e+35 1.25931e+20 7.19319e+38 
1.2269e+15 1.326e+35 1.26056e+20 7.1962e+38 
1.22747e+15 1.32772e+35 1.26181e+20 7.1992e+38 
1.22804e+15 1.32944e+35 1.26306e+20 7.20221e+38 
1.22862e+15 1.33116e+35 1.26431e+20 7.20522e+38 
1.22919e+15 1.33288e+35 1.26556e+20 7.20823e+38 
1.22977e+15 1.33461e+35 1.26682e+20 7.21124e+38 
1.23035e+15 1.33633e+35 1.26807e+20 7.21425e+38 
1.23092e+15 1.33806e+35 1.26932e+20 7.21727e+38 
1.2315e+15 1.33979e+35 1.27057e+20 7.22028e+38 
1.23208e+15 1.34151e+35 1.27182e+20 7.2233e+38 
1.23265e+15 1.34324e+35 1.27307e+20 7.22631e+38 
1.23323e+15 1.34497e+35 1.27432e+20 7.22933e+38 
1.23381e+15 1.3467e+35 1.27557e+20 7.23235e+38 
1.23438e+15 1.34843e+35 1.27682e+20 7.23537e+38 
1.23496e+15 1.35016e+35 1.27807e+20 7.23839e+38 
1.23554e+15 1.35189e+35 1.27932e+20 7.24141e+38 
1.23612e+15 1.35363e+35 1.28057e+20 7.24443e+38 
1.2367e+15 1.35536e+35 1.28182e+20 7.24745e+38 
1.23728e+15 1.35709e+35 1.28307e+20 7.25048e+38 
1.23786e+15 1.35883e+35 1.28432e+20 7.2535e+38 
1.23843e+15 1.36057e+35 1.28557e+20 7.25653e+38 
1.23901e+15 1.3623e+35 1.28682e+20 7.25956e+38 
1.23959e+15 1.36404e+35 1.28807e+20 7.26258e+38 
1.24018e+15 1.36578e+35 1.28932e+20 7.26561e+38 
1.24076e+15 1.36752e+35 1.29057e+20 7.26864e+38 
1.24134e+15 1.36926e+35 1.29182e+20 7.27167e+38 
1.24192e+15 1.371e+35 1.29307e+20 7.27471e+38 
1.2425e+15 1.37274e+35 1.29431e+20 7.27774e+38 
1.24308e+15 1.37449e+35 1.29556e+20 7.28077e+38 
1.24366e+15 1.37623e+35 1.29681e+20 7.28381e+38 
1.24425e+15 1.37797e+35 1.29806e+20 7.28684e+38 
1.24483e+15 1.37972e+35 1.29931e+20 7.28988e+38 
1.24541e+15 1.38146e+35 1.30056e+20 7.29292e+38 
1.24599e+15 1.38321e+35 1.30181e+20 7.29596e+38 
1.24658e+15 1.38496e+35 1.30305e+20 7.299e+38 
1.24716e+15 1.38671e+35 1.3043e+20 7.30204e+38 
1.24774e+15 1.38846e+35 1.30555e+20 7.30508e+38 
1.24833e+15 1.39021e+35 1.3068e+20 7.30812e+38 
1.24891e+15 1.39196e+35 1.30804e+20 7.31117e+38 
1.2495e+15 1.39371e+35 1.30929e+20 7.31421e+38 
1.25008e+15 1.39546e+35 1.31054e+20 7.31726e+38 
1.25067e+15 1.39721e+35 1.31179e+20 7.32031e+38 
1.25125e+15 1.39897e+35 1.31303e+20 7.32335e+38 
1.25184e+15 1.40072e+35 1.31428e+20 7.3264e+38 
1.25243e+15 1.40248e+35 1.31553e+20 7.32945e+38 
1.25301e+15 1.40424e+35 1.31677e+20 7.3325e+38 
1.2536e+15 1.40599e+35 1.31802e+20 7.33556e+38 
1.25419e+15 1.40775e+35 1.31927e+20 7.33861e+38 
1.25477e+15 1.40951e+35 1.32051e+20 7.34166e+38 
1.25536e+15 1.41127e+35 1.32176e+20 7.34472e+38 
1.25595e+15 1.41303e+35 1.32301e+20 7.34778e+38 
1.25654e+15 1.41479e+35 1.32425e+20 7.35083e+38 
1.25712e+15 1.41656e+35 1.3255e+20 7.35389e+38 
1.25771e+15 1.41832e+35 1.32675e+20 7.35695e+38 
1.2583e+15 1.42008e+35 1.32799e+20 7.36001e+38 
1.25889e+15 1.42185e+35 1.32924e+20 7.36307e+38 
1.25948e+15 1.42361e+35 1.33048e+20 7.36613e+38 
1.26007e+15 1.42538e+35 1.33173e+20 7.3692e+38 
1.26066e+15 1.42715e+35 1.33297e+20 7.37226e+38 
1.26125e+15 1.42892e+35 1.33422e+20 7.37533e+38 
1.26184e+15 1.43068e+35 1.33546e+20 7.37839e+38 
1.26243e+15 1.43245e+35 1.33671e+20 7.38146e+38 
1.26302e+15 1.43423e+35 1.33795e+20 7.38453e+38 
1.26361e+15 1.436e+35 1.3392e+20 7.3876e+38 
1.2642e+15 1.43777e+35 1.34044e+20 7.39067e+38 
1.2648e+15 1.43954e+35 1.34169e+20 7.39374e+38 
1.26539e+15 1.44132e+35 1.34293e+20 7.39681e+38 
1.26598e+15 1.44309e+35 1.34418e+20 7.39988e+38 
1.26657e+15 1.44487e+35 1.34542e+20 7.40296e+38 
1.26717e+15 1.44664e+35 1.34667e+20 7.40603e+38 
1.26776e+15 1.44842e+35 1.34791e+20 7.40911e+38 
1.26835e+15 1.4502e+35 1.34915e+20 7.41219e+38 
1.26895e+15 1.45198e+35 1.3504e+20 7.41526e+38 
1.26954e+15 1.45376e+35 1.35164e+20 7.41834e+38 
1.27014e+15 1.45554e+35 1.35289e+20 7.42142e+38 
1.27073e+15 1.45732e+35 1.35413e+20 7.42451e+38 
1.27133e+15 1.4591e+35 1.35537e+20 7.42759e+38 
1.27192e+15 1.46088e+35 1.35662e+20 7.43067e+38 
1.27252e+15 1.46267e+35 1.35786e+20 7.43376e+38 
1.27311e+15 1.46445e+35 1.3591e+20 7.43684e+38 
1.27371e+15 1.46624e+35 1.36035e+20 7.43993e+38 
1.2743e+15 1.46803e+35 1.36159e+20 7.44302e+38 
1.2749e+15 1.46981e+35 1.36283e+20 7.4461e+38 
1.2755e+15 1.4716e+35 1.36407e+20 7.44919e+38 
1.2761e+15 1.47339e+35 1.36532e+20 7.45228e+38 
1.27669e+15 1.47518e+35 1.36656e+20 7.45538e+38 
1.27729e+15 1.47697e+35 1.3678e+20 7.45847e+38 
1.27789e+15 1.47876e+35 1.36904e+20 7.46156e+38 
1.27849e+15 1.48055e+35 1.37029e+20 7.46466e+38 
1.27908e+15 1.48235e+35 1.37153e+20 7.46775e+38 
1.27968e+15 1.48414e+35 1.37277e+20 7.47085e+38 
1.28028e+15 1.48594e+35 1.37401e+20 7.47395e+38 
1.28088e+15 1.48773e+35 1.37526e+20 7.47705e+38 
1.28148e+15 1.48953e+35 1.3765e+20 7.48015e+38 
1.28208e+15 1.49133e+35 1.37774e+20 7.48325e+38 
1.28268e+15 1.49312e+35 1.37898e+20 7.48635e+38 
1.28328e+15 1.49492e+35 1.38022e+20 7.48945e+38 
1.28388e+15 1.49672e+35 1.38146e+20 7.49255e+38 
1.28448e+15 1.49852e+35 1.3827e+20 7.49566e+38 
1.28509e+15 1.50033e+35 1.38394e+20 7.49876e+38 
1.28569e+15 1.50213e+35 1.38519e+20 7.50187e+38 
1.28629e+15 1.50393e+35 1.38643e+20 7.50498e+38 
1.28689e+15 1.50574e+35 1.38767e+20 7.50809e+38 
1.28749e+15 1.50754e+35 1.38891e+20 7.5112e+38 
1.2881e+15 1.50935e+35 1.39015e+20 7.51431e+38 
1.2887e+15 1.51115e+35 1.39139e+20 7.51742e+38 
1.2893e+15 1.51296e+35 1.39263e+20 7.52053e+38 
1.28991e+15 1.51477e+35 1.39387e+20 7.52365e+38 
1.29051e+15 1.51658e+35 1.39511e+20 7.52676e+38 
1.29112e+15 1.51839e+35 1.39635e+20 7.52988e+38 
1.29172e+15 1.5202e+35 1.39759e+20 7.533e+38 
1.29232e+15 1.52201e+35 1.39883e+20 7.53612e+38 
1.29293e+15 1.52382e+35 1.40007e+20 7.53923e+38 
1.29353e+15 1.52564e+35 1.40131e+20 7.54236e+38 
1.29414e+15 1.52745e+35 1.40255e+20 7.54548e+38 
1.29475e+15 1.52927e+35 1.40379e+20 7.5486e+38 
1.29535e+15 1.53108e+35 1.40503e+20 7.55172e+38 
1.29596e+15 1.5329e+35 1.40627e+20 7.55485e+38 
1.29657e+15 1.53472e+35 1.40751e+20 7.55797e+38 
1.29717e+15 1.53654e+35 1.40874e+20 7.5611e+38 
1.29778e+15 1.53835e+35 1.40998e+20 7.56423e+38 
1.29839e+15 1.54017e+35 1.41122e+20 7.56735e+38 
1.299e+15 1.542e+35 1.41246e+20 7.57048e+38 
1.2996e+15 1.54382e+35 1.4137e+20 7.57361e+38 
1.30021e+15 1.54564e+35 1.41494e+20 7.57675e+38 
1.30082e+15 1.54746e+35 1.41618e+20 7.57988e+38 
1.30143e+15 1.54929e+35 1.41742e+20 7.58301e+38 
1.30204e+15 1.55111e+35 1.41865e+20 7.58615e+38 
1.30265e+15 1.55294e+35 1.41989e+20 7.58928e+38 
1.30326e+15 1.55477e+35 1.42113e+20 7.59242e+38 
1.30387e+15 1.5566e+35 1.42237e+20 7.59556e+38 
1.30448e+15 1.55842e+35 1.42361e+20 7.5987e+38 
1.30509e+15 1.56025e+35 1.42484e+20 7.60184e+38 
1.3057e+15 1.56208e+35 1.42608e+20 7.60498e+38 
1.30631e+15 1.56392e+35 1.42732e+20 7.60812e+38 
1.30692e+15 1.56575e+35 1.42856e+20 7.61126e+38 
1.30754e+15 1.56758e+35 1.42979e+20 7.61441e+38 
1.30815e+15 1.56941e+35 1.43103e+20 7.61755e+38 
1.30876e+15 1.57125e+35 1.43227e+20 7.6207e+38 
1.30937e+15 1.57309e+35 1.4335e+20 7.62384e+38 
1.30999e+15 1.57492e+35 1.43474e+20 7.62699e+38 
1.3106e+15 1.57676e+35 1.43598e+20 7.63014e+38 
1.31121e+15 1.5786e+35 1.43721e+20 7.63329e+38 
1.31183e+15 1.58044e+35 1.43845e+20 7.63644e+38 
1.31244e+15 1.58228e+35 1.43969e+20 7.6396e+38 
1.31306e+15 1.58412e+35 1.44092e+20 7.64275e+38 
1.31367e+15 1.58596e+35 1.44216e+20 7.6459e+38 
1.31428e+15 1.5878e+35 1.4434e+20 7.64906e+38 
1.3149e+15 1.58964e+35 1.44463e+20 7.65222e+38 
1.31552e+15 1.59149e+35 1.44587e+20 7.65537e+38 
1.31613e+15 1.59333e+35 1.4471e+20 7.65853e+38 
1.31675e+15 1.59518e+35 1.44834e+20 7.66169e+38 
1.31736e+15 1.59703e+35 1.44957e+20 7.66485e+38 
1.31798e+15 1.59887e+35 1.45081e+20 7.66801e+38 
1.3186e+15 1.60072e+35 1.45205e+20 7.67118e+38 
1.31922e+15 1.60257e+35 1.45328e+20 7.67434e+38 
1.31983e+15 1.60442e+35 1.45452e+20 7.67751e+38 
1.32045e+15 1.60627e+35 1.45575e+20 7.68067e+38 
1.32107e+15 1.60813e+35 1.45699e+20 7.68384e+38 
1.32169e+15 1.60998e+35 1.45822e+20 7.68701e+38 
1.32231e+15 1.61183e+35 1.45946e+20 7.69018e+38 
1.32293e+15 1.61369e+35 1.46069e+20 7.69335e+38 
1.32354e+15 1.61554e+35 1.46193e+20 7.69652e+38 
1.32416e+15 1.6174e+35 1.46316e+20 7.69969e+38 
1.32478e+15 1.61926e+35 1.46439e+20 7.70286e+38 
1.3254e+15 1.62111e+35 1.46563e+20 7.70604e+38 
1.32603e+15 1.62297e+35 1.46686e+20 7.70921e+38 
1.32665e+15 1.62483e+35 1.4681e+20 7.71239e+38 
1.32727e+15 1.62669e+35 1.46933e+20 7.71557e+38 
1.32789e+15 1.62856e+35 1.47057e+20 7.71875e+38 
1.32851e+15 1.63042e+35 1.4718e+20 7.72192e+38 
1.32913e+15 1.63228e+35 1.47303e+20 7.72511e+38 
1.32975e+15 1.63415e+35 1.47427e+20 7.72829e+38 
1.33038e+15 1.63601e+35 1.4755e+20 7.73147e+38 
1.331e+15 1.63788e+35 1.47673e+20 7.73465e+38 
1.33162e+15 1.63974e+35 1.47797e+20 7.73784e+38 
1.33225e+15 1.64161e+35 1.4792e+20 7.74102e+38 
1.33287e+15 1.64348e+35 1.48043e+20 7.74421e+38 
1.33349e+15 1.64535e+35 1.48167e+20 7.7474e+38 
1.33412e+15 1.64722e+35 1.4829e+20 7.75059e+38 
1.33474e+15 1.64909e+35 1.48413e+20 7.75378e+38 
1.33537e+15 1.65096e+35 1.48536e+20 7.75697e+38 
1.33599e+15 1.65284e+35 1.4866e+20 7.76016e+38 
1.33662e+15 1.65471e+35 1.48783e+20 7.76336e+38 
1.33724e+15 1.65658e+35 1.48906e+20 7.76655e+38 
1.33787e+15 1.65846e+35 1.49029e+20 7.76974e+38 
1.3385e+15 1.66034e+35 1.49153e+20 7.77294e+38 
1.33912e+15 1.66221e+35 1.49276e+20 7.77614e+38 
1.33975e+15 1.66409e+35 1.49399e+20 7.77934e+38 
1.34038e+15 1.66597e+35 1.49522e+20 7.78254e+38 
1.34101e+15 1.66785e+35 1.49645e+20 7.78574e+38 
1.34163e+15 1.66973e+35 1.49769e+20 7.78894e+38 
1.34226e+15 1.67161e+35 1.49892e+20 7.79214e+38 
1.34289e+15 1.6735e+35 1.50015e+20 7.79535e+38 
1.34352e+15 1.67538e+35 1.50138e+20 7.79855e+38 
1.34415e+15 1.67726e+35 1.50261e+20 7.80176e+38 
1.34478e+15 1.67915e+35 1.50384e+20 7.80496e+38 
1.34541e+15 1.68104e+35 1.50508e+20 7.80817e+38 
1.34604e+15 1.68292e+35 1.50631e+20 7.81138e+38 
1.34667e+15 1.68481e+35 1.50754e+20 7.81459e+38 
1.3473e+15 1.6867e+35 1.50877e+20 7.8178e+38 
1.34793e+15 1.68859e+35 1.51e+20 7.82102e+38 
1.34856e+15 1.69048e+35 1.51123e+20 7.82423e+38 
1.34919e+15 1.69237e+35 1.51246e+20 7.82744e+38 
1.34982e+15 1.69426e+35 1.51369e+20 7.83066e+38 
1.35045e+15 1.69616e+35 1.51492e+20 7.83388e+38 
1.35109e+15 1.69805e+35 1.51615e+20 7.83709e+38 
1.35172e+15 1.69995e+35 1.51738e+20 7.84031e+38 
1.35235e+15 1.70184e+35 1.51861e+20 7.84353e+38 
1.35298e+15 1.70374e+35 1.51984e+20 7.84675e+38 
1.35362e+15 1.70564e+35 1.52107e+20 7.84997e+38 
1.35425e+15 1.70754e+35 1.5223e+20 7.8532e+38 
1.35489e+15 1.70943e+35 1.52353e+20 7.85642e+38 
1.35552e+15 1.71134e+35 1.52476e+20 7.85965e+38 
1.35615e+15 1.71324e+35 1.52599e+20 7.86287e+38 
1.35679e+15 1.71514e+35 1.52722e+20 7.8661e+38 
1.35742e+15 1.71704e+35 1.52845e+20 7.86933e+38 
1.35806e+15 1.71895e+35 1.52968e+20 7.87256e+38 
1.3587e+15 1.72085e+35 1.53091e+20 7.87579e+38 
1.35933e+15 1.72276e+35 1.53214e+20 7.87902e+38 
1.35997e+15 1.72466e+35 1.53336e+20 7.88225e+38 
1.36061e+15 1.72657e+35 1.53459e+20 7.88549e+38 
1.36124e+15 1.72848e+35 1.53582e+20 7.88872e+38 
1.36188e+15 1.73039e+35 1.53705e+20 7.89196e+38 
1.36252e+15 1.7323e+35 1.53828e+20 7.89519e+38 
1.36315e+15 1.73421e+35 1.53951e+20 7.89843e+38 
1.36379e+15 1.73612e+35 1.54074e+20 7.90167e+38 
1.36443e+15 1.73803e+35 1.54196e+20 7.90491e+38 
1.36507e+15 1.73995e+35 1.54319e+20 7.90815e+38 
1.36571e+15 1.74186e+35 1.54442e+20 7.9114e+38 
1.36635e+15 1.74378e+35 1.54565e+20 7.91464e+38 
1.36699e+15 1.74569e+35 1.54688e+20 7.91788e+38 
1.36763e+15 1.74761e+35 1.5481e+20 7.92113e+38 
1.36827e+15 1.74953e+35 1.54933e+20 7.92438e+38 
1.36891e+15 1.75145e+35 1.55056e+20 7.92762e+38 
1.36955e+15 1.75337e+35 1.55179e+20 7.93087e+38 
1.37019e+15 1.75529e+35 1.55301e+20 7.93412e+38 
1.37083e+15 1.75721e+35 1.55424e+20 7.93737e+38 
1.37147e+15 1.75913e+35 1.55547e+20 7.94062e+38 
1.37212e+15 1.76106e+35 1.5567e+20 7.94388e+38 
1.37276e+15 1.76298e+35 1.55792e+20 7.94713e+38 
1.3734e+15 1.76491e+35 1.55915e+20 7.95039e+38 
1.37404e+15 1.76683e+35 1.56038e+20 7.95364e+38 
1.37469e+15 1.76876e+35 1.5616e+20 7.9569e+38 
1.37533e+15 1.77069e+35 1.56283e+20 7.96016e+38 
1.37598e+15 1.77262e+35 1.56406e+20 7.96342e+38 
1.37662e+15 1.77455e+35 1.56528e+20 7.96668e+38 
1.37726e+15 1.77648e+35 1.56651e+20 7.96994e+38 
1.37791e+15 1.77841e+35 1.56773e+20 7.9732e+38 
1.37855e+15 1.78034e+35 1.56896e+20 7.97647e+38 
1.3792e+15 1.78228e+35 1.57019e+20 7.97973e+38 
1.37985e+15 1.78421e+35 1.57141e+20 7.983e+38 
1.38049e+15 1.78615e+35 1.57264e+20 7.98627e+38 
1.38114e+15 1.78808e+35 1.57386e+20 7.98953e+38 
1.38178e+15 1.79002e+35 1.57509e+20 7.9928e+38 
1.38243e+15 1.79196e+35 1.57632e+20 7.99607e+38 
1.38308e+15 1.7939e+35 1.57754e+20 7.99935e+38 
1.38373e+15 1.79584e+35 1.57877e+20 8.00262e+38 
1.38437e+15 1.79778e+35 1.57999e+20 8.00589e+38 
1.38502e+15 1.79972e+35 1.58122e+20 8.00917e+38 
1.38567e+15 1.80166e+35 1.58244e+20 8.01244e+38 
1.38632e+15 1.80361e+35 1.58367e+20 8.01572e+38 
1.38697e+15 1.80555e+35 1.58489e+20 8.019e+38 
1.38762e+15 1.80749e+35 1.58612e+20 8.02228e+38 
1.38827e+15 1.80944e+35 1.58734e+20 8.02556e+38 
1.38892e+15 1.81139e+35 1.58857e+20 8.02884e+38 
1.38957e+15 1.81334e+35 1.58979e+20 8.03212e+38 
1.39022e+15 1.81529e+35 1.59101e+20 8.0354e+38 
1.39087e+15 1.81724e+35 1.59224e+20 8.03869e+38 
1.39152e+15 1.81919e+35 1.59346e+20 8.04197e+38 
1.39217e+15 1.82114e+35 1.59469e+20 8.04526e+38 
1.39282e+15 1.82309e+35 1.59591e+20 8.04855e+38 
1.39348e+15 1.82504e+35 1.59714e+20 8.05184e+38 
1.39413e+15 1.827e+35 1.59836e+20 8.05513e+38 
1.39478e+15 1.82895e+35 1.59958e+20 8.05842e+38 
1.39543e+15 1.83091e+35 1.60081e+20 8.06171e+38 
1.39609e+15 1.83287e+35 1.60203e+20 8.065e+38 
1.39674e+15 1.83483e+35 1.60325e+20 8.0683e+38 
1.39739e+15 1.83678e+35 1.60448e+20 8.07159e+38 
1.39805e+15 1.83874e+35 1.6057e+20 8.07489e+38 
1.3987e+15 1.84071e+35 1.60692e+20 8.07819e+38 
1.39936e+15 1.84267e+35 1.60815e+20 8.08149e+38 
1.40001e+15 1.84463e+35 1.60937e+20 8.08479e+38 
1.40067e+15 1.84659e+35 1.61059e+20 8.08809e+38 
1.40132e+15 1.84856e+35 1.61182e+20 8.09139e+38 
1.40198e+15 1.85052e+35 1.61304e+20 8.09469e+38 
1.40264e+15 1.85249e+35 1.61426e+20 8.098e+38 
1.40329e+15 1.85446e+35 1.61548e+20 8.1013e+38 
1.40395e+15 1.85643e+35 1.61671e+20 8.10461e+38 
1.40461e+15 1.85839e+35 1.61793e+20 8.10792e+38 
1.40527e+15 1.86036e+35 1.61915e+20 8.11122e+38 
1.40592e+15 1.86234e+35 1.62037e+20 8.11453e+38 
1.40658e+15 1.86431e+35 1.62159e+20 8.11784e+38 
1.40724e+15 1.86628e+35 1.62282e+20 8.12116e+38 
1.4079e+15 1.86825e+35 1.62404e+20 8.12447e+38 
1.40856e+15 1.87023e+35 1.62526e+20 8.12778e+38 
1.40922e+15 1.8722e+35 1.62648e+20 8.1311e+38 
1.40988e+15 1.87418e+35 1.6277e+20 8.13442e+38 
1.41054e+15 1.87616e+35 1.62893e+20 8.13773e+38 
1.4112e+15 1.87814e+35 1.63015e+20 8.14105e+38 
1.41186e+15 1.88012e+35 1.63137e+20 8.14437e+38 
1.41252e+15 1.8821e+35 1.63259e+20 8.14769e+38 
1.41318e+15 1.88408e+35 1.63381e+20 8.15101e+38 
1.41384e+15 1.88606e+35 1.63503e+20 8.15434e+38 
1.4145e+15 1.88804e+35 1.63625e+20 8.15766e+38 
1.41517e+15 1.89003e+35 1.63747e+20 8.16099e+38 
1.41583e+15 1.89201e+35 1.63869e+20 8.16431e+38 
1.41649e+15 1.894e+35 1.63992e+20 8.16764e+38 
1.41715e+15 1.89598e+35 1.64114e+20 8.17097e+38 
1.41782e+15 1.89797e+35 1.64236e+20 8.1743e+38 
1.41848e+15 1.89996e+35 1.64358e+20 8.17763e+38 
1.41915e+15 1.90195e+35 1.6448e+20 8.18096e+38 
1.41981e+15 1.90394e+35 1.64602e+20 8.18429e+38 
1.42048e+15 1.90593e+35 1.64724e+20 8.18763e+38 
1.42114e+15 1.90792e+35 1.64846e+20 8.19096e+38 
1.42181e+15 1.90992e+35 1.64968e+20 8.1943e+38 
1.42247e+15 1.91191e+35 1.6509e+20 8.19763e+38 
1.42314e+15 1.91391e+35 1.65212e+20 8.20097e+38 
1.4238e+15 1.9159e+35 1.65334e+20 8.20431e+38 
1.42447e+15 1.9179e+35 1.65456e+20 8.20765e+38 
1.42514e+15 1.9199e+35 1.65578e+20 8.211e+38 
1.4258e+15 1.9219e+35 1.657e+20 8.21434e+38 
1.42647e+15 1.9239e+35 1.65821e+20 8.21768e+38 
1.42714e+15 1.9259e+35 1.65943e+20 8.22103e+38 
1.42781e+15 1.9279e+35 1.66065e+20 8.22437e+38 
1.42848e+15 1.9299e+35 1.66187e+20 8.22772e+38 
1.42915e+15 1.93191e+35 1.66309e+20 8.23107e+38 
1.42981e+15 1.93391e+35 1.66431e+20 8.23442e+38 
1.43048e+15 1.93592e+35 1.66553e+20 8.23777e+38 
1.43115e+15 1.93792e+35 1.66675e+20 8.24112e+38 
1.43182e+15 1.93993e+35 1.66797e+20 8.24447e+38 
1.43249e+15 1.94194e+35 1.66918e+20 8.24783e+38 
1.43316e+15 1.94395e+35 1.6704e+20 8.25118e+38 
1.43384e+15 1.94596e+35 1.67162e+20 8.25454e+38 
1.43451e+15 1.94797e+35 1.67284e+20 8.2579e+38 
1.43518e+15 1.94998e+35 1.67406e+20 8.26125e+38 
1.43585e+15 1.95199e+35 1.67528e+20 8.26461e+38 
1.43652e+15 1.95401e+35 1.67649e+20 8.26797e+38 
1.43719e+15 1.95602e+35 1.67771e+20 8.27134e+38 
1.43787e+15 1.95804e+35 1.67893e+20 8.2747e+38 
1.43854e+15 1.96005e+35 1.68015e+20 8.27806e+38 
1.43921e+15 1.96207e+35 1.68136e+20 8.28143e+38 
1.43989e+15 1.96409e+35 1.68258e+20 8.2848e+38 
1.44056e+15 1.96611e+35 1.6838e+20 8.28816e+38 
1.44124e+15 1.96813e+35 1.68502e+20 8.29153e+38 
1.44191e+15 1.97015e+35 1.68623e+20 8.2949e+38 
1.44259e+15 1.97217e+35 1.68745e+20 8.29827e+38 
1.44326e+15 1.9742e+35 1.68867e+20 8.30164e+38 
1.44394e+15 1.97622e+35 1.68989e+20 8.30502e+38 
1.44461e+15 1.97825e+35 1.6911e+20 8.30839e+38 
1.44529e+15 1.98027e+35 1.69232e+20 8.31177e+38 
1.44597e+15 1.9823e+35 1.69354e+20 8.31514e+38 
1.44664e+15 1.98433e+35 1.69475e+20 8.31852e+38 
1.44732e+15 1.98636e+35 1.69597e+20 8.3219e+38 
1.448e+15 1.98839e+35 1.69719e+20 8.32528e+38 
1.44868e+15 1.99042e+35 1.6984e+20 8.32866e+38 
1.44935e+15 1.99245e+35 1.69962e+20 8.33204e+38 
1.45003e+15 1.99448e+35 1.70083e+20 8.33542e+38 
1.45071e+15 1.99652e+35 1.70205e+20 8.33881e+38 
1.45139e+15 1.99855e+35 1.70327e+20 8.34219e+38 
1.45207e+15 2.00059e+35 1.70448e+20 8.34558e+38 
1.45275e+15 2.00262e+35 1.7057e+20 8.34897e+38 
1.45343e+15 2.00466e+35 1.70691e+20 8.35236e+38 
1.45411e+15 2.0067e+35 1.70813e+20 8.35575e+38 
1.45479e+15 2.00874e+35 1.70934e+20 8.35914e+38 
1.45547e+15 2.01078e+35 1.71056e+20 8.36253e+38 
1.45615e+15 2.01282e+35 1.71178e+20 8.36592e+38 
1.45684e+15 2.01486e+35 1.71299e+20 8.36932e+38 
1.45752e+15 2.01691e+35 1.71421e+20 8.37271e+38 
1.4582e+15 2.01895e+35 1.71542e+20 8.37611e+38 
1.45888e+15 2.021e+35 1.71664e+20 8.37951e+38 
1.45957e+15 2.02304e+35 1.71785e+20 8.38291e+38 
1.46025e+15 2.02509e+35 1.71907e+20 8.38631e+38 
1.46093e+15 2.02714e+35 1.72028e+20 8.38971e+38 
1.46162e+15 2.02919e+35 1.7215e+20 8.39311e+38 
1.4623e+15 2.03124e+35 1.72271e+20 8.39651e+38 
1.46299e+15 2.03329e+35 1.72392e+20 8.39992e+38 
1.46367e+15 2.03534e+35 1.72514e+20 8.40332e+38 
1.46436e+15 2.03739e+35 1.72635e+20 8.40673e+38 
1.46504e+15 2.03945e+35 1.72757e+20 8.41014e+38 
1.46573e+15 2.0415e+35 1.72878e+20 8.41355e+38 
1.46641e+15 2.04356e+35 1.73e+20 8.41696e+38 
1.4671e+15 2.04561e+35 1.73121e+20 8.42037e+38 
1.46779e+15 2.04767e+35 1.73242e+20 8.42378e+38 
1.46847e+15 2.04973e+35 1.73364e+20 8.42719e+38 
1.46916e+15 2.05179e+35 1.73485e+20 8.43061e+38 
1.46985e+15 2.05385e+35 1.73606e+20 8.43403e+38 
1.47054e+15 2.05591e+35 1.73728e+20 8.43744e+38 
1.47123e+15 2.05797e+35 1.73849e+20 8.44086e+38 
1.47192e+15 2.06004e+35 1.73971e+20 8.44428e+38 
1.4726e+15 2.0621e+35 1.74092e+20 8.4477e+38 
1.47329e+15 2.06417e+35 1.74213e+20 8.45112e+38 
1.47398e+15 2.06623e+35 1.74334e+20 8.45455e+38 
1.47467e+15 2.0683e+35 1.74456e+20 8.45797e+38 
1.47536e+15 2.07037e+35 1.74577e+20 8.46139e+38 
1.47605e+15 2.07244e+35 1.74698e+20 8.46482e+38 
1.47675e+15 2.07451e+35 1.7482e+20 8.46825e+38 
1.47744e+15 2.07658e+35 1.74941e+20 8.47168e+38 
1.47813e+15 2.07865e+35 1.75062e+20 8.47511e+38 
1.47882e+15 2.08073e+35 1.75183e+20 8.47854e+38 
1.47951e+15 2.0828e+35 1.75305e+20 8.48197e+38 
1.48021e+15 2.08488e+35 1.75426e+20 8.4854e+38 
1.4809e+15 2.08695e+35 1.75547e+20 8.48884e+38 
1.48159e+15 2.08903e+35 1.75668e+20 8.49227e+38 
1.48229e+15 2.09111e+35 1.7579e+20 8.49571e+38 
1.48298e+15 2.09319e+35 1.75911e+20 8.49914e+38 
1.48367e+15 2.09527e+35 1.76032e+20 8.50258e+38 
1.48437e+15 2.09735e+35 1.76153e+20 8.50602e+38 
1.48506e+15 2.09943e+35 1.76274e+20 8.50946e+38 
1.48576e+15 2.10151e+35 1.76395e+20 8.51291e+38 
1.48645e+15 2.1036e+35 1.76517e+20 8.51635e+38 
1.48715e+15 2.10568e+35 1.76638e+20 8.51979e+38 
1.48785e+15 2.10777e+35 1.76759e+20 8.52324e+38 
1.48854e+15 2.10985e+35 1.7688e+20 8.52669e+38 
1.48924e+15 2.11194e+35 1.77001e+20 8.53014e+38 
1.48994e+15 2.11403e+35 1.77122e+20 8.53358e+38 
1.49064e+15 2.11612e+35 1.77243e+20 8.53703e+38 
1.49133e+15 2.11821e+35 1.77364e+20 8.54049e+38 
1.49203e+15 2.1203e+35 1.77485e+20 8.54394e+38 
1.49273e+15 2.1224e+35 1.77607e+20 8.54739e+38 
1.49343e+15 2.12449e+35 1.77728e+20 8.55085e+38 
1.49413e+15 2.12658e+35 1.77849e+20 8.5543e+38 
1.49483e+15 2.12868e+35 1.7797e+20 8.55776e+38 
1.49553e+15 2.13078e+35 1.78091e+20 8.56122e+38 
1.49623e+15 2.13287e+35 1.78212e+20 8.56468e+38 
1.49693e+15 2.13497e+35 1.78333e+20 8.56814e+38 
1.49763e+15 2.13707e+35 1.78454e+20 8.5716e+38 
1.49833e+15 2.13917e+35 1.78575e+20 8.57506e+38 
1.49903e+15 2.14127e+35 1.78696e+20 8.57853e+38 
1.49973e+15 2.14338e+35 1.78817e+20 8.58199e+38 
1.50044e+15 2.14548e+35 1.78938e+20 8.58546e+38 
1.50114e+15 2.14758e+35 1.79059e+20 8.58893e+38 
1.50184e+15 2.14969e+35 1.7918e+20 8.5924e+38 
1.50254e+15 2.1518e+35 1.79301e+20 8.59586e+38 
1.50325e+15 2.1539e+35 1.79422e+20 8.59934e+38 
1.50395e+15 2.15601e+35 1.79543e+20 8.60281e+38 
1.50465e+15 2.15812e+35 1.79664e+20 8.60628e+38 
1.50536e+15 2.16023e+35 1.79784e+20 8.60976e+38 
1.50606e+15 2.16234e+35 1.79905e+20 8.61323e+38 
1.50677e+15 2.16446e+35 1.80026e+20 8.61671e+38 
1.50747e+15 2.16657e+35 1.80147e+20 8.62019e+38 
1.50818e+15 2.16868e+35 1.80268e+20 8.62367e+38 
1.50889e+15 2.1708e+35 1.80389e+20 8.62715e+38 
1.50959e+15 2.17291e+35 1.8051e+20 8.63063e+38 
1.5103e+15 2.17503e+35 1.80631e+20 8.63411e+38 
1.51101e+15 2.17715e+35 1.80752e+20 8.63759e+38 
1.51171e+15 2.17927e+35 1.80872e+20 8.64108e+38 
1.51242e+15 2.18139e+35 1.80993e+20 8.64456e+38 
1.51313e+15 2.18351e+35 1.81114e+20 8.64805e+38 
1.51384e+15 2.18563e+35 1.81235e+20 8.65154e+38 
1.51455e+15 2.18776e+35 1.81356e+20 8.65503e+38 
1.51526e+15 2.18988e+35 1.81476e+20 8.65852e+38 
1.51597e+15 2.19201e+35 1.81597e+20 8.66201e+38 
1.51668e+15 2.19413e+35 1.81718e+20 8.66551e+38 
1.51739e+15 2.19626e+35 1.81839e+20 8.669e+38 
1.5181e+15 2.19839e+35 1.8196e+20 8.6725e+38 
1.51881e+15 2.20052e+35 1.8208e+20 8.67599e+38 
1.51952e+15 2.20265e+35 1.82201e+20 8.67949e+38 
1.52023e+15 2.20478e+35 1.82322e+20 8.68299e+38 
1.52094e+15 2.20691e+35 1.82443e+20 8.68649e+38 
1.52165e+15 2.20904e+35 1.82563e+20 8.68999e+38 
1.52237e+15 2.21118e+35 1.82684e+20 8.69349e+38 
1.52308e+15 2.21331e+35 1.82805e+20 8.697e+38 
1.52379e+15 2.21545e+35 1.82925e+20 8.7005e+38 
1.5245e+15 2.21759e+35 1.83046e+20 8.70401e+38 
1.52522e+15 2.21973e+35 1.83167e+20 8.70751e+38 
1.52593e+15 2.22187e+35 1.83288e+20 8.71102e+38 
1.52665e+15 2.22401e+35 1.83408e+20 8.71453e+38 
1.52736e+15 2.22615e+35 1.83529e+20 8.71804e+38 
1.52808e+15 2.22829e+35 1.8365e+20 8.72155e+38 
1.52879e+15 2.23043e+35 1.8377e+20 8.72507e+38 
1.52951e+15 2.23258e+35 1.83891e+20 8.72858e+38 
1.53022e+15 2.23472e+35 1.84011e+20 8.7321e+38 
1.53094e+15 2.23687e+35 1.84132e+20 8.73561e+38 
1.53166e+15 2.23902e+35 1.84253e+20 8.73913e+38 
1.53237e+15 2.24116e+35 1.84373e+20 8.74265e+38 
1.53309e+15 2.24331e+35 1.84494e+20 8.74617e+38 
1.53381e+15 2.24546e+35 1.84614e+20 8.74969e+38 
1.53453e+15 2.24761e+35 1.84735e+20 8.75321e+38 
1.53525e+15 2.24977e+35 1.84856e+20 8.75674e+38 
1.53596e+15 2.25192e+35 1.84976e+20 8.76026e+38 
1.53668e+15 2.25407e+35 1.85097e+20 8.76379e+38 
1.5374e+15 2.25623e+35 1.85217e+20 8.76731e+38 
1.53812e+15 2.25839e+35 1.85338e+20 8.77084e+38 
1.53884e+15 2.26054e+35 1.85458e+20 8.77437e+38 
1.53956e+15 2.2627e+35 1.85579e+20 8.7779e+38 
1.54028e+15 2.26486e+35 1.85699e+20 8.78143e+38 
1.54101e+15 2.26702e+35 1.8582e+20 8.78497e+38 
1.54173e+15 2.26918e+35 1.8594e+20 8.7885e+38 
1.54245e+15 2.27134e+35 1.86061e+20 8.79204e+38 
1.54317e+15 2.27351e+35 1.86181e+20 8.79557e+38 
1.54389e+15 2.27567e+35 1.86302e+20 8.79911e+38 
1.54462e+15 2.27784e+35 1.86422e+20 8.80265e+38 
1.54534e+15 2.28e+35 1.86543e+20 8.80619e+38 
1.54606e+15 2.28217e+35 1.86663e+20 8.80973e+38 
1.54679e+15 2.28434e+35 1.86784e+20 8.81327e+38 
1.54751e+15 2.28651e+35 1.86904e+20 8.81682e+38 
1.54823e+15 2.28868e+35 1.87024e+20 8.82036e+38 
1.54896e+15 2.29085e+35 1.87145e+20 8.82391e+38 
1.54968e+15 2.29302e+35 1.87265e+20 8.82745e+38 
1.55041e+15 2.2952e+35 1.87386e+20 8.831e+38 
1.55114e+15 2.29737e+35 1.87506e+20 8.83455e+38 
1.55186e+15 2.29955e+35 1.87626e+20 8.8381e+38 
1.55259e+15 2.30173e+35 1.87747e+20 8.84165e+38 
1.55332e+15 2.3039e+35 1.87867e+20 8.84521e+38 
1.55404e+15 2.30608e+35 1.87988e+20 8.84876e+38 
1.55477e+15 2.30826e+35 1.88108e+20 8.85232e+38 
1.5555e+15 2.31044e+35 1.88228e+20 8.85587e+38 
1.55623e+15 2.31262e+35 1.88349e+20 8.85943e+38 
1.55696e+15 2.31481e+35 1.88469e+20 8.86299e+38 
1.55768e+15 2.31699e+35 1.88589e+20 8.86655e+38 
1.55841e+15 2.31917e+35 1.8871e+20 8.87011e+38 
1.55914e+15 2.32136e+35 1.8883e+20 8.87368e+38 
1.55987e+15 2.32355e+35 1.8895e+20 8.87724e+38 
1.5606e+15 2.32574e+35 1.8907e+20 8.8808e+38 
1.56133e+15 2.32792e+35 1.89191e+20 8.88437e+38 
1.56207e+15 2.33011e+35 1.89311e+20 8.88794e+38 
1.5628e+15 2.3323e+35 1.89431e+20 8.89151e+38 
1.56353e+15 2.3345e+35 1.89552e+20 8.89508e+38 
1.56426e+15 2.33669e+35 1.89672e+20 8.89865e+38 
1.56499e+15 2.33888e+35 1.89792e+20 8.90222e+38 
1.56573e+15 2.34108e+35 1.89912e+20 8.90579e+38 
1.56646e+15 2.34327e+35 1.90032e+20 8.90937e+38 
1.56719e+15 2.34547e+35 1.90153e+20 8.91294e+38 
1.56793e+15 2.34767e+35 1.90273e+20 8.91652e+38 
1.56866e+15 2.34987e+35 1.90393e+20 8.9201e+38 
1.56939e+15 2.35207e+35 1.90513e+20 8.92368e+38 
1.57013e+15 2.35427e+35 1.90633e+20 8.92726e+38 
1.57086e+15 2.35647e+35 1.90754e+20 8.93084e+38 
1.5716e+15 2.35868e+35 1.90874e+20 8.93442e+38 
1.57233e+15 2.36088e+35 1.90994e+20 8.93801e+38 
1.57307e+15 2.36309e+35 1.91114e+20 8.94159e+38 
1.57381e+15 2.36529e+35 1.91234e+20 8.94518e+38 
1.57454e+15 2.3675e+35 1.91354e+20 8.94877e+38 
1.57528e+15 2.36971e+35 1.91474e+20 8.95235e+38 
1.57602e+15 2.37192e+35 1.91595e+20 8.95594e+38 
1.57676e+15 2.37413e+35 1.91715e+20 8.95954e+38 
1.5775e+15 2.37634e+35 1.91835e+20 8.96313e+38 
1.57823e+15 2.37855e+35 1.91955e+20 8.96672e+38 
1.57897e+15 2.38077e+35 1.92075e+20 8.97032e+38 
1.57971e+15 2.38298e+35 1.92195e+20 8.97391e+38 
1.58045e+15 2.3852e+35 1.92315e+20 8.97751e+38 
1.58119e+15 2.38741e+35 1.92435e+20 8.98111e+38 
1.58193e+15 2.38963e+35 1.92555e+20 8.98471e+38 
1.58267e+15 2.39185e+35 1.92675e+20 8.98831e+38 
1.58341e+15 2.39407e+35 1.92795e+20 8.99191e+38 
1.58415e+15 2.39629e+35 1.92915e+20 8.99551e+38 
1.5849e+15 2.39851e+35 1.93035e+20 8.99912e+38 
1.58564e+15 2.40073e+35 1.93155e+20 9.00273e+38 
1.58638e+15 2.40296e+35 1.93275e+20 9.00633e+38 
1.58712e+15 2.40518e+35 1.93395e+20 9.00994e+38 
1.58787e+15 2.40741e+35 1.93515e+20 9.01355e+38 
1.58861e+15 2.40964e+35 1.93635e+20 9.01716e+38 
1.58935e+15 2.41187e+35 1.93755e+20 9.02077e+38 
1.5901e+15 2.41409e+35 1.93875e+20 9.02438e+38 
1.59084e+15 2.41632e+35 1.93995e+20 9.028e+38 
1.59159e+15 2.41856e+35 1.94115e+20 9.03161e+38 
1.59233e+15 2.42079e+35 1.94235e+20 9.03523e+38 
1.59308e+15 2.42302e+35 1.94355e+20 9.03885e+38 
1.59382e+15 2.42526e+35 1.94475e+20 9.04247e+38 
1.59457e+15 2.42749e+35 1.94595e+20 9.04609e+38 
1.59532e+15 2.42973e+35 1.94715e+20 9.04971e+38 
1.59606e+15 2.43197e+35 1.94835e+20 9.05333e+38 
1.59681e+15 2.4342e+35 1.94955e+20 9.05696e+38 
1.59756e+15 2.43644e+35 1.95074e+20 9.06058e+38 
1.59831e+15 2.43868e+35 1.95194e+20 9.06421e+38 
1.59905e+15 2.44093e+35 1.95314e+20 9.06784e+38 
1.5998e+15 2.44317e+35 1.95434e+20 9.07146e+38 
1.60055e+15 2.44541e+35 1.95554e+20 9.07509e+38 
1.6013e+15 2.44766e+35 1.95674e+20 9.07872e+38 
1.60205e+15 2.4499e+35 1.95794e+20 9.08236e+38 
1.6028e+15 2.45215e+35 1.95913e+20 9.08599e+38 
1.60355e+15 2.4544e+35 1.96033e+20 9.08963e+38 
1.6043e+15 2.45665e+35 1.96153e+20 9.09326e+38 
1.60505e+15 2.4589e+35 1.96273e+20 9.0969e+38 
1.6058e+15 2.46115e+35 1.96393e+20 9.10054e+38 
1.60656e+15 2.4634e+35 1.96513e+20 9.10418e+38 
1.60731e+15 2.46565e+35 1.96632e+20 9.10782e+38 
1.60806e+15 2.46791e+35 1.96752e+20 9.11146e+38 
1.60881e+15 2.47016e+35 1.96872e+20 9.1151e+38 
1.60957e+15 2.47242e+35 1.96992e+20 9.11875e+38 
1.61032e+15 2.47468e+35 1.97111e+20 9.12239e+38 
1.61107e+15 2.47694e+35 1.97231e+20 9.12604e+38 
1.61183e+15 2.4792e+35 1.97351e+20 9.12969e+38 
1.61258e+15 2.48146e+35 1.97471e+20 9.13334e+38 
1.61334e+15 2.48372e+35 1.9759e+20 9.13699e+38 
1.61409e+15 2.48598e+35 1.9771e+20 9.14064e+38 
1.61485e+15 2.48825e+35 1.9783e+20 9.14429e+38 
1.6156e+15 2.49051e+35 1.97949e+20 9.14795e+38 
1.61636e+15 2.49278e+35 1.98069e+20 9.1516e+38 
1.61712e+15 2.49504e+35 1.98189e+20 9.15526e+38 
1.61788e+15 2.49731e+35 1.98308e+20 9.15892e+38 
1.61863e+15 2.49958e+35 1.98428e+20 9.16258e+38 
1.61939e+15 2.50185e+35 1.98548e+20 9.16624e+38 
1.62015e+15 2.50412e+35 1.98667e+20 9.1699e+38 
1.62091e+15 2.5064e+35 1.98787e+20 9.17356e+38 
1.62167e+15 2.50867e+35 1.98907e+20 9.17723e+38 
1.62243e+15 2.51094e+35 1.99026e+20 9.18089e+38 
1.62318e+15 2.51322e+35 1.99146e+20 9.18456e+38 
1.62394e+15 2.5155e+35 1.99266e+20 9.18823e+38 
1.6247e+15 2.51777e+35 1.99385e+20 9.1919e+38 
1.62547e+15 2.52005e+35 1.99505e+20 9.19557e+38 
1.62623e+15 2.52233e+35 1.99624e+20 9.19924e+38 
1.62699e+15 2.52461e+35 1.99744e+20 9.20291e+38 
1.62775e+15 2.52689e+35 1.99864e+20 9.20658e+38 
1.62851e+15 2.52918e+35 1.99983e+20 9.21026e+38 
1.62927e+15 2.53146e+35 2.00103e+20 9.21394e+38 
1.63004e+15 2.53375e+35 2.00222e+20 9.21761e+38 
1.6308e+15 2.53603e+35 2.00342e+20 9.22129e+38 
1.63156e+15 2.53832e+35 2.00461e+20 9.22497e+38 
1.63233e+15 2.54061e+35 2.00581e+20 9.22865e+38 
1.63309e+15 2.5429e+35 2.007e+20 9.23234e+38 
1.63386e+15 2.54519e+35 2.0082e+20 9.23602e+38 
1.63462e+15 2.54748e+35 2.00939e+20 9.23971e+38 
1.63539e+15 2.54977e+35 2.01059e+20 9.24339e+38 
1.63615e+15 2.55207e+35 2.01178e+20 9.24708e+38 
1.63692e+15 2.55436e+35 2.01298e+20 9.25077e+38 
1.63768e+15 2.55666e+35 2.01417e+20 9.25446e+38 
1.63845e+15 2.55896e+35 2.01537e+20 9.25815e+38 
1.63922e+15 2.56125e+35 2.01656e+20 9.26184e+38 
1.63999e+15 2.56355e+35 2.01776e+20 9.26554e+38 
1.64075e+15 2.56585e+35 2.01895e+20 9.26923e+38 
1.64152e+15 2.56815e+35 2.02015e+20 9.27293e+38 
1.64229e+15 2.57046e+35 2.02134e+20 9.27662e+38 
1.64306e+15 2.57276e+35 2.02253e+20 9.28032e+38 
1.64383e+15 2.57506e+35 2.02373e+20 9.28402e+38 
1.6446e+15 2.57737e+35 2.02492e+20 9.28772e+38 
1.64537e+15 2.57968e+35 2.02612e+20 9.29143e+38 
1.64614e+15 2.58198e+35 2.02731e+20 9.29513e+38 
1.64691e+15 2.58429e+35 2.0285e+20 9.29883e+38 
1.64768e+15 2.5866e+35 2.0297e+20 9.30254e+38 
1.64845e+15 2.58891e+35 2.03089e+20 9.30625e+38 
1.64922e+15 2.59123e+35 2.03209e+20 9.30996e+38 
1.65e+15 2.59354e+35 2.03328e+20 9.31367e+38 
1.65077e+15 2.59585e+35 2.03447e+20 9.31738e+38 
1.65154e+15 2.59817e+35 2.03567e+20 9.32109e+38 
1.65231e+15 2.60049e+35 2.03686e+20 9.3248e+38 
1.65309e+15 2.6028e+35 2.03805e+20 9.32852e+38 
1.65386e+15 2.60512e+35 2.03925e+20 9.33223e+38 
1.65464e+15 2.60744e+35 2.04044e+20 9.33595e+38 
1.65541e+15 2.60976e+35 2.04163e+20 9.33967e+38 
1.65619e+15 2.61208e+35 2.04282e+20 9.34339e+38 
1.65696e+15 2.61441e+35 2.04402e+20 9.34711e+38 
1.65774e+15 2.61673e+35 2.04521e+20 9.35083e+38 
1.65851e+15 2.61906e+35 2.0464e+20 9.35456e+38 
1.65929e+15 2.62138e+35 2.0476e+20 9.35828e+38 
1.66007e+15 2.62371e+35 2.04879e+20 9.36201e+38 
1.66084e+15 2.62604e+35 2.04998e+20 9.36574e+38 
1.66162e+15 2.62837e+35 2.05117e+20 9.36946e+38 
1.6624e+15 2.6307e+35 2.05237e+20 9.37319e+38 
1.66318e+15 2.63303e+35 2.05356e+20 9.37693e+38 
1.66396e+15 2.63536e+35 2.05475e+20 9.38066e+38 
1.66473e+15 2.6377e+35 2.05594e+20 9.38439e+38 
1.66551e+15 2.64003e+35 2.05713e+20 9.38813e+38 
1.66629e+15 2.64237e+35 2.05833e+20 9.39186e+38 
1.66707e+15 2.6447e+35 2.05952e+20 9.3956e+38 
1.66785e+15 2.64704e+35 2.06071e+20 9.39934e+38 
1.66864e+15 2.64938e+35 2.0619e+20 9.40308e+38 
1.66942e+15 2.65172e+35 2.06309e+20 9.40682e+38 
1.6702e+15 2.65406e+35 2.06429e+20 9.41056e+38 
1.67098e+15 2.65641e+35 2.06548e+20 9.4143e+38 
1.67176e+15 2.65875e+35 2.06667e+20 9.41805e+38 
1.67254e+15 2.66109e+35 2.06786e+20 9.4218e+38 
1.67333e+15 2.66344e+35 2.06905e+20 9.42554e+38 
1.67411e+15 2.66579e+35 2.07024e+20 9.42929e+38 
1.6749e+15 2.66814e+35 2.07143e+20 9.43304e+38 
1.67568e+15 2.67048e+35 2.07262e+20 9.43679e+38 
1.67646e+15 2.67283e+35 2.07382e+20 9.44054e+38 
1.67725e+15 2.67519e+35 2.07501e+20 9.4443e+38 
1.67803e+15 2.67754e+35 2.0762e+20 9.44805e+38 
1.67882e+15 2.67989e+35 2.07739e+20 9.45181e+38 
1.67961e+15 2.68225e+35 2.07858e+20 9.45557e+38 
1.68039e+15 2.6846e+35 2.07977e+20 9.45933e+38 
1.68118e+15 2.68696e+35 2.08096e+20 9.46309e+38 
1.68197e+15 2.68932e+35 2.08215e+20 9.46685e+38 
1.68275e+15 2.69168e+35 2.08334e+20 9.47061e+38 
1.68354e+15 2.69404e+35 2.08453e+20 9.47437e+38 
1.68433e+15 2.6964e+35 2.08572e+20 9.47814e+38 
1.68512e+15 2.69876e+35 2.08691e+20 9.4819e+38 
1.68591e+15 2.70112e+35 2.0881e+20 9.48567e+38 
1.6867e+15 2.70349e+35 2.08929e+20 9.48944e+38 
1.68749e+15 2.70585e+35 2.09048e+20 9.49321e+38 
1.68828e+15 2.70822e+35 2.09167e+20 9.49698e+38 
1.68907e+15 2.71059e+35 2.09286e+20 9.50075e+38 
1.68986e+15 2.71296e+35 2.09405e+20 9.50453e+38 
1.69065e+15 2.71533e+35 2.09524e+20 9.5083e+38 
1.69144e+15 2.7177e+35 2.09643e+20 9.51208e+38 
1.69223e+15 2.72007e+35 2.09762e+20 9.51586e+38 
1.69302e+15 2.72245e+35 2.09881e+20 9.51964e+38 
1.69382e+15 2.72482e+35 2.1e+20 9.52342e+38 
1.69461e+15 2.7272e+35 2.10119e+20 9.5272e+38 
1.6954e+15 2.72957e+35 2.10238e+20 9.53098e+38 
1.6962e+15 2.73195e+35 2.10357e+20 9.53477e+38 
1.69699e+15 2.73433e+35 2.10476e+20 9.53855e+38 
1.69778e+15 2.73671e+35 2.10595e+20 9.54234e+38 
1.69858e+15 2.73909e+35 2.10713e+20 9.54613e+38 
1.69937e+15 2.74147e+35 2.10832e+20 9.54991e+38 
1.70017e+15 2.74386e+35 2.10951e+20 9.5537e+38 
1.70097e+15 2.74624e+35 2.1107e+20 9.5575e+38 
1.70176e+15 2.74863e+35 2.11189e+20 9.56129e+38 
1.70256e+15 2.75101e+35 2.11308e+20 9.56508e+38 
1.70336e+15 2.7534e+35 2.11427e+20 9.56888e+38 
1.70415e+15 2.75579e+35 2.11546e+20 9.57268e+38 
1.70495e+15 2.75818e+35 2.11664e+20 9.57647e+38 
1.70575e+15 2.76057e+35 2.11783e+20 9.58027e+38 
1.70655e+15 2.76297e+35 2.11902e+20 9.58407e+38 
1.70735e+15 2.76536e+35 2.12021e+20 9.58788e+38 
1.70815e+15 2.76775e+35 2.1214e+20 9.59168e+38 
1.70895e+15 2.77015e+35 2.12258e+20 9.59548e+38 
1.70975e+15 2.77255e+35 2.12377e+20 9.59929e+38 
1.71055e+15 2.77494e+35 2.12496e+20 9.6031e+38 
1.71135e+15 2.77734e+35 2.12615e+20 9.6069e+38 
1.71215e+15 2.77974e+35 2.12734e+20 9.61071e+38 
1.71295e+15 2.78215e+35 2.12852e+20 9.61452e+38 
1.71375e+15 2.78455e+35 2.12971e+20 9.61834e+38 
1.71456e+15 2.78695e+35 2.1309e+20 9.62215e+38 
1.71536e+15 2.78936e+35 2.13209e+20 9.62596e+38 
1.71616e+15 2.79176e+35 2.13327e+20 9.62978e+38 
1.71696e+15 2.79417e+35 2.13446e+20 9.6336e+38 
1.71777e+15 2.79658e+35 2.13565e+20 9.63742e+38 
1.71857e+15 2.79899e+35 2.13683e+20 9.64124e+38 
1.71938e+15 2.8014e+35 2.13802e+20 9.64506e+38 
1.72018e+15 2.80381e+35 2.13921e+20 9.64888e+38 
1.72099e+15 2.80622e+35 2.1404e+20 9.6527e+38 
1.72179e+15 2.80864e+35 2.14158e+20 9.65653e+38 
1.7226e+15 2.81105e+35 2.14277e+20 9.66035e+38 
1.72341e+15 2.81347e+35 2.14396e+20 9.66418e+38 
1.72421e+15 2.81588e+35 2.14514e+20 9.66801e+38 
1.72502e+15 2.8183e+35 2.14633e+20 9.67184e+38 
1.72583e+15 2.82072e+35 2.14752e+20 9.67567e+38 
1.72664e+15 2.82314e+35 2.1487e+20 9.6795e+38 
1.72744e+15 2.82556e+35 2.14989e+20 9.68334e+38 
1.72825e+15 2.82799e+35 2.15108e+20 9.68717e+38 
1.72906e+15 2.83041e+35 2.15226e+20 9.69101e+38 
1.72987e+15 2.83284e+35 2.15345e+20 9.69485e+38 
1.73068e+15 2.83526e+35 2.15463e+20 9.69869e+38 
1.73149e+15 2.83769e+35 2.15582e+20 9.70253e+38 
1.7323e+15 2.84012e+35 2.15701e+20 9.70637e+38 
1.73311e+15 2.84255e+35 2.15819e+20 9.71021e+38 
1.73392e+15 2.84498e+35 2.15938e+20 9.71406e+38 
1.73474e+15 2.84741e+35 2.16056e+20 9.7179e+38 
1.73555e+15 2.84984e+35 2.16175e+20 9.72175e+38 
1.73636e+15 2.85228e+35 2.16293e+20 9.7256e+38 
1.73717e+15 2.85471e+35 2.16412e+20 9.72945e+38 
1.73799e+15 2.85715e+35 2.16531e+20 9.7333e+38 
1.7388e+15 2.85959e+35 2.16649e+20 9.73715e+38 
1.73961e+15 2.86203e+35 2.16768e+20 9.741e+38 
1.74043e+15 2.86447e+35 2.16886e+20 9.74486e+38 
1.74124e+15 2.86691e+35 2.17005e+20 9.74871e+38 
1.74206e+15 2.86935e+35 2.17123e+20 9.75257e+38 
1.74287e+15 2.87179e+35 2.17242e+20 9.75643e+38 
1.74369e+15 2.87424e+35 2.1736e+20 9.76029e+38 
1.74451e+15 2.87668e+35 2.17479e+20 9.76415e+38 
1.74532e+15 2.87913e+35 2.17597e+20 9.76801e+38 
1.74614e+15 2.88158e+35 2.17716e+20 9.77187e+38 
1.74696e+15 2.88403e+35 2.17834e+20 9.77574e+38 
1.74778e+15 2.88648e+35 2.17953e+20 9.77961e+38 
1.74859e+15 2.88893e+35 2.18071e+20 9.78347e+38 
1.74941e+15 2.89138e+35 2.18189e+20 9.78734e+38 
1.75023e+15 2.89383e+35 2.18308e+20 9.79121e+38 
1.75105e+15 2.89629e+35 2.18426e+20 9.79508e+38 
1.75187e+15 2.89875e+35 2.18545e+20 9.79896e+38 
1.75269e+15 2.9012e+35 2.18663e+20 9.80283e+38 
1.75351e+15 2.90366e+35 2.18782e+20 9.80671e+38 
1.75433e+15 2.90612e+35 2.189e+20 9.81058e+38 
1.75515e+15 2.90858e+35 2.19018e+20 9.81446e+38 
1.75598e+15 2.91104e+35 2.19137e+20 9.81834e+38 
1.7568e+15 2.91351e+35 2.19255e+20 9.82222e+38 
1.75762e+15 2.91597e+35 2.19374e+20 9.8261e+38 
1.75844e+15 2.91844e+35 2.19492e+20 9.82999e+38 
1.75927e+15 2.9209e+35 2.1961e+20 9.83387e+38 
1.76009e+15 2.92337e+35 2.19729e+20 9.83776e+38 
1.76091e+15 2.92584e+35 2.19847e+20 9.84164e+38 
1.76174e+15 2.92831e+35 2.19965e+20 9.84553e+38 
1.76256e+15 2.93078e+35 2.20084e+20 9.84942e+38 
1.76339e+15 2.93325e+35 2.20202e+20 9.85331e+38 
1.76421e+15 2.93572e+35 2.2032e+20 9.8572e+38 
1.76504e+15 2.9382e+35 2.20439e+20 9.8611e+38 
1.76587e+15 2.94067e+35 2.20557e+20 9.86499e+38 
1.76669e+15 2.94315e+35 2.20675e+20 9.86889e+38 
1.76752e+15 2.94563e+35 2.20794e+20 9.87279e+38 
1.76835e+15 2.94811e+35 2.20912e+20 9.87669e+38 
1.76918e+15 2.95059e+35 2.2103e+20 9.88059e+38 
1.77e+15 2.95307e+35 2.21148e+20 9.88449e+38 
1.77083e+15 2.95555e+35 2.21267e+20 9.88839e+38 
1.77166e+15 2.95804e+35 2.21385e+20 9.8923e+38 
1.77249e+15 2.96052e+35 2.21503e+20 9.8962e+38 
1.77332e+15 2.96301e+35 2.21621e+20 9.90011e+38 
1.77415e+15 2.96549e+35 2.2174e+20 9.90402e+38 
1.77498e+15 2.96798e+35 2.21858e+20 9.90793e+38 
1.77581e+15 2.97047e+35 2.21976e+20 9.91184e+38 
1.77664e+15 2.97296e+35 2.22094e+20 9.91575e+38 
1.77748e+15 2.97545e+35 2.22213e+20 9.91966e+38 
1.77831e+15 2.97795e+35 2.22331e+20 9.92358e+38 
1.77914e+15 2.98044e+35 2.22449e+20 9.92749e+38 
1.77997e+15 2.98294e+35 2.22567e+20 9.93141e+38 
1.78081e+15 2.98543e+35 2.22685e+20 9.93533e+38 
1.78164e+15 2.98793e+35 2.22803e+20 9.93925e+38 
1.78248e+15 2.99043e+35 2.22922e+20 9.94317e+38 
1.78331e+15 2.99293e+35 2.2304e+20 9.94709e+38 
1.78414e+15 2.99543e+35 2.23158e+20 9.95102e+38 
1.78498e+15 2.99793e+35 2.23276e+20 9.95494e+38 
1.78582e+15 3.00044e+35 2.23394e+20 9.95887e+38 
1.78665e+15 3.00294e+35 2.23512e+20 9.9628e+38 
1.78749e+15 3.00545e+35 2.23631e+20 9.96672e+38 
1.78833e+15 3.00796e+35 2.23749e+20 9.97066e+38 
1.78916e+15 3.01046e+35 2.23867e+20 9.97459e+38 
1.79e+15 3.01297e+35 2.23985e+20 9.97852e+38 
1.79084e+15 3.01548e+35 2.24103e+20 9.98245e+38 
1.79168e+15 3.018e+35 2.24221e+20 9.98639e+38 
1.79252e+15 3.02051e+35 2.24339e+20 9.99033e+38 
1.79335e+15 3.02302e+35 2.24457e+20 9.99427e+38 
1.79419e+15 3.02554e+35 2.24575e+20 9.99821e+38 
1.79503e+15 3.02805e+35 2.24693e+20 1.00021e+39 
1.79587e+15 3.03057e+35 2.24811e+20 1.00061e+39 
1.79672e+15 3.03309e+35 2.2493e+20 1.001e+39 
1.79756e+15 3.03561e+35 2.25048e+20 1.0014e+39 
1.7984e+15 3.03813e+35 2.25166e+20 1.00179e+39 
1.79924e+15 3.04065e+35 2.25284e+20 1.00219e+39 
1.80008e+15 3.04318e+35 2.25402e+20 1.00258e+39 
1.80093e+15 3.0457e+35 2.2552e+20 1.00298e+39 
1.80177e+15 3.04823e+35 2.25638e+20 1.00337e+39 
1.80261e+15 3.05076e+35 2.25756e+20 1.00377e+39 
1.80346e+15 3.05328e+35 2.25874e+20 1.00416e+39 
1.8043e+15 3.05581e+35 2.25992e+20 1.00456e+39 
1.80514e+15 3.05834e+35 2.2611e+20 1.00495e+39 
1.80599e+15 3.06088e+35 2.26228e+20 1.00535e+39 
1.80684e+15 3.06341e+35 2.26346e+20 1.00575e+39 
1.80768e+15 3.06594e+35 2.26464e+20 1.00614e+39 
1.80853e+15 3.06848e+35 2.26582e+20 1.00654e+39 
1.80937e+15 3.07102e+35 2.267e+20 1.00694e+39 
1.81022e+15 3.07355e+35 2.26817e+20 1.00733e+39 
1.81107e+15 3.07609e+35 2.26935e+20 1.00773e+39 
1.81192e+15 3.07863e+35 2.27053e+20 1.00812e+39 
1.81277e+15 3.08117e+35 2.27171e+20 1.00852e+39 
1.81361e+15 3.08372e+35 2.27289e+20 1.00892e+39 
1.81446e+15 3.08626e+35 2.27407e+20 1.00932e+39 
1.81531e+15 3.08881e+35 2.27525e+20 1.00971e+39 
1.81616e+15 3.09135e+35 2.27643e+20 1.01011e+39 
1.81701e+15 3.0939e+35 2.27761e+20 1.01051e+39 
1.81786e+15 3.09645e+35 2.27879e+20 1.01091e+39 
1.81871e+15 3.099e+35 2.27997e+20 1.0113e+39 
1.81957e+15 3.10155e+35 2.28114e+20 1.0117e+39 
1.82042e+15 3.1041e+35 2.28232e+20 1.0121e+39 
1.82127e+15 3.10665e+35 2.2835e+20 1.0125e+39 
1.82212e+15 3.10921e+35 2.28468e+20 1.0129e+39 
1.82298e+15 3.11176e+35 2.28586e+20 1.0133e+39 
1.82383e+15 3.11432e+35 2.28704e+20 1.01369e+39 
1.82468e+15 3.11688e+35 2.28822e+20 1.01409e+39 
1.82554e+15 3.11944e+35 2.28939e+20 1.01449e+39 
1.82639e+15 3.122e+35 2.29057e+20 1.01489e+39 
1.82725e+15 3.12456e+35 2.29175e+20 1.01529e+39 
1.8281e+15 3.12712e+35 2.29293e+20 1.01569e+39 
1.82896e+15 3.12969e+35 2.29411e+20 1.01609e+39 
1.82981e+15 3.13225e+35 2.29528e+20 1.01649e+39 
1.83067e+15 3.13482e+35 2.29646e+20 1.01689e+39 
1.83153e+15 3.13739e+35 2.29764e+20 1.01729e+39 
1.83239e+15 3.13996e+35 2.29882e+20 1.01769e+39 
1.83324e+15 3.14253e+35 2.3e+20 1.01809e+39 
1.8341e+15 3.1451e+35 2.30117e+20 1.01849e+39 
1.83496e+15 3.14767e+35 2.30235e+20 1.01889e+39 
1.83582e+15 3.15024e+35 2.30353e+20 1.01929e+39 
1.83668e+15 3.15282e+35 2.30471e+20 1.01969e+39 
1.83754e+15 3.15539e+35 2.30588e+20 1.02009e+39 
1.8384e+15 3.15797e+35 2.30706e+20 1.02049e+39 
1.83926e+15 3.16055e+35 2.30824e+20 1.02089e+39 
1.84012e+15 3.16313e+35 2.30941e+20 1.02129e+39 
1.84098e+15 3.16571e+35 2.31059e+20 1.0217e+39 
1.84184e+15 3.16829e+35 2.31177e+20 1.0221e+39 
1.84271e+15 3.17088e+35 2.31295e+20 1.0225e+39 
1.84357e+15 3.17346e+35 2.31412e+20 1.0229e+39 
1.84443e+15 3.17605e+35 2.3153e+20 1.0233e+39 
1.8453e+15 3.17863e+35 2.31648e+20 1.0237e+39 
1.84616e+15 3.18122e+35 2.31765e+20 1.02411e+39 
1.84702e+15 3.18381e+35 2.31883e+20 1.02451e+39 
1.84789e+15 3.1864e+35 2.32001e+20 1.02491e+39 
1.84875e+15 3.18899e+35 2.32118e+20 1.02531e+39 
1.84962e+15 3.19159e+35 2.32236e+20 1.02572e+39 
1.85049e+15 3.19418e+35 2.32354e+20 1.02612e+39 
1.85135e+15 3.19678e+35 2.32471e+20 1.02652e+39 
1.85222e+15 3.19937e+35 2.32589e+20 1.02693e+39 
1.85309e+15 3.20197e+35 2.32706e+20 1.02733e+39 
1.85395e+15 3.20457e+35 2.32824e+20 1.02773e+39 
1.85482e+15 3.20717e+35 2.32942e+20 1.02814e+39 
1.85569e+15 3.20977e+35 2.33059e+20 1.02854e+39 
1.85656e+15 3.21237e+35 2.33177e+20 1.02894e+39 
1.85743e+15 3.21498e+35 2.33294e+20 1.02935e+39 
1.8583e+15 3.21758e+35 2.33412e+20 1.02975e+39 
1.85917e+15 3.22019e+35 2.3353e+20 1.03015e+39 
1.86004e+15 3.2228e+35 2.33647e+20 1.03056e+39 
1.86091e+15 3.22541e+35 2.33765e+20 1.03096e+39 
1.86178e+15 3.22802e+35 2.33882e+20 1.03137e+39 
1.86265e+15 3.23063e+35 2.34e+20 1.03177e+39 
1.86352e+15 3.23324e+35 2.34117e+20 1.03218e+39 
1.8644e+15 3.23585e+35 2.34235e+20 1.03258e+39 
1.86527e+15 3.23847e+35 2.34352e+20 1.03299e+39 
1.86614e+15 3.24108e+35 2.3447e+20 1.03339e+39 
1.86702e+15 3.2437e+35 2.34587e+20 1.0338e+39 
1.86789e+15 3.24632e+35 2.34705e+20 1.0342e+39 
1.86876e+15 3.24894e+35 2.34822e+20 1.03461e+39 
1.86964e+15 3.25156e+35 2.3494e+20 1.03502e+39 
1.87052e+15 3.25418e+35 2.35057e+20 1.03542e+39 
1.87139e+15 3.25681e+35 2.35175e+20 1.03583e+39 
1.87227e+15 3.25943e+35 2.35292e+20 1.03623e+39 
1.87314e+15 3.26206e+35 2.3541e+20 1.03664e+39 
1.87402e+15 3.26469e+35 2.35527e+20 1.03705e+39 
1.8749e+15 3.26731e+35 2.35645e+20 1.03745e+39 
1.87578e+15 3.26994e+35 2.35762e+20 1.03786e+39 
1.87665e+15 3.27257e+35 2.3588e+20 1.03827e+39 
1.87753e+15 3.27521e+35 2.35997e+20 1.03867e+39 
1.87841e+15 3.27784e+35 2.36114e+20 1.03908e+39 
1.87929e+15 3.28047e+35 2.36232e+20 1.03949e+39 
1.88017e+15 3.28311e+35 2.36349e+20 1.0399e+39 
1.88105e+15 3.28575e+35 2.36467e+20 1.0403e+39 
1.88193e+15 3.28839e+35 2.36584e+20 1.04071e+39 
1.88281e+15 3.29103e+35 2.36701e+20 1.04112e+39 
1.88369e+15 3.29367e+35 2.36819e+20 1.04153e+39 
1.88458e+15 3.29631e+35 2.36936e+20 1.04194e+39 
1.88546e+15 3.29895e+35 2.37054e+20 1.04234e+39 
1.88634e+15 3.3016e+35 2.37171e+20 1.04275e+39 
1.88722e+15 3.30424e+35 2.37288e+20 1.04316e+39 
1.88811e+15 3.30689e+35 2.37406e+20 1.04357e+39 
1.88899e+15 3.30954e+35 2.37523e+20 1.04398e+39 
1.88988e+15 3.31219e+35 2.3764e+20 1.04439e+39 
1.89076e+15 3.31484e+35 2.37758e+20 1.0448e+39 
1.89165e+15 3.31749e+35 2.37875e+20 1.04521e+39 
1.89253e+15 3.32014e+35 2.37992e+20 1.04562e+39 
1.89342e+15 3.3228e+35 2.3811e+20 1.04603e+39 
1.8943e+15 3.32545e+35 2.38227e+20 1.04644e+39 
1.89519e+15 3.32811e+35 2.38344e+20 1.04685e+39 
1.89608e+15 3.33077e+35 2.38462e+20 1.04726e+39 
1.89697e+15 3.33343e+35 2.38579e+20 1.04767e+39 
1.89785e+15 3.33609e+35 2.38696e+20 1.04808e+39 
1.89874e+15 3.33875e+35 2.38814e+20 1.04849e+39 
1.89963e+15 3.34141e+35 2.38931e+20 1.0489e+39 
1.90052e+15 3.34408e+35 2.39048e+20 1.04931e+39 
1.90141e+15 3.34674e+35 2.39165e+20 1.04972e+39 
1.9023e+15 3.34941e+35 2.39283e+20 1.05013e+39 
1.90319e+15 3.35208e+35 2.394e+20 1.05054e+39 
1.90408e+15 3.35475e+35 2.39517e+20 1.05095e+39 
1.90497e+15 3.35742e+35 2.39634e+20 1.05136e+39 
1.90587e+15 3.36009e+35 2.39752e+20 1.05177e+39 
1.90676e+15 3.36276e+35 2.39869e+20 1.05219e+39 
1.90765e+15 3.36544e+35 2.39986e+20 1.0526e+39 
1.90854e+15 3.36811e+35 2.40103e+20 1.05301e+39 
1.90944e+15 3.37079e+35 2.4022e+20 1.05342e+39 
1.91033e+15 3.37347e+35 2.40338e+20 1.05383e+39 
1.91123e+15 3.37615e+35 2.40455e+20 1.05425e+39 
1.91212e+15 3.37883e+35 2.40572e+20 1.05466e+39 
1.91302e+15 3.38151e+35 2.40689e+20 1.05507e+39 
1.91391e+15 3.38419e+35 2.40806e+20 1.05548e+39 
1.91481e+15 3.38688e+35 2.40924e+20 1.0559e+39 
1.9157e+15 3.38956e+35 2.41041e+20 1.05631e+39 
1.9166e+15 3.39225e+35 2.41158e+20 1.05672e+39 
1.9175e+15 3.39494e+35 2.41275e+20 1.05714e+39 
1.9184e+15 3.39763e+35 2.41392e+20 1.05755e+39 
1.91929e+15 3.40032e+35 2.41509e+20 1.05796e+39 
1.92019e+15 3.40301e+35 2.41626e+20 1.05838e+39 
1.92109e+15 3.4057e+35 2.41744e+20 1.05879e+39 
1.92199e+15 3.4084e+35 2.41861e+20 1.0592e+39 
1.92289e+15 3.41109e+35 2.41978e+20 1.05962e+39 
1.92379e+15 3.41379e+35 2.42095e+20 1.06003e+39 
1.92469e+15 3.41649e+35 2.42212e+20 1.06045e+39 
1.92559e+15 3.41919e+35 2.42329e+20 1.06086e+39 
1.92649e+15 3.42189e+35 2.42446e+20 1.06128e+39 
1.9274e+15 3.42459e+35 2.42563e+20 1.06169e+39 
1.9283e+15 3.42729e+35 2.4268e+20 1.06211e+39 
1.9292e+15 3.43e+35 2.42797e+20 1.06252e+39 
1.9301e+15 3.43271e+35 2.42915e+20 1.06294e+39 
1.93101e+15 3.43541e+35 2.43032e+20 1.06335e+39 
1.93191e+15 3.43812e+35 2.43149e+20 1.06377e+39 
1.93282e+15 3.44083e+35 2.43266e+20 1.06418e+39 
1.93372e+15 3.44354e+35 2.43383e+20 1.0646e+39 
1.93463e+15 3.44625e+35 2.435e+20 1.06502e+39 
1.93553e+15 3.44897e+35 2.43617e+20 1.06543e+39 
1.93644e+15 3.45168e+35 2.43734e+20 1.06585e+39 
1.93735e+15 3.4544e+35 2.43851e+20 1.06626e+39 
1.93825e+15 3.45712e+35 2.43968e+20 1.06668e+39 
1.93916e+15 3.45983e+35 2.44085e+20 1.0671e+39 
1.94007e+15 3.46255e+35 2.44202e+20 1.06751e+39 
1.94098e+15 3.46527e+35 2.44319e+20 1.06793e+39 
1.94188e+15 3.468e+35 2.44436e+20 1.06835e+39 
1.94279e+15 3.47072e+35 2.44553e+20 1.06877e+39 
1.9437e+15 3.47345e+35 2.4467e+20 1.06918e+39 
1.94461e+15 3.47617e+35 2.44787e+20 1.0696e+39 
1.94552e+15 3.4789e+35 2.44904e+20 1.07002e+39 
1.94643e+15 3.48163e+35 2.45021e+20 1.07044e+39 
1.94735e+15 3.48436e+35 2.45138e+20 1.07085e+39 
1.94826e+15 3.48709e+35 2.45254e+20 1.07127e+39 
1.94917e+15 3.48982e+35 2.45371e+20 1.07169e+39 
1.95008e+15 3.49256e+35 2.45488e+20 1.07211e+39 
1.951e+15 3.49529e+35 2.45605e+20 1.07253e+39 
1.95191e+15 3.49803e+35 2.45722e+20 1.07295e+39 
1.95282e+15 3.50077e+35 2.45839e+20 1.07336e+39 
1.95374e+15 3.5035e+35 2.45956e+20 1.07378e+39 
1.95465e+15 3.50624e+35 2.46073e+20 1.0742e+39 
1.95557e+15 3.50899e+35 2.4619e+20 1.07462e+39 
1.95648e+15 3.51173e+35 2.46307e+20 1.07504e+39 
1.9574e+15 3.51447e+35 2.46424e+20 1.07546e+39 
1.95831e+15 3.51722e+35 2.4654e+20 1.07588e+39 
1.95923e+15 3.51996e+35 2.46657e+20 1.0763e+39 
1.96015e+15 3.52271e+35 2.46774e+20 1.07672e+39 
1.96107e+15 3.52546e+35 2.46891e+20 1.07714e+39 
1.96198e+15 3.52821e+35 2.47008e+20 1.07756e+39 
1.9629e+15 3.53096e+35 2.47125e+20 1.07798e+39 
1.96382e+15 3.53372e+35 2.47242e+20 1.0784e+39 
1.96474e+15 3.53647e+35 2.47358e+20 1.07882e+39 
1.96566e+15 3.53923e+35 2.47475e+20 1.07924e+39 
1.96658e+15 3.54198e+35 2.47592e+20 1.07966e+39 
1.9675e+15 3.54474e+35 2.47709e+20 1.08008e+39 
1.96842e+15 3.5475e+35 2.47826e+20 1.08051e+39 
1.96935e+15 3.55026e+35 2.47942e+20 1.08093e+39 
1.97027e+15 3.55303e+35 2.48059e+20 1.08135e+39 
1.97119e+15 3.55579e+35 2.48176e+20 1.08177e+39 
1.97211e+15 3.55855e+35 2.48293e+20 1.08219e+39 
1.97304e+15 3.56132e+35 2.4841e+20 1.08261e+39 
1.97396e+15 3.56409e+35 2.48526e+20 1.08304e+39 
1.97488e+15 3.56686e+35 2.48643e+20 1.08346e+39 
1.97581e+15 3.56963e+35 2.4876e+20 1.08388e+39 
1.97673e+15 3.5724e+35 2.48877e+20 1.0843e+39 
1.97766e+15 3.57517e+35 2.48993e+20 1.08473e+39 
1.97858e+15 3.57794e+35 2.4911e+20 1.08515e+39 
1.97951e+15 3.58072e+35 2.49227e+20 1.08557e+39 
1.98044e+15 3.5835e+35 2.49344e+20 1.08599e+39 
1.98136e+15 3.58627e+35 2.4946e+20 1.08642e+39 
1.98229e+15 3.58905e+35 2.49577e+20 1.08684e+39 
1.98322e+15 3.59183e+35 2.49694e+20 1.08726e+39 
1.98415e+15 3.59461e+35 2.4981e+20 1.08769e+39 
1.98508e+15 3.5974e+35 2.49927e+20 1.08811e+39 
1.98601e+15 3.60018e+35 2.50044e+20 1.08854e+39 
1.98694e+15 3.60297e+35 2.5016e+20 1.08896e+39 
1.98787e+15 3.60575e+35 2.50277e+20 1.08938e+39 
1.9888e+15 3.60854e+35 2.50394e+20 1.08981e+39 
1.98973e+15 3.61133e+35 2.50511e+20 1.09023e+39 
1.99066e+15 3.61412e+35 2.50627e+20 1.09066e+39 
1.99159e+15 3.61691e+35 2.50744e+20 1.09108e+39 
1.99252e+15 3.61971e+35 2.5086e+20 1.09151e+39 
1.99346e+15 3.6225e+35 2.50977e+20 1.09193e+39 
1.99439e+15 3.6253e+35 2.51094e+20 1.09236e+39 
1.99532e+15 3.6281e+35 2.5121e+20 1.09278e+39 
1.99626e+15 3.63089e+35 2.51327e+20 1.09321e+39 
1.99719e+15 3.63369e+35 2.51444e+20 1.09363e+39 
1.99813e+15 3.63649e+35 2.5156e+20 1.09406e+39 
1.99906e+15 3.6393e+35 2.51677e+20 1.09449e+39 
2e+15 3.6421e+35 2.51793e+20 1.09491e+39 
