2000
4.27819e+14 8.0419e+30 1.87978e+16 2.57722e+38 
4.27845e+14 1.60838e+31 3.75941e+16 2.57738e+38 
4.27872e+14 2.41257e+31 5.63888e+16 2.57754e+38 
4.27899e+14 3.21676e+31 7.51819e+16 2.57771e+38 
4.27926e+14 4.02095e+31 9.39735e+16 2.57787e+38 
4.27953e+14 4.82514e+31 1.12763e+17 2.57803e+38 
4.2798e+14 5.62933e+31 1.31552e+17 2.57819e+38 
4.28006e+14 6.43352e+31 1.50339e+17 2.57835e+38 
4.28033e+14 7.23771e+31 1.69124e+17 2.57851e+38 
4.2806e+14 8.0419e+31 1.87908e+17 2.57868e+38 
4.30754e+14 8.87389e+32 2.06483e+18 2.59488e+38 
4.31024e+14 9.68365e+32 2.25231e+18 2.59651e+38 
4.31295e+14 1.04939e+33 2.43975e+18 2.59813e+38 
4.31565e+14 1.13047e+33 2.62715e+18 2.59976e+38 
4.31836e+14 1.2116e+33 2.81451e+18 2.60138e+38 
4.32107e+14 1.29278e+33 3.00184e+18 2.60301e+38 
4.32378e+14 1.37401e+33 3.18912e+18 2.60464e+38 
4.32649e+14 1.45529e+33 3.37637e+18 2.60627e+38 
4.32921e+14 1.53662e+33 3.56357e+18 2.6079e+38 
4.33193e+14 1.618e+33 3.75074e+18 2.60953e+38 
4.33464e+14 1.69944e+33 3.93787e+18 2.61116e+38 
4.33736e+14 1.78092e+33 4.12496e+18 2.61279e+38 
4.34008e+14 1.86246e+33 4.31202e+18 2.61442e+38 
4.34281e+14 1.94405e+33 4.49903e+18 2.61605e+38 
4.34553e+14 2.02569e+33 4.68601e+18 2.61768e+38 
4.34826e+14 2.10738e+33 4.87295e+18 2.61932e+38 
4.35099e+14 2.18912e+33 5.05985e+18 2.62095e+38 
4.35372e+14 2.27091e+33 5.24671e+18 2.62259e+38 
4.35645e+14 2.35275e+33 5.43353e+18 2.62422e+38 
4.35918e+14 2.43465e+33 5.62032e+18 2.62586e+38 
4.36192e+14 2.5166e+33 5.80707e+18 2.6275e+38 
4.36466e+14 2.59859e+33 5.99378e+18 2.62914e+38 
4.3674e+14 2.68064e+33 6.18045e+18 2.63078e+38 
4.37014e+14 2.76274e+33 6.36708e+18 2.63241e+38 
4.37288e+14 2.8449e+33 6.55368e+18 2.63405e+38 
4.37562e+14 2.9271e+33 6.74024e+18 2.6357e+38 
4.37837e+14 3.00936e+33 6.92676e+18 2.63734e+38 
4.38112e+14 3.09166e+33 7.11324e+18 2.63898e+38 
4.38386e+14 3.17402e+33 7.29968e+18 2.64062e+38 
4.38662e+14 3.25643e+33 7.48609e+18 2.64227e+38 
4.38937e+14 3.3389e+33 7.67246e+18 2.64391e+38 
4.39212e+14 3.42141e+33 7.85879e+18 2.64555e+38 
4.39488e+14 3.50398e+33 8.04508e+18 2.6472e+38 
4.39764e+14 3.58659e+33 8.23134e+18 2.64885e+38 
4.4004e+14 3.66926e+33 8.41756e+18 2.65049e+38 
4.40316e+14 3.75198e+33 8.60374e+18 2.65214e+38 
4.40592e+14 3.83476e+33 8.78988e+18 2.65379e+38 
4.40868e+14 3.91758e+33 8.97599e+18 2.65544e+38 
4.41145e+14 4.00046e+33 9.16206e+18 2.65709e+38 
4.41422e+14 4.08339e+33 9.34809e+18 2.65874e+38 
4.41699e+14 4.16637e+33 9.53408e+18 2.66039e+38 
4.41976e+14 4.2494e+33 9.72004e+18 2.66204e+38 
4.42253e+14 4.33249e+33 9.90596e+18 2.66369e+38 
4.42531e+14 4.41563e+33 1.00918e+19 2.66535e+38 
4.42809e+14 4.49882e+33 1.02777e+19 2.667e+38 
4.43086e+14 4.58206e+33 1.04635e+19 2.66866e+38 
4.43364e+14 4.66535e+33 1.06493e+19 2.67031e+38 
4.43643e+14 4.7487e+33 1.0835e+19 2.67197e+38 
4.43921e+14 4.8321e+33 1.10207e+19 2.67362e+38 
4.442e+14 4.91555e+33 1.12064e+19 2.67528e+38 
4.44478e+14 4.99905e+33 1.1392e+19 2.67694e+38 
4.44757e+14 5.08261e+33 1.15776e+19 2.6786e+38 
4.45036e+14 5.16622e+33 1.17631e+19 2.68026e+38 
4.45316e+14 5.24988e+33 1.19486e+19 2.68192e+38 
4.45595e+14 5.33359e+33 1.21341e+19 2.68358e+38 
4.45875e+14 5.41736e+33 1.23195e+19 2.68524e+38 
4.46154e+14 5.50117e+33 1.25049e+19 2.6869e+38 
4.46434e+14 5.58505e+33 1.26903e+19 2.68857e+38 
4.46714e+14 5.66897e+33 1.28756e+19 2.69023e+38 
4.46995e+14 5.75294e+33 1.30609e+19 2.69189e+38 
4.47275e+14 5.83697e+33 1.32462e+19 2.69356e+38 
4.47556e+14 5.92106e+33 1.34314e+19 2.69523e+38 
4.47837e+14 6.00519e+33 1.36166e+19 2.69689e+38 
4.48118e+14 6.08938e+33 1.38017e+19 2.69856e+38 
4.48399e+14 6.17362e+33 1.39868e+19 2.70023e+38 
4.4868e+14 6.25791e+33 1.41719e+19 2.7019e+38 
4.48962e+14 6.34226e+33 1.4357e+19 2.70357e+38 
4.49244e+14 6.42665e+33 1.4542e+19 2.70524e+38 
4.49525e+14 6.51111e+33 1.47269e+19 2.70691e+38 
4.49808e+14 6.59561e+33 1.49119e+19 2.70858e+38 
4.5009e+14 6.68017e+33 1.50967e+19 2.71025e+38 
4.50372e+14 6.76478e+33 1.52816e+19 2.71192e+38 
4.50655e+14 6.84944e+33 1.54664e+19 2.7136e+38 
4.50938e+14 6.93416e+33 1.56512e+19 2.71527e+38 
4.51221e+14 7.01893e+33 1.5836e+19 2.71695e+38 
4.51504e+14 7.10375e+33 1.60207e+19 2.71862e+38 
4.51787e+14 7.18863e+33 1.62053e+19 2.7203e+38 
4.5207e+14 7.27356e+33 1.639e+19 2.72197e+38 
4.52354e+14 7.35854e+33 1.65746e+19 2.72365e+38 
4.52638e+14 7.44358e+33 1.67592e+19 2.72533e+38 
4.52922e+14 7.52867e+33 1.69437e+19 2.72701e+38 
4.53206e+14 7.61381e+33 1.71282e+19 2.72869e+38 
4.53491e+14 7.69901e+33 1.73126e+19 2.73037e+38 
4.53775e+14 7.78426e+33 1.74971e+19 2.73205e+38 
4.5406e+14 7.86956e+33 1.76815e+19 2.73373e+38 
4.54345e+14 7.95492e+33 1.78658e+19 2.73542e+38 
4.5463e+14 8.04033e+33 1.80501e+19 2.7371e+38 
4.54915e+14 8.12579e+33 1.82344e+19 2.73878e+38 
4.55201e+14 8.21131e+33 1.84187e+19 2.74047e+38 
4.55486e+14 8.29688e+33 1.86029e+19 2.74215e+38 
4.55772e+14 8.38251e+33 1.87871e+19 2.74384e+38 
4.56058e+14 8.46819e+33 1.89712e+19 2.74553e+38 
4.56344e+14 8.55392e+33 1.91553e+19 2.74722e+38 
4.56631e+14 8.63971e+33 1.93394e+19 2.7489e+38 
4.56917e+14 8.72555e+33 1.95234e+19 2.75059e+38 
4.57204e+14 8.81144e+33 1.97074e+19 2.75228e+38 
4.57491e+14 8.89739e+33 1.98914e+19 2.75397e+38 
4.57778e+14 8.98339e+33 2.00753e+19 2.75567e+38 
4.58065e+14 9.06945e+33 2.02592e+19 2.75736e+38 
4.58352e+14 9.15556e+33 2.0443e+19 2.75905e+38 
4.5864e+14 9.24172e+33 2.06269e+19 2.76074e+38 
4.58928e+14 9.32794e+33 2.08107e+19 2.76244e+38 
4.59216e+14 9.41421e+33 2.09944e+19 2.76413e+38 
4.59504e+14 9.50054e+33 2.11781e+19 2.76583e+38 
4.59792e+14 9.58692e+33 2.13618e+19 2.76752e+38 
4.60081e+14 9.67335e+33 2.15455e+19 2.76922e+38 
4.6037e+14 9.75984e+33 2.17291e+19 2.77092e+38 
4.60658e+14 9.84638e+33 2.19127e+19 2.77262e+38 
4.60947e+14 9.93298e+33 2.20962e+19 2.77432e+38 
4.61237e+14 1.00196e+34 2.22797e+19 2.77602e+38 
4.61526e+14 1.01063e+34 2.24632e+19 2.77772e+38 
4.61816e+14 1.01931e+34 2.26466e+19 2.77942e+38 
4.62106e+14 1.02799e+34 2.283e+19 2.78112e+38 
4.62396e+14 1.03668e+34 2.30134e+19 2.78282e+38 
4.62686e+14 1.04537e+34 2.31967e+19 2.78453e+38 
4.62976e+14 1.05407e+34 2.338e+19 2.78623e+38 
4.63266e+14 1.06277e+34 2.35633e+19 2.78794e+38 
4.63557e+14 1.07148e+34 2.37465e+19 2.78964e+38 
4.63848e+14 1.08019e+34 2.39297e+19 2.79135e+38 
4.64139e+14 1.08891e+34 2.41129e+19 2.79306e+38 
4.6443e+14 1.09764e+34 2.4296e+19 2.79476e+38 
4.64722e+14 1.10637e+34 2.44791e+19 2.79647e+38 
4.65013e+14 1.11511e+34 2.46622e+19 2.79818e+38 
4.65305e+14 1.12385e+34 2.48452e+19 2.79989e+38 
4.65597e+14 1.1326e+34 2.50282e+19 2.8016e+38 
4.65889e+14 1.14135e+34 2.52112e+19 2.80331e+38 
4.66182e+14 1.15011e+34 2.53941e+19 2.80503e+38 
4.66474e+14 1.15887e+34 2.5577e+19 2.80674e+38 
4.66767e+14 1.16764e+34 2.57598e+19 2.80845e+38 
4.6706e+14 1.17641e+34 2.59427e+19 2.81017e+38 
4.67353e+14 1.18519e+34 2.61254e+19 2.81188e+38 
4.67646e+14 1.19398e+34 2.63082e+19 2.8136e+38 
4.6794e+14 1.20277e+34 2.64909e+19 2.81531e+38 
4.68233e+14 1.21157e+34 2.66736e+19 2.81703e+38 
4.68527e+14 1.22037e+34 2.68563e+19 2.81875e+38 
4.68821e+14 1.22918e+34 2.70389e+19 2.82047e+38 
4.69115e+14 1.23799e+34 2.72215e+19 2.82219e+38 
4.6941e+14 1.24681e+34 2.7404e+19 2.82391e+38 
4.69704e+14 1.25563e+34 2.75865e+19 2.82563e+38 
4.69999e+14 1.26446e+34 2.7769e+19 2.82735e+38 
4.70294e+14 1.2733e+34 2.79514e+19 2.82907e+38 
4.70589e+14 1.28214e+34 2.81339e+19 2.8308e+38 
4.70884e+14 1.29099e+34 2.83162e+19 2.83252e+38 
4.7118e+14 1.29984e+34 2.84986e+19 2.83424e+38 
4.71475e+14 1.30869e+34 2.86809e+19 2.83597e+38 
4.71771e+14 1.31756e+34 2.88632e+19 2.8377e+38 
4.72067e+14 1.32643e+34 2.90454e+19 2.83942e+38 
4.72363e+14 1.3353e+34 2.92276e+19 2.84115e+38 
4.7266e+14 1.34418e+34 2.94098e+19 2.84288e+38 
4.72956e+14 1.35307e+34 2.9592e+19 2.84461e+38 
4.73253e+14 1.36196e+34 2.97741e+19 2.84634e+38 
4.7355e+14 1.37085e+34 2.99562e+19 2.84807e+38 
4.73847e+14 1.37976e+34 3.01382e+19 2.8498e+38 
4.74145e+14 1.38866e+34 3.03202e+19 2.85153e+38 
4.74442e+14 1.39758e+34 3.05022e+19 2.85326e+38 
4.7474e+14 1.40649e+34 3.06842e+19 2.855e+38 
4.75038e+14 1.41542e+34 3.08661e+19 2.85673e+38 
4.75336e+14 1.42435e+34 3.10479e+19 2.85847e+38 
4.75634e+14 1.43329e+34 3.12298e+19 2.8602e+38 
4.75932e+14 1.44223e+34 3.14116e+19 2.86194e+38 
4.76231e+14 1.45117e+34 3.15934e+19 2.86367e+38 
4.7653e+14 1.46013e+34 3.17751e+19 2.86541e+38 
4.76829e+14 1.46908e+34 3.19569e+19 2.86715e+38 
4.77128e+14 1.47805e+34 3.21385e+19 2.86889e+38 
4.77428e+14 1.48702e+34 3.23202e+19 2.87063e+38 
4.77727e+14 1.49599e+34 3.25018e+19 2.87237e+38 
4.78027e+14 1.50497e+34 3.26834e+19 2.87411e+38 
4.78327e+14 1.51396e+34 3.28649e+19 2.87586e+38 
4.78627e+14 1.52295e+34 3.30465e+19 2.8776e+38 
4.78927e+14 1.53195e+34 3.32279e+19 2.87934e+38 
4.79228e+14 1.54095e+34 3.34094e+19 2.88109e+38 
4.79529e+14 1.54996e+34 3.35908e+19 2.88283e+38 
4.79829e+14 1.55897e+34 3.37722e+19 2.88458e+38 
4.80131e+14 1.56799e+34 3.39536e+19 2.88632e+38 
4.80432e+14 1.57702e+34 3.41349e+19 2.88807e+38 
4.80733e+14 1.58605e+34 3.43162e+19 2.88982e+38 
4.81035e+14 1.59509e+34 3.44974e+19 2.89157e+38 
4.81337e+14 1.60413e+34 3.46786e+19 2.89332e+38 
4.81639e+14 1.61318e+34 3.48598e+19 2.89507e+38 
4.81941e+14 1.62223e+34 3.5041e+19 2.89682e+38 
4.82243e+14 1.63129e+34 3.52221e+19 2.89857e+38 
4.82546e+14 1.64036e+34 3.54032e+19 2.90032e+38 
4.82849e+14 1.64943e+34 3.55843e+19 2.90208e+38 
4.83152e+14 1.65851e+34 3.57653e+19 2.90383e+38 
4.83455e+14 1.66759e+34 3.59463e+19 2.90559e+38 
4.83758e+14 1.67668e+34 3.61273e+19 2.90734e+38 
4.84062e+14 1.68577e+34 3.63082e+19 2.9091e+38 
4.84366e+14 1.69487e+34 3.64891e+19 2.91086e+38 
4.8467e+14 1.70398e+34 3.667e+19 2.91261e+38 
4.84974e+14 1.71309e+34 3.68508e+19 2.91437e+38 
4.85278e+14 1.72221e+34 3.70316e+19 2.91613e+38 
4.85583e+14 1.73133e+34 3.72124e+19 2.91789e+38 
4.85887e+14 1.74046e+34 3.73931e+19 2.91965e+38 
4.86192e+14 1.74959e+34 3.75738e+19 2.92142e+38 
4.86497e+14 1.75873e+34 3.77545e+19 2.92318e+38 
4.86803e+14 1.76788e+34 3.79352e+19 2.92494e+38 
4.87108e+14 1.77703e+34 3.81158e+19 2.9267e+38 
4.87414e+14 1.78618e+34 3.82964e+19 2.92847e+38 
4.87719e+14 1.79535e+34 3.84769e+19 2.93023e+38 
4.88026e+14 1.80452e+34 3.86574e+19 2.932e+38 
4.88332e+14 1.81369e+34 3.88379e+19 2.93377e+38 
4.88638e+14 1.82287e+34 3.90184e+19 2.93554e+38 
4.88945e+14 1.83206e+34 3.91988e+19 2.9373e+38 
4.89252e+14 1.84125e+34 3.93792e+19 2.93907e+38 
4.89559e+14 1.85044e+34 3.95595e+19 2.94084e+38 
4.89866e+14 1.85965e+34 3.97399e+19 2.94261e+38 
4.90173e+14 1.86886e+34 3.99202e+19 2.94439e+38 
4.90481e+14 1.87807e+34 4.01004e+19 2.94616e+38 
4.90789e+14 1.88729e+34 4.02806e+19 2.94793e+38 
4.91096e+14 1.89652e+34 4.04608e+19 2.9497e+38 
4.91405e+14 1.90575e+34 4.0641e+19 2.95148e+38 
4.91713e+14 1.91499e+34 4.08212e+19 2.95325e+38 
4.92022e+14 1.92423e+34 4.10013e+19 2.95503e+38 
4.9233e+14 1.93348e+34 4.11813e+19 2.95681e+38 
4.92639e+14 1.94273e+34 4.13614e+19 2.95858e+38 
4.92948e+14 1.952e+34 4.15414e+19 2.96036e+38 
4.93258e+14 1.96126e+34 4.17214e+19 2.96214e+38 
4.93567e+14 1.97053e+34 4.19013e+19 2.96392e+38 
4.93877e+14 1.97981e+34 4.20812e+19 2.9657e+38 
4.94187e+14 1.9891e+34 4.22611e+19 2.96748e+38 
4.94497e+14 1.99839e+34 4.2441e+19 2.96927e+38 
4.94807e+14 2.00768e+34 4.26208e+19 2.97105e+38 
4.95118e+14 2.01699e+34 4.28006e+19 2.97283e+38 
4.95428e+14 2.02629e+34 4.29804e+19 2.97462e+38 
4.95739e+14 2.03561e+34 4.31601e+19 2.9764e+38 
4.9605e+14 2.04493e+34 4.33398e+19 2.97819e+38 
4.96362e+14 2.05425e+34 4.35195e+19 2.97997e+38 
4.96673e+14 2.06358e+34 4.36991e+19 2.98176e+38 
4.96985e+14 2.07292e+34 4.38787e+19 2.98355e+38 
4.97297e+14 2.08226e+34 4.40583e+19 2.98534e+38 
4.97609e+14 2.09161e+34 4.42378e+19 2.98713e+38 
4.97921e+14 2.10096e+34 4.44174e+19 2.98892e+38 
4.98233e+14 2.11032e+34 4.45968e+19 2.99071e+38 
4.98546e+14 2.11969e+34 4.47763e+19 2.9925e+38 
4.98859e+14 2.12906e+34 4.49557e+19 2.99429e+38 
4.99172e+14 2.13844e+34 4.51351e+19 2.99609e+38 
4.99485e+14 2.14782e+34 4.53145e+19 2.99788e+38 
4.99798e+14 2.15721e+34 4.54938e+19 2.99968e+38 
5.00112e+14 2.16661e+34 4.56731e+19 3.00147e+38 
5.00426e+14 2.17601e+34 4.58524e+19 3.00327e+38 
5.0074e+14 2.18542e+34 4.60316e+19 3.00507e+38 
5.01054e+14 2.19483e+34 4.62108e+19 3.00687e+38 
5.01368e+14 2.20425e+34 4.639e+19 3.00866e+38 
5.01683e+14 2.21367e+34 4.65692e+19 3.01046e+38 
5.01998e+14 2.22311e+34 4.67483e+19 3.01226e+38 
5.02313e+14 2.23254e+34 4.69274e+19 3.01407e+38 
5.02628e+14 2.24199e+34 4.71064e+19 3.01587e+38 
5.02943e+14 2.25143e+34 4.72854e+19 3.01767e+38 
5.03259e+14 2.26089e+34 4.74644e+19 3.01947e+38 
5.03575e+14 2.27035e+34 4.76434e+19 3.02128e+38 
5.03891e+14 2.27982e+34 4.78223e+19 3.02308e+38 
5.04207e+14 2.28929e+34 4.80012e+19 3.02489e+38 
5.04523e+14 2.29877e+34 4.81801e+19 3.0267e+38 
5.0484e+14 2.30825e+34 4.8359e+19 3.0285e+38 
5.05157e+14 2.31774e+34 4.85378e+19 3.03031e+38 
5.05474e+14 2.32724e+34 4.87166e+19 3.03212e+38 
5.05791e+14 2.33674e+34 4.88953e+19 3.03393e+38 
5.06108e+14 2.34625e+34 4.9074e+19 3.03574e+38 
5.06426e+14 2.35576e+34 4.92527e+19 3.03755e+38 
5.06744e+14 2.36528e+34 4.94314e+19 3.03936e+38 
5.07062e+14 2.37481e+34 4.961e+19 3.04118e+38 
5.0738e+14 2.38434e+34 4.97886e+19 3.04299e+38 
5.07698e+14 2.39388e+34 4.99672e+19 3.0448e+38 
5.08017e+14 2.40342e+34 5.01458e+19 3.04662e+38 
5.08336e+14 2.41297e+34 5.03243e+19 3.04844e+38 
5.08654e+14 2.42253e+34 5.05028e+19 3.05025e+38 
5.08974e+14 2.43209e+34 5.06812e+19 3.05207e+38 
5.09293e+14 2.44166e+34 5.08596e+19 3.05389e+38 
5.09613e+14 2.45123e+34 5.1038e+19 3.05571e+38 
5.09932e+14 2.46081e+34 5.12164e+19 3.05753e+38 
5.10252e+14 2.4704e+34 5.13947e+19 3.05935e+38 
5.10573e+14 2.47999e+34 5.1573e+19 3.06117e+38 
5.10893e+14 2.48959e+34 5.17513e+19 3.06299e+38 
5.11213e+14 2.49919e+34 5.19296e+19 3.06481e+38 
5.11534e+14 2.5088e+34 5.21078e+19 3.06664e+38 
5.11855e+14 2.51842e+34 5.2286e+19 3.06846e+38 
5.12176e+14 2.52804e+34 5.24641e+19 3.07029e+38 
5.12498e+14 2.53767e+34 5.26423e+19 3.07211e+38 
5.12819e+14 2.5473e+34 5.28204e+19 3.07394e+38 
5.13141e+14 2.55694e+34 5.29984e+19 3.07577e+38 
5.13463e+14 2.56659e+34 5.31765e+19 3.0776e+38 
5.13785e+14 2.57624e+34 5.33545e+19 3.07943e+38 
5.14108e+14 2.5859e+34 5.35325e+19 3.08126e+38 
5.1443e+14 2.59557e+34 5.37104e+19 3.08309e+38 
5.14753e+14 2.60524e+34 5.38883e+19 3.08492e+38 
5.15076e+14 2.61491e+34 5.40662e+19 3.08675e+38 
5.15399e+14 2.6246e+34 5.42441e+19 3.08858e+38 
5.15723e+14 2.63428e+34 5.44219e+19 3.09042e+38 
5.16046e+14 2.64398e+34 5.45997e+19 3.09225e+38 
5.1637e+14 2.65368e+34 5.47775e+19 3.09409e+38 
5.16694e+14 2.66339e+34 5.49553e+19 3.09592e+38 
5.17018e+14 2.6731e+34 5.5133e+19 3.09776e+38 
5.17343e+14 2.68282e+34 5.53107e+19 3.0996e+38 
5.17668e+14 2.69254e+34 5.54883e+19 3.10144e+38 
5.17992e+14 2.70228e+34 5.5666e+19 3.10328e+38 
5.18317e+14 2.71201e+34 5.58436e+19 3.10512e+38 
5.18643e+14 2.72176e+34 5.60211e+19 3.10696e+38 
5.18968e+14 2.73151e+34 5.61987e+19 3.1088e+38 
5.19294e+14 2.74126e+34 5.63762e+19 3.11064e+38 
5.1962e+14 2.75103e+34 5.65537e+19 3.11249e+38 
5.19946e+14 2.76079e+34 5.67311e+19 3.11433e+38 
5.20272e+14 2.77057e+34 5.69086e+19 3.11618e+38 
5.20598e+14 2.78035e+34 5.7086e+19 3.11802e+38 
5.20925e+14 2.79013e+34 5.72634e+19 3.11987e+38 
5.21252e+14 2.79993e+34 5.74407e+19 3.12172e+38 
5.21579e+14 2.80973e+34 5.7618e+19 3.12356e+38 
5.21906e+14 2.81953e+34 5.77953e+19 3.12541e+38 
5.22234e+14 2.82934e+34 5.79726e+19 3.12726e+38 
5.22561e+14 2.83916e+34 5.81498e+19 3.12911e+38 
5.22889e+14 2.84898e+34 5.8327e+19 3.13096e+38 
5.23217e+14 2.85881e+34 5.85042e+19 3.13282e+38 
5.23546e+14 2.86865e+34 5.86813e+19 3.13467e+38 
5.23874e+14 2.87849e+34 5.88584e+19 3.13652e+38 
5.24203e+14 2.88834e+34 5.90355e+19 3.13838e+38 
5.24532e+14 2.89819e+34 5.92126e+19 3.14023e+38 
5.24861e+14 2.90805e+34 5.93896e+19 3.14209e+38 
5.2519e+14 2.91792e+34 5.95666e+19 3.14395e+38 
5.2552e+14 2.92779e+34 5.97436e+19 3.1458e+38 
5.2585e+14 2.93767e+34 5.99205e+19 3.14766e+38 
5.2618e+14 2.94756e+34 6.00974e+19 3.14952e+38 
5.2651e+14 2.95745e+34 6.02743e+19 3.15138e+38 
5.2684e+14 2.96735e+34 6.04512e+19 3.15324e+38 
5.27171e+14 2.97725e+34 6.0628e+19 3.15511e+38 
5.27502e+14 2.98716e+34 6.08048e+19 3.15697e+38 
5.27833e+14 2.99708e+34 6.09816e+19 3.15883e+38 
5.28164e+14 3.007e+34 6.11583e+19 3.1607e+38 
5.28495e+14 3.01693e+34 6.1335e+19 3.16256e+38 
5.28827e+14 3.02686e+34 6.15117e+19 3.16443e+38 
5.29159e+14 3.0368e+34 6.16884e+19 3.16629e+38 
5.29491e+14 3.04675e+34 6.1865e+19 3.16816e+38 
5.29823e+14 3.0567e+34 6.20416e+19 3.17003e+38 
5.30155e+14 3.06666e+34 6.22182e+19 3.1719e+38 
5.30488e+14 3.07663e+34 6.23947e+19 3.17377e+38 
5.30821e+14 3.0866e+34 6.25713e+19 3.17564e+38 
5.31154e+14 3.09658e+34 6.27478e+19 3.17751e+38 
5.31487e+14 3.10657e+34 6.29242e+19 3.17938e+38 
5.31821e+14 3.11656e+34 6.31007e+19 3.18125e+38 
5.32155e+14 3.12656e+34 6.32771e+19 3.18313e+38 
5.32488e+14 3.13656e+34 6.34535e+19 3.185e+38 
5.32823e+14 3.14657e+34 6.36298e+19 3.18688e+38 
5.33157e+14 3.15659e+34 6.38061e+19 3.18875e+38 
5.33492e+14 3.16661e+34 6.39824e+19 3.19063e+38 
5.33826e+14 3.17664e+34 6.41587e+19 3.19251e+38 
5.34161e+14 3.18667e+34 6.4335e+19 3.19439e+38 
5.34496e+14 3.19671e+34 6.45112e+19 3.19627e+38 
5.34832e+14 3.20676e+34 6.46874e+19 3.19815e+38 
5.35167e+14 3.21682e+34 6.48635e+19 3.20003e+38 
5.35503e+14 3.22688e+34 6.50397e+19 3.20191e+38 
5.35839e+14 3.23694e+34 6.52158e+19 3.20379e+38 
5.36175e+14 3.24702e+34 6.53918e+19 3.20568e+38 
5.36512e+14 3.2571e+34 6.55679e+19 3.20756e+38 
5.36849e+14 3.26718e+34 6.57439e+19 3.20945e+38 
5.37185e+14 3.27727e+34 6.59199e+19 3.21133e+38 
5.37523e+14 3.28737e+34 6.60959e+19 3.21322e+38 
5.3786e+14 3.29748e+34 6.62718e+19 3.21511e+38 
5.38197e+14 3.30759e+34 6.64477e+19 3.217e+38 
5.38535e+14 3.3177e+34 6.66236e+19 3.21888e+38 
5.38873e+14 3.32783e+34 6.67995e+19 3.22077e+38 
5.39211e+14 3.33796e+34 6.69753e+19 3.22267e+38 
5.39549e+14 3.3481e+34 6.71511e+19 3.22456e+38 
5.39888e+14 3.35824e+34 6.73269e+19 3.22645e+38 
5.40227e+14 3.36839e+34 6.75026e+19 3.22834e+38 
5.40566e+14 3.37854e+34 6.76784e+19 3.23024e+38 
5.40905e+14 3.3887e+34 6.7854e+19 3.23213e+38 
5.41244e+14 3.39887e+34 6.80297e+19 3.23403e+38 
5.41584e+14 3.40905e+34 6.82054e+19 3.23592e+38 
5.41924e+14 3.41923e+34 6.8381e+19 3.23782e+38 
5.42264e+14 3.42942e+34 6.85566e+19 3.23972e+38 
5.42604e+14 3.43961e+34 6.87321e+19 3.24162e+38 
5.42945e+14 3.44981e+34 6.89076e+19 3.24352e+38 
5.43285e+14 3.46002e+34 6.90831e+19 3.24542e+38 
5.43626e+14 3.47023e+34 6.92586e+19 3.24732e+38 
5.43967e+14 3.48045e+34 6.94341e+19 3.24922e+38 
5.44309e+14 3.49067e+34 6.96095e+19 3.25113e+38 
5.4465e+14 3.50091e+34 6.97849e+19 3.25303e+38 
5.44992e+14 3.51115e+34 6.99603e+19 3.25494e+38 
5.45334e+14 3.52139e+34 7.01356e+19 3.25684e+38 
5.45676e+14 3.53164e+34 7.03109e+19 3.25875e+38 
5.46019e+14 3.5419e+34 7.04862e+19 3.26065e+38 
5.46361e+14 3.55216e+34 7.06615e+19 3.26256e+38 
5.46704e+14 3.56244e+34 7.08367e+19 3.26447e+38 
5.47047e+14 3.57271e+34 7.10119e+19 3.26638e+38 
5.4739e+14 3.583e+34 7.11871e+19 3.26829e+38 
5.47734e+14 3.59329e+34 7.13623e+19 3.2702e+38 
5.48078e+14 3.60358e+34 7.15374e+19 3.27212e+38 
5.48421e+14 3.61389e+34 7.17125e+19 3.27403e+38 
5.48766e+14 3.6242e+34 7.18876e+19 3.27594e+38 
5.4911e+14 3.63451e+34 7.20626e+19 3.27786e+38 
5.49454e+14 3.64483e+34 7.22377e+19 3.27977e+38 
5.49799e+14 3.65516e+34 7.24127e+19 3.28169e+38 
5.50144e+14 3.6655e+34 7.25876e+19 3.28361e+38 
5.50489e+14 3.67584e+34 7.27626e+19 3.28552e+38 
5.50835e+14 3.68619e+34 7.29375e+19 3.28744e+38 
5.51181e+14 3.69654e+34 7.31124e+19 3.28936e+38 
5.51526e+14 3.70691e+34 7.32872e+19 3.29128e+38 
5.51872e+14 3.71727e+34 7.34621e+19 3.29321e+38 
5.52219e+14 3.72765e+34 7.36369e+19 3.29513e+38 
5.52565e+14 3.73803e+34 7.38117e+19 3.29705e+38 
5.52912e+14 3.74842e+34 7.39864e+19 3.29897e+38 
5.53259e+14 3.75881e+34 7.41612e+19 3.3009e+38 
5.53606e+14 3.76921e+34 7.43359e+19 3.30282e+38 
5.53953e+14 3.77962e+34 7.45106e+19 3.30475e+38 
5.54301e+14 3.79003e+34 7.46852e+19 3.30668e+38 
5.54649e+14 3.80045e+34 7.48598e+19 3.30861e+38 
5.54997e+14 3.81088e+34 7.50344e+19 3.31053e+38 
5.55345e+14 3.82131e+34 7.5209e+19 3.31246e+38 
5.55694e+14 3.83175e+34 7.53836e+19 3.3144e+38 
5.56042e+14 3.8422e+34 7.55581e+19 3.31633e+38 
5.56391e+14 3.85265e+34 7.57326e+19 3.31826e+38 
5.5674e+14 3.86311e+34 7.59071e+19 3.32019e+38 
5.5709e+14 3.87358e+34 7.60815e+19 3.32213e+38 
5.57439e+14 3.88405e+34 7.62559e+19 3.32406e+38 
5.57789e+14 3.89453e+34 7.64303e+19 3.326e+38 
5.58139e+14 3.90501e+34 7.66047e+19 3.32793e+38 
5.58489e+14 3.91551e+34 7.6779e+19 3.32987e+38 
5.5884e+14 3.926e+34 7.69533e+19 3.33181e+38 
5.5919e+14 3.93651e+34 7.71276e+19 3.33375e+38 
5.59541e+14 3.94702e+34 7.73019e+19 3.33569e+38 
5.59892e+14 3.95754e+34 7.74761e+19 3.33763e+38 
5.60244e+14 3.96807e+34 7.76503e+19 3.33957e+38 
5.60595e+14 3.9786e+34 7.78245e+19 3.34151e+38 
5.60947e+14 3.98914e+34 7.79987e+19 3.34345e+38 
5.61299e+14 3.99968e+34 7.81728e+19 3.3454e+38 
5.61651e+14 4.01023e+34 7.83469e+19 3.34734e+38 
5.62004e+14 4.02079e+34 7.8521e+19 3.34929e+38 
5.62356e+14 4.03136e+34 7.86951e+19 3.35123e+38 
5.62709e+14 4.04193e+34 7.88691e+19 3.35318e+38 
5.63062e+14 4.05251e+34 7.90431e+19 3.35513e+38 
5.63416e+14 4.06309e+34 7.92171e+19 3.35708e+38 
5.63769e+14 4.07368e+34 7.9391e+19 3.35903e+38 
5.64123e+14 4.08428e+34 7.9565e+19 3.36098e+38 
5.64477e+14 4.09488e+34 7.97389e+19 3.36293e+38 
5.64831e+14 4.1055e+34 7.99128e+19 3.36488e+38 
5.65186e+14 4.11611e+34 8.00866e+19 3.36684e+38 
5.6554e+14 4.12674e+34 8.02604e+19 3.36879e+38 
5.65895e+14 4.13737e+34 8.04342e+19 3.37075e+38 
5.6625e+14 4.14801e+34 8.0608e+19 3.3727e+38 
5.66605e+14 4.15865e+34 8.07818e+19 3.37466e+38 
5.66961e+14 4.1693e+34 8.09555e+19 3.37662e+38 
5.67317e+14 4.17996e+34 8.11292e+19 3.37857e+38 
5.67673e+14 4.19063e+34 8.13029e+19 3.38053e+38 
5.68029e+14 4.2013e+34 8.14765e+19 3.38249e+38 
5.68385e+14 4.21198e+34 8.16502e+19 3.38445e+38 
5.68742e+14 4.22266e+34 8.18238e+19 3.38642e+38 
5.69099e+14 4.23335e+34 8.19973e+19 3.38838e+38 
5.69456e+14 4.24405e+34 8.21709e+19 3.39034e+38 
5.69813e+14 4.25476e+34 8.23444e+19 3.39231e+38 
5.70171e+14 4.26547e+34 8.25179e+19 3.39427e+38 
5.70529e+14 4.27619e+34 8.26914e+19 3.39624e+38 
5.70887e+14 4.28691e+34 8.28648e+19 3.3982e+38 
5.71245e+14 4.29764e+34 8.30382e+19 3.40017e+38 
5.71603e+14 4.30838e+34 8.32116e+19 3.40214e+38 
5.71962e+14 4.31913e+34 8.3385e+19 3.40411e+38 
5.72321e+14 4.32988e+34 8.35584e+19 3.40608e+38 
5.7268e+14 4.34064e+34 8.37317e+19 3.40805e+38 
5.73039e+14 4.3514e+34 8.3905e+19 3.41002e+38 
5.73399e+14 4.36218e+34 8.40783e+19 3.412e+38 
5.73759e+14 4.37296e+34 8.42515e+19 3.41397e+38 
5.74119e+14 4.38374e+34 8.44247e+19 3.41594e+38 
5.74479e+14 4.39453e+34 8.45979e+19 3.41792e+38 
5.7484e+14 4.40533e+34 8.47711e+19 3.4199e+38 
5.752e+14 4.41614e+34 8.49443e+19 3.42187e+38 
5.75561e+14 4.42695e+34 8.51174e+19 3.42385e+38 
5.75922e+14 4.43777e+34 8.52905e+19 3.42583e+38 
5.76284e+14 4.4486e+34 8.54636e+19 3.42781e+38 
5.76645e+14 4.45943e+34 8.56366e+19 3.42979e+38 
5.77007e+14 4.47027e+34 8.58096e+19 3.43177e+38 
5.77369e+14 4.48112e+34 8.59826e+19 3.43375e+38 
5.77732e+14 4.49197e+34 8.61556e+19 3.43574e+38 
5.78094e+14 4.50283e+34 8.63286e+19 3.43772e+38 
5.78457e+14 4.5137e+34 8.65015e+19 3.43971e+38 
5.7882e+14 4.52458e+34 8.66744e+19 3.44169e+38 
5.79183e+14 4.53546e+34 8.68473e+19 3.44368e+38 
5.79546e+14 4.54634e+34 8.70201e+19 3.44567e+38 
5.7991e+14 4.55724e+34 8.7193e+19 3.44766e+38 
5.80274e+14 4.56814e+34 8.73658e+19 3.44964e+38 
5.80638e+14 4.57905e+34 8.75385e+19 3.45163e+38 
5.81002e+14 4.58996e+34 8.77113e+19 3.45363e+38 
5.81367e+14 4.60089e+34 8.7884e+19 3.45562e+38 
5.81732e+14 4.61181e+34 8.80567e+19 3.45761e+38 
5.82097e+14 4.62275e+34 8.82294e+19 3.4596e+38 
5.82462e+14 4.63369e+34 8.84021e+19 3.4616e+38 
5.82828e+14 4.64464e+34 8.85747e+19 3.46359e+38 
5.83193e+14 4.6556e+34 8.87473e+19 3.46559e+38 
5.83559e+14 4.66656e+34 8.89199e+19 3.46759e+38 
5.83925e+14 4.67753e+34 8.90925e+19 3.46958e+38 
5.84292e+14 4.68851e+34 8.9265e+19 3.47158e+38 
5.84658e+14 4.69949e+34 8.94375e+19 3.47358e+38 
5.85025e+14 4.71048e+34 8.961e+19 3.47558e+38 
5.85392e+14 4.72148e+34 8.97825e+19 3.47758e+38 
5.8576e+14 4.73249e+34 8.99549e+19 3.47959e+38 
5.86127e+14 4.7435e+34 9.01273e+19 3.48159e+38 
5.86495e+14 4.75452e+34 9.02997e+19 3.48359e+38 
5.86863e+14 4.76554e+34 9.04721e+19 3.4856e+38 
5.87231e+14 4.77657e+34 9.06444e+19 3.4876e+38 
5.876e+14 4.78761e+34 9.08167e+19 3.48961e+38 
5.87969e+14 4.79866e+34 9.0989e+19 3.49162e+38 
5.88337e+14 4.80971e+34 9.11613e+19 3.49363e+38 
5.88707e+14 4.82077e+34 9.13335e+19 3.49564e+38 
5.89076e+14 4.83184e+34 9.15058e+19 3.49765e+38 
5.89446e+14 4.84291e+34 9.1678e+19 3.49966e+38 
5.89816e+14 4.85399e+34 9.18501e+19 3.50167e+38 
5.90186e+14 4.86508e+34 9.20223e+19 3.50368e+38 
5.90556e+14 4.87618e+34 9.21944e+19 3.5057e+38 
5.90927e+14 4.88728e+34 9.23665e+19 3.50771e+38 
5.91297e+14 4.89839e+34 9.25386e+19 3.50973e+38 
5.91668e+14 4.9095e+34 9.27107e+19 3.51174e+38 
5.9204e+14 4.92062e+34 9.28827e+19 3.51376e+38 
5.92411e+14 4.93175e+34 9.30547e+19 3.51578e+38 
5.92783e+14 4.94289e+34 9.32267e+19 3.5178e+38 
5.93155e+14 4.95403e+34 9.33986e+19 3.51982e+38 
5.93527e+14 4.96518e+34 9.35706e+19 3.52184e+38 
5.93899e+14 4.97634e+34 9.37425e+19 3.52386e+38 
5.94272e+14 4.98751e+34 9.39144e+19 3.52588e+38 
5.94645e+14 4.99868e+34 9.40862e+19 3.5279e+38 
5.95018e+14 5.00986e+34 9.42581e+19 3.52993e+38 
5.95392e+14 5.02104e+34 9.44299e+19 3.53195e+38 
5.95765e+14 5.03223e+34 9.46017e+19 3.53398e+38 
5.96139e+14 5.04343e+34 9.47735e+19 3.53601e+38 
5.96513e+14 5.05464e+34 9.49452e+19 3.53803e+38 
5.96887e+14 5.06585e+34 9.51169e+19 3.54006e+38 
5.97262e+14 5.07707e+34 9.52886e+19 3.54209e+38 
5.97637e+14 5.0883e+34 9.54603e+19 3.54412e+38 
5.98012e+14 5.09954e+34 9.5632e+19 3.54615e+38 
5.98387e+14 5.11078e+34 9.58036e+19 3.54819e+38 
5.98762e+14 5.12203e+34 9.59752e+19 3.55022e+38 
5.99138e+14 5.13328e+34 9.61468e+19 3.55225e+38 
5.99514e+14 5.14455e+34 9.63184e+19 3.55429e+38 
5.9989e+14 5.15582e+34 9.64899e+19 3.55632e+38 
6.00267e+14 5.16709e+34 9.66614e+19 3.55836e+38 
6.00643e+14 5.17838e+34 9.68329e+19 3.5604e+38 
6.0102e+14 5.18967e+34 9.70044e+19 3.56244e+38 
6.01397e+14 5.20097e+34 9.71758e+19 3.56447e+38 
6.01775e+14 5.21227e+34 9.73472e+19 3.56651e+38 
6.02152e+14 5.22359e+34 9.75186e+19 3.56856e+38 
6.0253e+14 5.23491e+34 9.769e+19 3.5706e+38 
6.02908e+14 5.24623e+34 9.78613e+19 3.57264e+38 
6.03287e+14 5.25757e+34 9.80327e+19 3.57468e+38 
6.03665e+14 5.26891e+34 9.8204e+19 3.57673e+38 
6.04044e+14 5.28025e+34 9.83753e+19 3.57877e+38 
6.04423e+14 5.29161e+34 9.85465e+19 3.58082e+38 
6.04802e+14 5.30297e+34 9.87177e+19 3.58287e+38 
6.05182e+14 5.31434e+34 9.8889e+19 3.58492e+38 
6.05562e+14 5.32572e+34 9.90601e+19 3.58696e+38 
6.05941e+14 5.3371e+34 9.92313e+19 3.58901e+38 
6.06322e+14 5.34849e+34 9.94025e+19 3.59107e+38 
6.06702e+14 5.35989e+34 9.95736e+19 3.59312e+38 
6.07083e+14 5.3713e+34 9.97447e+19 3.59517e+38 
6.07464e+14 5.38271e+34 9.99157e+19 3.59722e+38 
6.07845e+14 5.39413e+34 1.00087e+20 3.59928e+38 
6.08226e+14 5.40555e+34 1.00258e+20 3.60133e+38 
6.08608e+14 5.41699e+34 1.00429e+20 3.60339e+38 
6.0899e+14 5.42843e+34 1.006e+20 3.60545e+38 
6.09372e+14 5.43988e+34 1.00771e+20 3.60751e+38 
6.09754e+14 5.45133e+34 1.00942e+20 3.60956e+38 
6.10137e+14 5.4628e+34 1.01113e+20 3.61162e+38 
6.1052e+14 5.47427e+34 1.01284e+20 3.61368e+38 
6.10903e+14 5.48574e+34 1.01454e+20 3.61575e+38 
6.11286e+14 5.49723e+34 1.01625e+20 3.61781e+38 
6.1167e+14 5.50872e+34 1.01796e+20 3.61987e+38 
6.12054e+14 5.52022e+34 1.01967e+20 3.62194e+38 
6.12438e+14 5.53172e+34 1.02138e+20 3.624e+38 
6.12822e+14 5.54323e+34 1.02308e+20 3.62607e+38 
6.13207e+14 5.55476e+34 1.02479e+20 3.62814e+38 
6.13591e+14 5.56628e+34 1.0265e+20 3.6302e+38 
6.13976e+14 5.57782e+34 1.02821e+20 3.63227e+38 
6.14362e+14 5.58936e+34 1.02991e+20 3.63434e+38 
6.14747e+14 5.60091e+34 1.03162e+20 3.63641e+38 
6.15133e+14 5.61246e+34 1.03332e+20 3.63848e+38 
6.15519e+14 5.62403e+34 1.03503e+20 3.64056e+38 
6.15905e+14 5.6356e+34 1.03674e+20 3.64263e+38 
6.16292e+14 5.64718e+34 1.03844e+20 3.6447e+38 
6.16678e+14 5.65876e+34 1.04015e+20 3.64678e+38 
6.17065e+14 5.67036e+34 1.04185e+20 3.64886e+38 
6.17453e+14 5.68196e+34 1.04356e+20 3.65093e+38 
6.1784e+14 5.69356e+34 1.04526e+20 3.65301e+38 
6.18228e+14 5.70518e+34 1.04697e+20 3.65509e+38 
6.18616e+14 5.7168e+34 1.04867e+20 3.65717e+38 
6.19004e+14 5.72843e+34 1.05037e+20 3.65925e+38 
6.19392e+14 5.74006e+34 1.05208e+20 3.66133e+38 
6.19781e+14 5.75171e+34 1.05378e+20 3.66341e+38 
6.2017e+14 5.76336e+34 1.05548e+20 3.6655e+38 
6.20559e+14 5.77502e+34 1.05719e+20 3.66758e+38 
6.20948e+14 5.78668e+34 1.05889e+20 3.66967e+38 
6.21338e+14 5.79836e+34 1.06059e+20 3.67175e+38 
6.21728e+14 5.81004e+34 1.0623e+20 3.67384e+38 
6.22118e+14 5.82172e+34 1.064e+20 3.67593e+38 
6.22508e+14 5.83342e+34 1.0657e+20 3.67802e+38 
6.22899e+14 5.84512e+34 1.0674e+20 3.68011e+38 
6.2329e+14 5.85683e+34 1.0691e+20 3.6822e+38 
6.23681e+14 5.86855e+34 1.0708e+20 3.68429e+38 
6.24072e+14 5.88027e+34 1.0725e+20 3.68638e+38 
6.24464e+14 5.892e+34 1.07421e+20 3.68848e+38 
6.24856e+14 5.90374e+34 1.07591e+20 3.69057e+38 
6.25248e+14 5.91549e+34 1.07761e+20 3.69266e+38 
6.2564e+14 5.92724e+34 1.07931e+20 3.69476e+38 
6.26033e+14 5.939e+34 1.08101e+20 3.69686e+38 
6.26426e+14 5.95077e+34 1.08271e+20 3.69896e+38 
6.26819e+14 5.96255e+34 1.08441e+20 3.70106e+38 
6.27212e+14 5.97433e+34 1.08611e+20 3.70316e+38 
6.27606e+14 5.98612e+34 1.0878e+20 3.70526e+38 
6.27999e+14 5.99792e+34 1.0895e+20 3.70736e+38 
6.28393e+14 6.00973e+34 1.0912e+20 3.70946e+38 
6.28788e+14 6.02154e+34 1.0929e+20 3.71156e+38 
6.29182e+14 6.03336e+34 1.0946e+20 3.71367e+38 
6.29577e+14 6.04519e+34 1.0963e+20 3.71577e+38 
6.29972e+14 6.05702e+34 1.09799e+20 3.71788e+38 
6.30367e+14 6.06887e+34 1.09969e+20 3.71999e+38 
6.30763e+14 6.08072e+34 1.10139e+20 3.7221e+38 
6.31159e+14 6.09257e+34 1.10309e+20 3.7242e+38 
6.31555e+14 6.10444e+34 1.10478e+20 3.72631e+38 
6.31951e+14 6.11631e+34 1.10648e+20 3.72843e+38 
6.32348e+14 6.12819e+34 1.10818e+20 3.73054e+38 
6.32744e+14 6.14008e+34 1.10987e+20 3.73265e+38 
6.33141e+14 6.15197e+34 1.11157e+20 3.73476e+38 
6.33539e+14 6.16387e+34 1.11326e+20 3.73688e+38 
6.33936e+14 6.17578e+34 1.11496e+20 3.73899e+38 
6.34334e+14 6.1877e+34 1.11666e+20 3.74111e+38 
6.34732e+14 6.19963e+34 1.11835e+20 3.74323e+38 
6.3513e+14 6.21156e+34 1.12005e+20 3.74535e+38 
6.35529e+14 6.2235e+34 1.12174e+20 3.74747e+38 
6.35928e+14 6.23544e+34 1.12343e+20 3.74959e+38 
6.36327e+14 6.2474e+34 1.12513e+20 3.75171e+38 
6.36726e+14 6.25936e+34 1.12682e+20 3.75383e+38 
6.37126e+14 6.27133e+34 1.12852e+20 3.75595e+38 
6.37525e+14 6.28331e+34 1.13021e+20 3.75808e+38 
6.37925e+14 6.29529e+34 1.1319e+20 3.7602e+38 
6.38326e+14 6.30728e+34 1.1336e+20 3.76233e+38 
6.38726e+14 6.31928e+34 1.13529e+20 3.76445e+38 
6.39127e+14 6.33129e+34 1.13698e+20 3.76658e+38 
6.39528e+14 6.34331e+34 1.13868e+20 3.76871e+38 
6.39929e+14 6.35533e+34 1.14037e+20 3.77084e+38 
6.40331e+14 6.36736e+34 1.14206e+20 3.77297e+38 
6.40733e+14 6.3794e+34 1.14375e+20 3.7751e+38 
6.41135e+14 6.39144e+34 1.14544e+20 3.77723e+38 
6.41537e+14 6.40349e+34 1.14714e+20 3.77937e+38 
6.4194e+14 6.41555e+34 1.14883e+20 3.7815e+38 
6.42342e+14 6.42762e+34 1.15052e+20 3.78364e+38 
6.42746e+14 6.4397e+34 1.15221e+20 3.78577e+38 
6.43149e+14 6.45178e+34 1.1539e+20 3.78791e+38 
6.43552e+14 6.46387e+34 1.15559e+20 3.79005e+38 
6.43956e+14 6.47597e+34 1.15728e+20 3.79219e+38 
6.4436e+14 6.48807e+34 1.15897e+20 3.79433e+38 
6.44765e+14 6.50019e+34 1.16066e+20 3.79647e+38 
6.45169e+14 6.51231e+34 1.16235e+20 3.79861e+38 
6.45574e+14 6.52443e+34 1.16404e+20 3.80075e+38 
6.45979e+14 6.53657e+34 1.16573e+20 3.8029e+38 
6.46384e+14 6.54871e+34 1.16742e+20 3.80504e+38 
6.4679e+14 6.56086e+34 1.16911e+20 3.80719e+38 
6.47196e+14 6.57302e+34 1.17079e+20 3.80933e+38 
6.47602e+14 6.58519e+34 1.17248e+20 3.81148e+38 
6.48008e+14 6.59736e+34 1.17417e+20 3.81363e+38 
6.48415e+14 6.60955e+34 1.17586e+20 3.81578e+38 
6.48822e+14 6.62174e+34 1.17755e+20 3.81793e+38 
6.49229e+14 6.63393e+34 1.17923e+20 3.82008e+38 
6.49636e+14 6.64614e+34 1.18092e+20 3.82223e+38 
6.50044e+14 6.65835e+34 1.18261e+20 3.82438e+38 
6.50452e+14 6.67057e+34 1.1843e+20 3.82654e+38 
6.5086e+14 6.6828e+34 1.18598e+20 3.82869e+38 
6.51269e+14 6.69503e+34 1.18767e+20 3.83085e+38 
6.51677e+14 6.70727e+34 1.18936e+20 3.83301e+38 
6.52086e+14 6.71953e+34 1.19104e+20 3.83516e+38 
6.52495e+14 6.73178e+34 1.19273e+20 3.83732e+38 
6.52905e+14 6.74405e+34 1.19441e+20 3.83948e+38 
6.53314e+14 6.75632e+34 1.1961e+20 3.84164e+38 
6.53724e+14 6.7686e+34 1.19778e+20 3.84381e+38 
6.54135e+14 6.78089e+34 1.19947e+20 3.84597e+38 
6.54545e+14 6.79319e+34 1.20115e+20 3.84813e+38 
6.54956e+14 6.8055e+34 1.20284e+20 3.8503e+38 
6.55367e+14 6.81781e+34 1.20452e+20 3.85246e+38 
6.55778e+14 6.83013e+34 1.20621e+20 3.85463e+38 
6.56189e+14 6.84246e+34 1.20789e+20 3.8568e+38 
6.56601e+14 6.85479e+34 1.20957e+20 3.85896e+38 
6.57013e+14 6.86713e+34 1.21126e+20 3.86113e+38 
6.57425e+14 6.87948e+34 1.21294e+20 3.8633e+38 
6.57838e+14 6.89184e+34 1.21462e+20 3.86547e+38 
6.58251e+14 6.90421e+34 1.21631e+20 3.86765e+38 
6.58664e+14 6.91658e+34 1.21799e+20 3.86982e+38 
6.59077e+14 6.92897e+34 1.21967e+20 3.87199e+38 
6.59491e+14 6.94136e+34 1.22136e+20 3.87417e+38 
6.59905e+14 6.95375e+34 1.22304e+20 3.87634e+38 
6.60319e+14 6.96616e+34 1.22472e+20 3.87852e+38 
6.60733e+14 6.97857e+34 1.2264e+20 3.8807e+38 
6.61148e+14 6.99099e+34 1.22808e+20 3.88288e+38 
6.61562e+14 7.00342e+34 1.22976e+20 3.88506e+38 
6.61978e+14 7.01586e+34 1.23145e+20 3.88724e+38 
6.62393e+14 7.0283e+34 1.23313e+20 3.88942e+38 
6.62809e+14 7.04075e+34 1.23481e+20 3.8916e+38 
6.63224e+14 7.05321e+34 1.23649e+20 3.89379e+38 
6.63641e+14 7.06568e+34 1.23817e+20 3.89597e+38 
6.64057e+14 7.07816e+34 1.23985e+20 3.89816e+38 
6.64474e+14 7.09064e+34 1.24153e+20 3.90034e+38 
6.64891e+14 7.10313e+34 1.24321e+20 3.90253e+38 
6.65308e+14 7.11563e+34 1.24489e+20 3.90472e+38 
6.65725e+14 7.12814e+34 1.24657e+20 3.90691e+38 
6.66143e+14 7.14065e+34 1.24825e+20 3.9091e+38 
6.66561e+14 7.15318e+34 1.24992e+20 3.91129e+38 
6.66979e+14 7.16571e+34 1.2516e+20 3.91348e+38 
6.67398e+14 7.17824e+34 1.25328e+20 3.91568e+38 
6.67817e+14 7.19079e+34 1.25496e+20 3.91787e+38 
6.68236e+14 7.20334e+34 1.25664e+20 3.92006e+38 
6.68655e+14 7.21591e+34 1.25832e+20 3.92226e+38 
6.69075e+14 7.22848e+34 1.25999e+20 3.92446e+38 
6.69494e+14 7.24105e+34 1.26167e+20 3.92666e+38 
6.69915e+14 7.25364e+34 1.26335e+20 3.92886e+38 
6.70335e+14 7.26623e+34 1.26503e+20 3.93106e+38 
6.70756e+14 7.27883e+34 1.2667e+20 3.93326e+38 
6.71176e+14 7.29144e+34 1.26838e+20 3.93546e+38 
6.71598e+14 7.30406e+34 1.27006e+20 3.93766e+38 
6.72019e+14 7.31669e+34 1.27173e+20 3.93987e+38 
6.72441e+14 7.32932e+34 1.27341e+20 3.94207e+38 
6.72863e+14 7.34196e+34 1.27508e+20 3.94428e+38 
6.73285e+14 7.35461e+34 1.27676e+20 3.94648e+38 
6.73707e+14 7.36727e+34 1.27844e+20 3.94869e+38 
6.7413e+14 7.37993e+34 1.28011e+20 3.9509e+38 
6.74553e+14 7.3926e+34 1.28179e+20 3.95311e+38 
6.74976e+14 7.40528e+34 1.28346e+20 3.95532e+38 
6.754e+14 7.41797e+34 1.28514e+20 3.95753e+38 
6.75824e+14 7.43067e+34 1.28681e+20 3.95974e+38 
6.76248e+14 7.44337e+34 1.28848e+20 3.96196e+38 
6.76672e+14 7.45609e+34 1.29016e+20 3.96417e+38 
6.77097e+14 7.46881e+34 1.29183e+20 3.96639e+38 
6.77522e+14 7.48153e+34 1.29351e+20 3.9686e+38 
6.77947e+14 7.49427e+34 1.29518e+20 3.97082e+38 
6.78372e+14 7.50702e+34 1.29685e+20 3.97304e+38 
6.78798e+14 7.51977e+34 1.29853e+20 3.97526e+38 
6.79224e+14 7.53253e+34 1.3002e+20 3.97748e+38 
6.7965e+14 7.5453e+34 1.30187e+20 3.9797e+38 
6.80076e+14 7.55807e+34 1.30354e+20 3.98192e+38 
6.80503e+14 7.57086e+34 1.30522e+20 3.98415e+38 
6.8093e+14 7.58365e+34 1.30689e+20 3.98637e+38 
6.81357e+14 7.59645e+34 1.30856e+20 3.9886e+38 
6.81785e+14 7.60926e+34 1.31023e+20 3.99082e+38 
6.82213e+14 7.62208e+34 1.3119e+20 3.99305e+38 
6.82641e+14 7.6349e+34 1.31358e+20 3.99528e+38 
6.83069e+14 7.64773e+34 1.31525e+20 3.99751e+38 
6.83498e+14 7.66057e+34 1.31692e+20 3.99974e+38 
6.83927e+14 7.67342e+34 1.31859e+20 4.00197e+38 
6.84356e+14 7.68628e+34 1.32026e+20 4.0042e+38 
6.84785e+14 7.69914e+34 1.32193e+20 4.00644e+38 
6.85215e+14 7.71202e+34 1.3236e+20 4.00867e+38 
6.85645e+14 7.7249e+34 1.32527e+20 4.01091e+38 
6.86075e+14 7.73779e+34 1.32694e+20 4.01314e+38 
6.86506e+14 7.75069e+34 1.32861e+20 4.01538e+38 
6.86936e+14 7.76359e+34 1.33028e+20 4.01762e+38 
6.87368e+14 7.7765e+34 1.33195e+20 4.01986e+38 
6.87799e+14 7.78943e+34 1.33362e+20 4.0221e+38 
6.8823e+14 7.80236e+34 1.33529e+20 4.02434e+38 
6.88662e+14 7.81529e+34 1.33696e+20 4.02658e+38 
6.89094e+14 7.82824e+34 1.33862e+20 4.02882e+38 
6.89527e+14 7.84119e+34 1.34029e+20 4.03107e+38 
6.89959e+14 7.85416e+34 1.34196e+20 4.03331e+38 
6.90392e+14 7.86713e+34 1.34363e+20 4.03556e+38 
6.90826e+14 7.8801e+34 1.3453e+20 4.03781e+38 
6.91259e+14 7.89309e+34 1.34696e+20 4.04005e+38 
6.91693e+14 7.90609e+34 1.34863e+20 4.0423e+38 
6.92127e+14 7.91909e+34 1.3503e+20 4.04455e+38 
6.92561e+14 7.9321e+34 1.35196e+20 4.0468e+38 
6.92996e+14 7.94512e+34 1.35363e+20 4.04906e+38 
6.93431e+14 7.95815e+34 1.3553e+20 4.05131e+38 
6.93866e+14 7.97118e+34 1.35696e+20 4.05356e+38 
6.94301e+14 7.98423e+34 1.35863e+20 4.05582e+38 
6.94737e+14 7.99728e+34 1.3603e+20 4.05808e+38 
6.95173e+14 8.01034e+34 1.36196e+20 4.06033e+38 
6.95609e+14 8.02341e+34 1.36363e+20 4.06259e+38 
6.96045e+14 8.03648e+34 1.36529e+20 4.06485e+38 
6.96482e+14 8.04957e+34 1.36696e+20 4.06711e+38 
6.96919e+14 8.06266e+34 1.36862e+20 4.06937e+38 
6.97357e+14 8.07576e+34 1.37029e+20 4.07163e+38 
6.97794e+14 8.08887e+34 1.37195e+20 4.0739e+38 
6.98232e+14 8.10199e+34 1.37362e+20 4.07616e+38 
6.9867e+14 8.11511e+34 1.37528e+20 4.07842e+38 
6.99109e+14 8.12825e+34 1.37695e+20 4.08069e+38 
6.99547e+14 8.14139e+34 1.37861e+20 4.08296e+38 
6.99986e+14 8.15454e+34 1.38027e+20 4.08523e+38 
7.00425e+14 8.1677e+34 1.38194e+20 4.0875e+38 
7.00865e+14 8.18087e+34 1.3836e+20 4.08977e+38 
7.01305e+14 8.19404e+34 1.38526e+20 4.09204e+38 
7.01745e+14 8.20723e+34 1.38693e+20 4.09431e+38 
7.02185e+14 8.22042e+34 1.38859e+20 4.09658e+38 
7.02626e+14 8.23362e+34 1.39025e+20 4.09886e+38 
7.03067e+14 8.24683e+34 1.39191e+20 4.10113e+38 
7.03508e+14 8.26004e+34 1.39358e+20 4.10341e+38 
7.03949e+14 8.27327e+34 1.39524e+20 4.10568e+38 
7.04391e+14 8.2865e+34 1.3969e+20 4.10796e+38 
7.04833e+14 8.29974e+34 1.39856e+20 4.11024e+38 
7.05275e+14 8.31299e+34 1.40022e+20 4.11252e+38 
7.05718e+14 8.32625e+34 1.40189e+20 4.1148e+38 
7.06161e+14 8.33952e+34 1.40355e+20 4.11708e+38 
7.06604e+14 8.35279e+34 1.40521e+20 4.11937e+38 
7.07047e+14 8.36607e+34 1.40687e+20 4.12165e+38 
7.07491e+14 8.37937e+34 1.40853e+20 4.12394e+38 
7.07935e+14 8.39267e+34 1.41019e+20 4.12622e+38 
7.08379e+14 8.40597e+34 1.41185e+20 4.12851e+38 
7.08823e+14 8.41929e+34 1.41351e+20 4.1308e+38 
7.09268e+14 8.43262e+34 1.41517e+20 4.13309e+38 
7.09713e+14 8.44595e+34 1.41683e+20 4.13538e+38 
7.10159e+14 8.45929e+34 1.41849e+20 4.13767e+38 
7.10604e+14 8.47264e+34 1.42015e+20 4.13996e+38 
7.1105e+14 8.486e+34 1.42181e+20 4.14226e+38 
7.11496e+14 8.49937e+34 1.42346e+20 4.14455e+38 
7.11943e+14 8.51274e+34 1.42512e+20 4.14684e+38 
7.12389e+14 8.52612e+34 1.42678e+20 4.14914e+38 
7.12836e+14 8.53952e+34 1.42844e+20 4.15144e+38 
7.13284e+14 8.55292e+34 1.4301e+20 4.15374e+38 
7.13731e+14 8.56633e+34 1.43176e+20 4.15604e+38 
7.14179e+14 8.57974e+34 1.43341e+20 4.15834e+38 
7.14627e+14 8.59317e+34 1.43507e+20 4.16064e+38 
7.15076e+14 8.6066e+34 1.43673e+20 4.16294e+38 
7.15524e+14 8.62004e+34 1.43839e+20 4.16524e+38 
7.15973e+14 8.6335e+34 1.44004e+20 4.16755e+38 
7.16423e+14 8.64695e+34 1.4417e+20 4.16985e+38 
7.16872e+14 8.66042e+34 1.44336e+20 4.17216e+38 
7.17322e+14 8.6739e+34 1.44501e+20 4.17447e+38 
7.17772e+14 8.68738e+34 1.44667e+20 4.17678e+38 
7.18223e+14 8.70088e+34 1.44833e+20 4.17909e+38 
7.18673e+14 8.71438e+34 1.44998e+20 4.1814e+38 
7.19124e+14 8.72789e+34 1.45164e+20 4.18371e+38 
7.19575e+14 8.74141e+34 1.45329e+20 4.18602e+38 
7.20027e+14 8.75493e+34 1.45495e+20 4.18834e+38 
7.20479e+14 8.76847e+34 1.4566e+20 4.19065e+38 
7.20931e+14 8.78201e+34 1.45826e+20 4.19297e+38 
7.21383e+14 8.79557e+34 1.45991e+20 4.19528e+38 
7.21836e+14 8.80913e+34 1.46157e+20 4.1976e+38 
7.22289e+14 8.8227e+34 1.46322e+20 4.19992e+38 
7.22742e+14 8.83627e+34 1.46488e+20 4.20224e+38 
7.23196e+14 8.84986e+34 1.46653e+20 4.20456e+38 
7.23649e+14 8.86346e+34 1.46819e+20 4.20688e+38 
7.24104e+14 8.87706e+34 1.46984e+20 4.2092e+38 
7.24558e+14 8.89067e+34 1.47149e+20 4.21153e+38 
7.25013e+14 8.90429e+34 1.47315e+20 4.21385e+38 
7.25467e+14 8.91792e+34 1.4748e+20 4.21618e+38 
7.25923e+14 8.93156e+34 1.47645e+20 4.21851e+38 
7.26378e+14 8.94521e+34 1.47811e+20 4.22084e+38 
7.26834e+14 8.95886e+34 1.47976e+20 4.22316e+38 
7.2729e+14 8.97252e+34 1.48141e+20 4.22549e+38 
7.27746e+14 8.9862e+34 1.48306e+20 4.22783e+38 
7.28203e+14 8.99988e+34 1.48472e+20 4.23016e+38 
7.2866e+14 9.01357e+34 1.48637e+20 4.23249e+38 
7.29117e+14 9.02726e+34 1.48802e+20 4.23483e+38 
7.29575e+14 9.04097e+34 1.48967e+20 4.23716e+38 
7.30033e+14 9.05469e+34 1.49132e+20 4.2395e+38 
7.30491e+14 9.06841e+34 1.49297e+20 4.24183e+38 
7.30949e+14 9.08214e+34 1.49463e+20 4.24417e+38 
7.31408e+14 9.09588e+34 1.49628e+20 4.24651e+38 
7.31867e+14 9.10963e+34 1.49793e+20 4.24885e+38 
7.32326e+14 9.12339e+34 1.49958e+20 4.25119e+38 
7.32785e+14 9.13716e+34 1.50123e+20 4.25354e+38 
7.33245e+14 9.15093e+34 1.50288e+20 4.25588e+38 
7.33705e+14 9.16472e+34 1.50453e+20 4.25823e+38 
7.34166e+14 9.17851e+34 1.50618e+20 4.26057e+38 
7.34626e+14 9.19231e+34 1.50783e+20 4.26292e+38 
7.35087e+14 9.20612e+34 1.50948e+20 4.26527e+38 
7.35549e+14 9.21994e+34 1.51113e+20 4.26761e+38 
7.3601e+14 9.23377e+34 1.51278e+20 4.26996e+38 
7.36472e+14 9.2476e+34 1.51442e+20 4.27232e+38 
7.36934e+14 9.26145e+34 1.51607e+20 4.27467e+38 
7.37397e+14 9.2753e+34 1.51772e+20 4.27702e+38 
7.37859e+14 9.28916e+34 1.51937e+20 4.27937e+38 
7.38322e+14 9.30303e+34 1.52102e+20 4.28173e+38 
7.38786e+14 9.31691e+34 1.52267e+20 4.28409e+38 
7.39249e+14 9.3308e+34 1.52431e+20 4.28644e+38 
7.39713e+14 9.3447e+34 1.52596e+20 4.2888e+38 
7.40177e+14 9.3586e+34 1.52761e+20 4.29116e+38 
7.40642e+14 9.37252e+34 1.52926e+20 4.29352e+38 
7.41106e+14 9.38644e+34 1.5309e+20 4.29588e+38 
7.41571e+14 9.40037e+34 1.53255e+20 4.29824e+38 
7.42037e+14 9.41431e+34 1.5342e+20 4.30061e+38 
7.42502e+14 9.42826e+34 1.53585e+20 4.30297e+38 
7.42968e+14 9.44222e+34 1.53749e+20 4.30534e+38 
7.43434e+14 9.45619e+34 1.53914e+20 4.30771e+38 
7.43901e+14 9.47016e+34 1.54078e+20 4.31007e+38 
7.44368e+14 9.48415e+34 1.54243e+20 4.31244e+38 
7.44835e+14 9.49814e+34 1.54408e+20 4.31481e+38 
7.45302e+14 9.51214e+34 1.54572e+20 4.31718e+38 
7.4577e+14 9.52615e+34 1.54737e+20 4.31955e+38 
7.46238e+14 9.54017e+34 1.54901e+20 4.32193e+38 
7.46706e+14 9.5542e+34 1.55066e+20 4.3243e+38 
7.47175e+14 9.56824e+34 1.5523e+20 4.32668e+38 
7.47644e+14 9.58228e+34 1.55395e+20 4.32905e+38 
7.48113e+14 9.59634e+34 1.55559e+20 4.33143e+38 
7.48582e+14 9.6104e+34 1.55724e+20 4.33381e+38 
7.49052e+14 9.62447e+34 1.55888e+20 4.33619e+38 
7.49522e+14 9.63855e+34 1.56053e+20 4.33857e+38 
7.49992e+14 9.65264e+34 1.56217e+20 4.34095e+38 
7.50463e+14 9.66674e+34 1.56381e+20 4.34333e+38 
7.50934e+14 9.68085e+34 1.56546e+20 4.34571e+38 
7.51405e+14 9.69497e+34 1.5671e+20 4.3481e+38 
7.51876e+14 9.70909e+34 1.56874e+20 4.35049e+38 
7.52348e+14 9.72323e+34 1.57039e+20 4.35287e+38 
7.5282e+14 9.73737e+34 1.57203e+20 4.35526e+38 
7.53293e+14 9.75152e+34 1.57367e+20 4.35765e+38 
7.53765e+14 9.76568e+34 1.57531e+20 4.36004e+38 
7.54238e+14 9.77985e+34 1.57696e+20 4.36243e+38 
7.54712e+14 9.79403e+34 1.5786e+20 4.36482e+38 
7.55185e+14 9.80822e+34 1.58024e+20 4.36721e+38 
7.55659e+14 9.82241e+34 1.58188e+20 4.36961e+38 
7.56133e+14 9.83662e+34 1.58353e+20 4.372e+38 
7.56608e+14 9.85083e+34 1.58517e+20 4.3744e+38 
7.57082e+14 9.86506e+34 1.58681e+20 4.3768e+38 
7.57557e+14 9.87929e+34 1.58845e+20 4.3792e+38 
7.58033e+14 9.89353e+34 1.59009e+20 4.3816e+38 
7.58508e+14 9.90778e+34 1.59173e+20 4.384e+38 
7.58984e+14 9.92204e+34 1.59337e+20 4.3864e+38 
7.59461e+14 9.93631e+34 1.59501e+20 4.3888e+38 
7.59937e+14 9.95058e+34 1.59665e+20 4.3912e+38 
7.60414e+14 9.96487e+34 1.59829e+20 4.39361e+38 
7.60891e+14 9.97916e+34 1.59993e+20 4.39601e+38 
7.61369e+14 9.99347e+34 1.60157e+20 4.39842e+38 
7.61846e+14 1.00078e+35 1.60321e+20 4.40083e+38 
7.62324e+14 1.00221e+35 1.60485e+20 4.40324e+38 
7.62803e+14 1.00364e+35 1.60649e+20 4.40565e+38 
7.63281e+14 1.00508e+35 1.60813e+20 4.40806e+38 
7.6376e+14 1.00651e+35 1.60977e+20 4.41047e+38 
7.6424e+14 1.00795e+35 1.61141e+20 4.41289e+38 
7.64719e+14 1.00938e+35 1.61305e+20 4.4153e+38 
7.65199e+14 1.01082e+35 1.61469e+20 4.41772e+38 
7.65679e+14 1.01226e+35 1.61632e+20 4.42013e+38 
7.6616e+14 1.0137e+35 1.61796e+20 4.42255e+38 
7.6664e+14 1.01514e+35 1.6196e+20 4.42497e+38 
7.67122e+14 1.01658e+35 1.62124e+20 4.42739e+38 
7.67603e+14 1.01802e+35 1.62288e+20 4.42981e+38 
7.68085e+14 1.01947e+35 1.62451e+20 4.43223e+38 
7.68567e+14 1.02091e+35 1.62615e+20 4.43465e+38 
7.69049e+14 1.02236e+35 1.62779e+20 4.43708e+38 
7.69531e+14 1.0238e+35 1.62943e+20 4.4395e+38 
7.70014e+14 1.02525e+35 1.63106e+20 4.44193e+38 
7.70497e+14 1.0267e+35 1.6327e+20 4.44436e+38 
7.70981e+14 1.02814e+35 1.63434e+20 4.44679e+38 
7.71465e+14 1.02959e+35 1.63597e+20 4.44922e+38 
7.71949e+14 1.03104e+35 1.63761e+20 4.45165e+38 
7.72433e+14 1.03249e+35 1.63924e+20 4.45408e+38 
7.72918e+14 1.03395e+35 1.64088e+20 4.45651e+38 
7.73403e+14 1.0354e+35 1.64252e+20 4.45895e+38 
7.73888e+14 1.03685e+35 1.64415e+20 4.46138e+38 
7.74374e+14 1.03831e+35 1.64579e+20 4.46382e+38 
7.7486e+14 1.03976e+35 1.64742e+20 4.46625e+38 
7.75346e+14 1.04122e+35 1.64906e+20 4.46869e+38 
7.75832e+14 1.04268e+35 1.65069e+20 4.47113e+38 
7.76319e+14 1.04414e+35 1.65233e+20 4.47357e+38 
7.76806e+14 1.0456e+35 1.65396e+20 4.47601e+38 
7.77294e+14 1.04706e+35 1.6556e+20 4.47846e+38 
7.77782e+14 1.04852e+35 1.65723e+20 4.4809e+38 
7.7827e+14 1.04998e+35 1.65886e+20 4.48334e+38 
7.78758e+14 1.05144e+35 1.6605e+20 4.48579e+38 
7.79247e+14 1.05291e+35 1.66213e+20 4.48824e+38 
7.79736e+14 1.05437e+35 1.66377e+20 4.49068e+38 
7.80225e+14 1.05584e+35 1.6654e+20 4.49313e+38 
7.80714e+14 1.0573e+35 1.66703e+20 4.49558e+38 
7.81204e+14 1.05877e+35 1.66867e+20 4.49804e+38 
7.81694e+14 1.06024e+35 1.6703e+20 4.50049e+38 
7.82185e+14 1.06171e+35 1.67193e+20 4.50294e+38 
7.82676e+14 1.06318e+35 1.67356e+20 4.5054e+38 
7.83167e+14 1.06465e+35 1.6752e+20 4.50785e+38 
7.83658e+14 1.06612e+35 1.67683e+20 4.51031e+38 
7.8415e+14 1.0676e+35 1.67846e+20 4.51277e+38 
7.84642e+14 1.06907e+35 1.68009e+20 4.51522e+38 
7.85134e+14 1.07055e+35 1.68172e+20 4.51768e+38 
7.85627e+14 1.07202e+35 1.68336e+20 4.52015e+38 
7.8612e+14 1.0735e+35 1.68499e+20 4.52261e+38 
7.86613e+14 1.07498e+35 1.68662e+20 4.52507e+38 
7.87107e+14 1.07645e+35 1.68825e+20 4.52754e+38 
7.87601e+14 1.07793e+35 1.68988e+20 4.53e+38 
7.88095e+14 1.07942e+35 1.69151e+20 4.53247e+38 
7.8859e+14 1.0809e+35 1.69314e+20 4.53494e+38 
7.89084e+14 1.08238e+35 1.69477e+20 4.5374e+38 
7.8958e+14 1.08386e+35 1.6964e+20 4.53987e+38 
7.90075e+14 1.08535e+35 1.69803e+20 4.54235e+38 
7.90571e+14 1.08683e+35 1.69966e+20 4.54482e+38 
7.91067e+14 1.08832e+35 1.70129e+20 4.54729e+38 
7.91563e+14 1.08981e+35 1.70292e+20 4.54977e+38 
7.9206e+14 1.09129e+35 1.70455e+20 4.55224e+38 
7.92557e+14 1.09278e+35 1.70618e+20 4.55472e+38 
7.93054e+14 1.09427e+35 1.70781e+20 4.5572e+38 
7.93552e+14 1.09576e+35 1.70944e+20 4.55967e+38 
7.9405e+14 1.09725e+35 1.71107e+20 4.56215e+38 
7.94548e+14 1.09875e+35 1.7127e+20 4.56464e+38 
7.95047e+14 1.10024e+35 1.71433e+20 4.56712e+38 
7.95546e+14 1.10174e+35 1.71595e+20 4.5696e+38 
7.96045e+14 1.10323e+35 1.71758e+20 4.57208e+38 
7.96544e+14 1.10473e+35 1.71921e+20 4.57457e+38 
7.97044e+14 1.10623e+35 1.72084e+20 4.57706e+38 
7.97544e+14 1.10772e+35 1.72247e+20 4.57954e+38 
7.98045e+14 1.10922e+35 1.72409e+20 4.58203e+38 
7.98545e+14 1.11072e+35 1.72572e+20 4.58452e+38 
7.99047e+14 1.11222e+35 1.72735e+20 4.58701e+38 
7.99548e+14 1.11373e+35 1.72898e+20 4.58951e+38 
8.0005e+14 1.11523e+35 1.7306e+20 4.592e+38 
8.00552e+14 1.11673e+35 1.73223e+20 4.59449e+38 
8.01054e+14 1.11824e+35 1.73386e+20 4.59699e+38 
8.01557e+14 1.11974e+35 1.73548e+20 4.59949e+38 
8.0206e+14 1.12125e+35 1.73711e+20 4.60198e+38 
8.02563e+14 1.12276e+35 1.73874e+20 4.60448e+38 
8.03067e+14 1.12427e+35 1.74036e+20 4.60698e+38 
8.0357e+14 1.12578e+35 1.74199e+20 4.60948e+38 
8.04075e+14 1.12729e+35 1.74361e+20 4.61198e+38 
8.04579e+14 1.1288e+35 1.74524e+20 4.61449e+38 
8.05084e+14 1.13031e+35 1.74687e+20 4.61699e+38 
8.05589e+14 1.13183e+35 1.74849e+20 4.6195e+38 
8.06095e+14 1.13334e+35 1.75012e+20 4.622e+38 
8.06601e+14 1.13485e+35 1.75174e+20 4.62451e+38 
8.07107e+14 1.13637e+35 1.75337e+20 4.62702e+38 
8.07613e+14 1.13789e+35 1.75499e+20 4.62953e+38 
8.0812e+14 1.13941e+35 1.75661e+20 4.63204e+38 
8.08627e+14 1.14093e+35 1.75824e+20 4.63455e+38 
8.09134e+14 1.14245e+35 1.75986e+20 4.63707e+38 
8.09642e+14 1.14397e+35 1.76149e+20 4.63958e+38 
8.1015e+14 1.14549e+35 1.76311e+20 4.6421e+38 
8.10659e+14 1.14701e+35 1.76473e+20 4.64461e+38 
8.11167e+14 1.14854e+35 1.76636e+20 4.64713e+38 
8.11676e+14 1.15006e+35 1.76798e+20 4.64965e+38 
8.12186e+14 1.15159e+35 1.76961e+20 4.65217e+38 
8.12695e+14 1.15311e+35 1.77123e+20 4.65469e+38 
8.13205e+14 1.15464e+35 1.77285e+20 4.65721e+38 
8.13715e+14 1.15617e+35 1.77447e+20 4.65974e+38 
8.14226e+14 1.1577e+35 1.7761e+20 4.66226e+38 
8.14737e+14 1.15923e+35 1.77772e+20 4.66479e+38 
8.15248e+14 1.16076e+35 1.77934e+20 4.66731e+38 
8.1576e+14 1.16229e+35 1.78096e+20 4.66984e+38 
8.16272e+14 1.16383e+35 1.78259e+20 4.67237e+38 
8.16784e+14 1.16536e+35 1.78421e+20 4.6749e+38 
8.17296e+14 1.1669e+35 1.78583e+20 4.67743e+38 
8.17809e+14 1.16843e+35 1.78745e+20 4.67997e+38 
8.18322e+14 1.16997e+35 1.78907e+20 4.6825e+38 
8.18836e+14 1.17151e+35 1.79069e+20 4.68503e+38 
8.1935e+14 1.17305e+35 1.79231e+20 4.68757e+38 
8.19864e+14 1.17459e+35 1.79394e+20 4.69011e+38 
8.20378e+14 1.17613e+35 1.79556e+20 4.69265e+38 
8.20893e+14 1.17767e+35 1.79718e+20 4.69518e+38 
8.21408e+14 1.17922e+35 1.7988e+20 4.69772e+38 
8.21924e+14 1.18076e+35 1.80042e+20 4.70027e+38 
8.22439e+14 1.18231e+35 1.80204e+20 4.70281e+38 
8.22955e+14 1.18385e+35 1.80366e+20 4.70535e+38 
8.23472e+14 1.1854e+35 1.80528e+20 4.7079e+38 
8.23988e+14 1.18695e+35 1.8069e+20 4.71044e+38 
8.24506e+14 1.1885e+35 1.80852e+20 4.71299e+38 
8.25023e+14 1.19005e+35 1.81014e+20 4.71554e+38 
8.25541e+14 1.1916e+35 1.81176e+20 4.71809e+38 
8.26059e+14 1.19315e+35 1.81338e+20 4.72064e+38 
8.26577e+14 1.1947e+35 1.81499e+20 4.72319e+38 
8.27096e+14 1.19625e+35 1.81661e+20 4.72574e+38 
8.27615e+14 1.19781e+35 1.81823e+20 4.7283e+38 
8.28134e+14 1.19937e+35 1.81985e+20 4.73085e+38 
8.28654e+14 1.20092e+35 1.82147e+20 4.73341e+38 
8.29174e+14 1.20248e+35 1.82309e+20 4.73597e+38 
8.29694e+14 1.20404e+35 1.82471e+20 4.73853e+38 
8.30214e+14 1.2056e+35 1.82632e+20 4.74109e+38 
8.30735e+14 1.20716e+35 1.82794e+20 4.74365e+38 
8.31257e+14 1.20872e+35 1.82956e+20 4.74621e+38 
8.31778e+14 1.21028e+35 1.83118e+20 4.74877e+38 
8.323e+14 1.21185e+35 1.83279e+20 4.75134e+38 
8.32822e+14 1.21341e+35 1.83441e+20 4.7539e+38 
8.33345e+14 1.21498e+35 1.83603e+20 4.75647e+38 
8.33868e+14 1.21654e+35 1.83764e+20 4.75904e+38 
8.34391e+14 1.21811e+35 1.83926e+20 4.76161e+38 
8.34915e+14 1.21968e+35 1.84088e+20 4.76418e+38 
8.35439e+14 1.22125e+35 1.84249e+20 4.76675e+38 
8.35963e+14 1.22282e+35 1.84411e+20 4.76932e+38 
8.36487e+14 1.22439e+35 1.84573e+20 4.77189e+38 
8.37012e+14 1.22596e+35 1.84734e+20 4.77447e+38 
8.37538e+14 1.22754e+35 1.84896e+20 4.77704e+38 
8.38063e+14 1.22911e+35 1.85057e+20 4.77962e+38 
8.38589e+14 1.23069e+35 1.85219e+20 4.7822e+38 
8.39115e+14 1.23226e+35 1.85381e+20 4.78478e+38 
8.39642e+14 1.23384e+35 1.85542e+20 4.78736e+38 
8.40169e+14 1.23542e+35 1.85704e+20 4.78994e+38 
8.40696e+14 1.237e+35 1.85865e+20 4.79252e+38 
8.41223e+14 1.23858e+35 1.86027e+20 4.79511e+38 
8.41751e+14 1.24016e+35 1.86188e+20 4.79769e+38 
8.42279e+14 1.24174e+35 1.86349e+20 4.80028e+38 
8.42808e+14 1.24333e+35 1.86511e+20 4.80287e+38 
8.43337e+14 1.24491e+35 1.86672e+20 4.80545e+38 
8.43866e+14 1.2465e+35 1.86834e+20 4.80804e+38 
8.44395e+14 1.24808e+35 1.86995e+20 4.81063e+38 
8.44925e+14 1.24967e+35 1.87157e+20 4.81323e+38 
8.45455e+14 1.25126e+35 1.87318e+20 4.81582e+38 
8.45986e+14 1.25285e+35 1.87479e+20 4.81841e+38 
8.46517e+14 1.25444e+35 1.87641e+20 4.82101e+38 
8.47048e+14 1.25603e+35 1.87802e+20 4.82361e+38 
8.4758e+14 1.25762e+35 1.87963e+20 4.8262e+38 
8.48111e+14 1.25921e+35 1.88124e+20 4.8288e+38 
8.48644e+14 1.26081e+35 1.88286e+20 4.8314e+38 
8.49176e+14 1.2624e+35 1.88447e+20 4.83401e+38 
8.49709e+14 1.264e+35 1.88608e+20 4.83661e+38 
8.50242e+14 1.2656e+35 1.8877e+20 4.83921e+38 
8.50776e+14 1.2672e+35 1.88931e+20 4.84182e+38 
8.51309e+14 1.2688e+35 1.89092e+20 4.84442e+38 
8.51844e+14 1.2704e+35 1.89253e+20 4.84703e+38 
8.52378e+14 1.272e+35 1.89414e+20 4.84964e+38 
8.52913e+14 1.2736e+35 1.89575e+20 4.85225e+38 
8.53448e+14 1.2752e+35 1.89737e+20 4.85486e+38 
8.53984e+14 1.27681e+35 1.89898e+20 4.85747e+38 
8.5452e+14 1.27841e+35 1.90059e+20 4.86008e+38 
8.55056e+14 1.28002e+35 1.9022e+20 4.8627e+38 
8.55592e+14 1.28163e+35 1.90381e+20 4.86531e+38 
8.56129e+14 1.28324e+35 1.90542e+20 4.86793e+38 
8.56666e+14 1.28484e+35 1.90703e+20 4.87055e+38 
8.57204e+14 1.28646e+35 1.90864e+20 4.87317e+38 
8.57742e+14 1.28807e+35 1.91025e+20 4.87579e+38 
8.5828e+14 1.28968e+35 1.91186e+20 4.87841e+38 
8.58819e+14 1.29129e+35 1.91347e+20 4.88103e+38 
8.59358e+14 1.29291e+35 1.91508e+20 4.88365e+38 
8.59897e+14 1.29452e+35 1.91669e+20 4.88628e+38 
8.60436e+14 1.29614e+35 1.9183e+20 4.8889e+38 
8.60976e+14 1.29776e+35 1.91991e+20 4.89153e+38 
8.61517e+14 1.29937e+35 1.92152e+20 4.89416e+38 
8.62057e+14 1.30099e+35 1.92313e+20 4.89679e+38 
8.62598e+14 1.30261e+35 1.92474e+20 4.89942e+38 
8.63139e+14 1.30424e+35 1.92635e+20 4.90205e+38 
8.63681e+14 1.30586e+35 1.92796e+20 4.90468e+38 
8.64223e+14 1.30748e+35 1.92956e+20 4.90732e+38 
8.64765e+14 1.30911e+35 1.93117e+20 4.90995e+38 
8.65308e+14 1.31073e+35 1.93278e+20 4.91259e+38 
8.65851e+14 1.31236e+35 1.93439e+20 4.91523e+38 
8.66394e+14 1.31399e+35 1.936e+20 4.91787e+38 
8.66938e+14 1.31562e+35 1.93761e+20 4.92051e+38 
8.67482e+14 1.31725e+35 1.93921e+20 4.92315e+38 
8.68026e+14 1.31888e+35 1.94082e+20 4.92579e+38 
8.68571e+14 1.32051e+35 1.94243e+20 4.92843e+38 
8.69116e+14 1.32214e+35 1.94404e+20 4.93108e+38 
8.69661e+14 1.32377e+35 1.94564e+20 4.93373e+38 
8.70207e+14 1.32541e+35 1.94725e+20 4.93637e+38 
8.70753e+14 1.32705e+35 1.94886e+20 4.93902e+38 
8.71299e+14 1.32868e+35 1.95046e+20 4.94167e+38 
8.71846e+14 1.33032e+35 1.95207e+20 4.94432e+38 
8.72393e+14 1.33196e+35 1.95368e+20 4.94697e+38 
8.7294e+14 1.3336e+35 1.95528e+20 4.94963e+38 
8.73488e+14 1.33524e+35 1.95689e+20 4.95228e+38 
8.74036e+14 1.33688e+35 1.95849e+20 4.95494e+38 
8.74585e+14 1.33853e+35 1.9601e+20 4.95759e+38 
8.75134e+14 1.34017e+35 1.96171e+20 4.96025e+38 
8.75683e+14 1.34181e+35 1.96331e+20 4.96291e+38 
8.76232e+14 1.34346e+35 1.96492e+20 4.96557e+38 
8.76782e+14 1.34511e+35 1.96652e+20 4.96823e+38 
8.77332e+14 1.34676e+35 1.96813e+20 4.9709e+38 
8.77883e+14 1.34841e+35 1.96973e+20 4.97356e+38 
8.78434e+14 1.35006e+35 1.97134e+20 4.97622e+38 
8.78985e+14 1.35171e+35 1.97294e+20 4.97889e+38 
8.79536e+14 1.35336e+35 1.97455e+20 4.98156e+38 
8.80088e+14 1.35501e+35 1.97615e+20 4.98423e+38 
8.8064e+14 1.35667e+35 1.97776e+20 4.9869e+38 
8.81193e+14 1.35832e+35 1.97936e+20 4.98957e+38 
8.81746e+14 1.35998e+35 1.98096e+20 4.99224e+38 
8.82299e+14 1.36164e+35 1.98257e+20 4.99491e+38 
8.82853e+14 1.3633e+35 1.98417e+20 4.99759e+38 
8.83407e+14 1.36496e+35 1.98578e+20 5.00026e+38 
8.83961e+14 1.36662e+35 1.98738e+20 5.00294e+38 
8.84516e+14 1.36828e+35 1.98898e+20 5.00562e+38 
8.85071e+14 1.36994e+35 1.99059e+20 5.0083e+38 
8.85626e+14 1.3716e+35 1.99219e+20 5.01098e+38 
8.86182e+14 1.37327e+35 1.99379e+20 5.01366e+38 
8.86738e+14 1.37493e+35 1.9954e+20 5.01634e+38 
8.87295e+14 1.3766e+35 1.997e+20 5.01903e+38 
8.87851e+14 1.37827e+35 1.9986e+20 5.02171e+38 
8.88408e+14 1.37994e+35 2.0002e+20 5.0244e+38 
8.88966e+14 1.38161e+35 2.00181e+20 5.02709e+38 
8.89524e+14 1.38328e+35 2.00341e+20 5.02978e+38 
8.90082e+14 1.38495e+35 2.00501e+20 5.03247e+38 
8.9064e+14 1.38663e+35 2.00661e+20 5.03516e+38 
8.91199e+14 1.3883e+35 2.00821e+20 5.03785e+38 
8.91758e+14 1.38998e+35 2.00981e+20 5.04055e+38 
8.92318e+14 1.39165e+35 2.01142e+20 5.04324e+38 
8.92878e+14 1.39333e+35 2.01302e+20 5.04594e+38 
8.93438e+14 1.39501e+35 2.01462e+20 5.04864e+38 
8.93999e+14 1.39669e+35 2.01622e+20 5.05134e+38 
8.9456e+14 1.39837e+35 2.01782e+20 5.05404e+38 
8.95121e+14 1.40005e+35 2.01942e+20 5.05674e+38 
8.95683e+14 1.40173e+35 2.02102e+20 5.05944e+38 
8.96245e+14 1.40342e+35 2.02262e+20 5.06214e+38 
8.96807e+14 1.4051e+35 2.02422e+20 5.06485e+38 
8.9737e+14 1.40679e+35 2.02582e+20 5.06755e+38 
8.97933e+14 1.40847e+35 2.02742e+20 5.07026e+38 
8.98497e+14 1.41016e+35 2.02902e+20 5.07297e+38 
8.9906e+14 1.41185e+35 2.03062e+20 5.07568e+38 
8.99624e+14 1.41354e+35 2.03222e+20 5.07839e+38 
9.00189e+14 1.41523e+35 2.03382e+20 5.0811e+38 
9.00754e+14 1.41692e+35 2.03542e+20 5.08382e+38 
9.01319e+14 1.41862e+35 2.03702e+20 5.08653e+38 
9.01885e+14 1.42031e+35 2.03862e+20 5.08925e+38 
9.02451e+14 1.42201e+35 2.04022e+20 5.09196e+38 
9.03017e+14 1.4237e+35 2.04182e+20 5.09468e+38 
9.03583e+14 1.4254e+35 2.04342e+20 5.0974e+38 
9.0415e+14 1.4271e+35 2.04501e+20 5.10012e+38 
9.04718e+14 1.4288e+35 2.04661e+20 5.10284e+38 
9.05285e+14 1.4305e+35 2.04821e+20 5.10557e+38 
9.05854e+14 1.4322e+35 2.04981e+20 5.10829e+38 
9.06422e+14 1.4339e+35 2.05141e+20 5.11102e+38 
9.06991e+14 1.43561e+35 2.05301e+20 5.11374e+38 
9.0756e+14 1.43731e+35 2.0546e+20 5.11647e+38 
9.08129e+14 1.43902e+35 2.0562e+20 5.1192e+38 
9.08699e+14 1.44073e+35 2.0578e+20 5.12193e+38 
9.09269e+14 1.44244e+35 2.0594e+20 5.12466e+38 
9.0984e+14 1.44414e+35 2.06099e+20 5.1274e+38 
9.10411e+14 1.44585e+35 2.06259e+20 5.13013e+38 
9.10982e+14 1.44757e+35 2.06419e+20 5.13287e+38 
9.11554e+14 1.44928e+35 2.06578e+20 5.1356e+38 
9.12126e+14 1.45099e+35 2.06738e+20 5.13834e+38 
9.12698e+14 1.45271e+35 2.06898e+20 5.14108e+38 
9.13271e+14 1.45442e+35 2.07057e+20 5.14382e+38 
9.13844e+14 1.45614e+35 2.07217e+20 5.14656e+38 
9.14417e+14 1.45786e+35 2.07377e+20 5.1493e+38 
9.14991e+14 1.45958e+35 2.07536e+20 5.15205e+38 
9.15565e+14 1.4613e+35 2.07696e+20 5.15479e+38 
9.1614e+14 1.46302e+35 2.07855e+20 5.15754e+38 
9.16715e+14 1.46474e+35 2.08015e+20 5.16029e+38 
9.1729e+14 1.46646e+35 2.08175e+20 5.16304e+38 
9.17865e+14 1.46819e+35 2.08334e+20 5.16579e+38 
9.18441e+14 1.46991e+35 2.08494e+20 5.16854e+38 
9.19018e+14 1.47164e+35 2.08653e+20 5.17129e+38 
9.19594e+14 1.47337e+35 2.08813e+20 5.17405e+38 
9.20171e+14 1.4751e+35 2.08972e+20 5.1768e+38 
9.20749e+14 1.47683e+35 2.09132e+20 5.17956e+38 
9.21327e+14 1.47856e+35 2.09291e+20 5.18232e+38 
9.21905e+14 1.48029e+35 2.09451e+20 5.18507e+38 
9.22483e+14 1.48202e+35 2.0961e+20 5.18783e+38 
9.23062e+14 1.48376e+35 2.09769e+20 5.1906e+38 
9.23641e+14 1.48549e+35 2.09929e+20 5.19336e+38 
9.24221e+14 1.48723e+35 2.10088e+20 5.19612e+38 
9.24801e+14 1.48896e+35 2.10248e+20 5.19889e+38 
9.25381e+14 1.4907e+35 2.10407e+20 5.20165e+38 
9.25962e+14 1.49244e+35 2.10566e+20 5.20442e+38 
9.26543e+14 1.49418e+35 2.10726e+20 5.20719e+38 
9.27124e+14 1.49593e+35 2.10885e+20 5.20996e+38 
9.27706e+14 1.49767e+35 2.11044e+20 5.21273e+38 
9.28288e+14 1.49941e+35 2.11204e+20 5.2155e+38 
9.2887e+14 1.50116e+35 2.11363e+20 5.21828e+38 
9.29453e+14 1.5029e+35 2.11522e+20 5.22105e+38 
9.30037e+14 1.50465e+35 2.11681e+20 5.22383e+38 
9.3062e+14 1.5064e+35 2.11841e+20 5.22661e+38 
9.31204e+14 1.50815e+35 2.12e+20 5.22939e+38 
9.31788e+14 1.5099e+35 2.12159e+20 5.23217e+38 
9.32373e+14 1.51165e+35 2.12318e+20 5.23495e+38 
9.32958e+14 1.5134e+35 2.12478e+20 5.23773e+38 
9.33544e+14 1.51516e+35 2.12637e+20 5.24051e+38 
9.34129e+14 1.51691e+35 2.12796e+20 5.2433e+38 
9.34716e+14 1.51867e+35 2.12955e+20 5.24609e+38 
9.35302e+14 1.52043e+35 2.13114e+20 5.24887e+38 
9.35889e+14 1.52218e+35 2.13273e+20 5.25166e+38 
9.36476e+14 1.52394e+35 2.13433e+20 5.25445e+38 
9.37064e+14 1.5257e+35 2.13592e+20 5.25724e+38 
9.37652e+14 1.52746e+35 2.13751e+20 5.26004e+38 
9.3824e+14 1.52923e+35 2.1391e+20 5.26283e+38 
9.38829e+14 1.53099e+35 2.14069e+20 5.26563e+38 
9.39418e+14 1.53276e+35 2.14228e+20 5.26842e+38 
9.40007e+14 1.53452e+35 2.14387e+20 5.27122e+38 
9.40597e+14 1.53629e+35 2.14546e+20 5.27402e+38 
9.41188e+14 1.53806e+35 2.14705e+20 5.27682e+38 
9.41778e+14 1.53983e+35 2.14864e+20 5.27962e+38 
9.42369e+14 1.5416e+35 2.15023e+20 5.28242e+38 
9.4296e+14 1.54337e+35 2.15182e+20 5.28523e+38 
9.43552e+14 1.54514e+35 2.15341e+20 5.28803e+38 
9.44144e+14 1.54691e+35 2.155e+20 5.29084e+38 
9.44737e+14 1.54869e+35 2.15659e+20 5.29365e+38 
9.45329e+14 1.55047e+35 2.15818e+20 5.29646e+38 
9.45923e+14 1.55224e+35 2.15977e+20 5.29927e+38 
9.46516e+14 1.55402e+35 2.16136e+20 5.30208e+38 
9.4711e+14 1.5558e+35 2.16295e+20 5.30489e+38 
9.47704e+14 1.55758e+35 2.16453e+20 5.3077e+38 
9.48299e+14 1.55936e+35 2.16612e+20 5.31052e+38 
9.48894e+14 1.56115e+35 2.16771e+20 5.31334e+38 
9.4949e+14 1.56293e+35 2.1693e+20 5.31615e+38 
9.50085e+14 1.56471e+35 2.17089e+20 5.31897e+38 
9.50682e+14 1.5665e+35 2.17248e+20 5.32179e+38 
9.51278e+14 1.56829e+35 2.17406e+20 5.32462e+38 
9.51875e+14 1.57008e+35 2.17565e+20 5.32744e+38 
9.52472e+14 1.57186e+35 2.17724e+20 5.33026e+38 
9.5307e+14 1.57366e+35 2.17883e+20 5.33309e+38 
9.53668e+14 1.57545e+35 2.18042e+20 5.33592e+38 
9.54266e+14 1.57724e+35 2.182e+20 5.33874e+38 
9.54865e+14 1.57903e+35 2.18359e+20 5.34157e+38 
9.55464e+14 1.58083e+35 2.18518e+20 5.3444e+38 
9.56064e+14 1.58262e+35 2.18676e+20 5.34724e+38 
9.56664e+14 1.58442e+35 2.18835e+20 5.35007e+38 
9.57264e+14 1.58622e+35 2.18994e+20 5.3529e+38 
9.57865e+14 1.58802e+35 2.19152e+20 5.35574e+38 
9.58466e+14 1.58982e+35 2.19311e+20 5.35858e+38 
9.59067e+14 1.59162e+35 2.1947e+20 5.36141e+38 
9.59669e+14 1.59343e+35 2.19628e+20 5.36425e+38 
9.60271e+14 1.59523e+35 2.19787e+20 5.36709e+38 
9.60874e+14 1.59703e+35 2.19946e+20 5.36994e+38 
9.61477e+14 1.59884e+35 2.20104e+20 5.37278e+38 
9.6208e+14 1.60065e+35 2.20263e+20 5.37562e+38 
9.62684e+14 1.60246e+35 2.20421e+20 5.37847e+38 
9.63288e+14 1.60427e+35 2.2058e+20 5.38132e+38 
9.63892e+14 1.60608e+35 2.20738e+20 5.38417e+38 
9.64497e+14 1.60789e+35 2.20897e+20 5.38702e+38 
9.65102e+14 1.6097e+35 2.21056e+20 5.38987e+38 
9.65708e+14 1.61152e+35 2.21214e+20 5.39272e+38 
9.66314e+14 1.61333e+35 2.21373e+20 5.39557e+38 
9.6692e+14 1.61515e+35 2.21531e+20 5.39843e+38 
9.67527e+14 1.61697e+35 2.21689e+20 5.40129e+38 
9.68134e+14 1.61878e+35 2.21848e+20 5.40414e+38 
9.68742e+14 1.6206e+35 2.22006e+20 5.407e+38 
9.69349e+14 1.62243e+35 2.22165e+20 5.40986e+38 
9.69958e+14 1.62425e+35 2.22323e+20 5.41272e+38 
9.70566e+14 1.62607e+35 2.22482e+20 5.41559e+38 
9.71175e+14 1.6279e+35 2.2264e+20 5.41845e+38 
9.71785e+14 1.62972e+35 2.22798e+20 5.42132e+38 
9.72395e+14 1.63155e+35 2.22957e+20 5.42418e+38 
9.73005e+14 1.63338e+35 2.23115e+20 5.42705e+38 
9.73615e+14 1.63521e+35 2.23273e+20 5.42992e+38 
9.74226e+14 1.63704e+35 2.23432e+20 5.43279e+38 
9.74837e+14 1.63887e+35 2.2359e+20 5.43566e+38 
9.75449e+14 1.6407e+35 2.23748e+20 5.43853e+38 
9.76061e+14 1.64253e+35 2.23907e+20 5.44141e+38 
9.76674e+14 1.64437e+35 2.24065e+20 5.44428e+38 
9.77287e+14 1.6462e+35 2.24223e+20 5.44716e+38 
9.779e+14 1.64804e+35 2.24382e+20 5.45004e+38 
9.78513e+14 1.64988e+35 2.2454e+20 5.45292e+38 
9.79127e+14 1.65172e+35 2.24698e+20 5.4558e+38 
9.79742e+14 1.65356e+35 2.24856e+20 5.45868e+38 
9.80357e+14 1.6554e+35 2.25014e+20 5.46157e+38 
9.80972e+14 1.65724e+35 2.25173e+20 5.46445e+38 
9.81587e+14 1.65909e+35 2.25331e+20 5.46734e+38 
9.82203e+14 1.66093e+35 2.25489e+20 5.47022e+38 
9.8282e+14 1.66278e+35 2.25647e+20 5.47311e+38 
9.83436e+14 1.66463e+35 2.25805e+20 5.476e+38 
9.84053e+14 1.66648e+35 2.25963e+20 5.47889e+38 
9.84671e+14 1.66833e+35 2.26122e+20 5.48179e+38 
9.85289e+14 1.67018e+35 2.2628e+20 5.48468e+38 
9.85907e+14 1.67203e+35 2.26438e+20 5.48758e+38 
9.86526e+14 1.67388e+35 2.26596e+20 5.49047e+38 
9.87145e+14 1.67574e+35 2.26754e+20 5.49337e+38 
9.87764e+14 1.67759e+35 2.26912e+20 5.49627e+38 
9.88384e+14 1.67945e+35 2.2707e+20 5.49917e+38 
9.89004e+14 1.68131e+35 2.27228e+20 5.50207e+38 
9.89625e+14 1.68317e+35 2.27386e+20 5.50497e+38 
9.90246e+14 1.68503e+35 2.27544e+20 5.50788e+38 
9.90867e+14 1.68689e+35 2.27702e+20 5.51078e+38 
9.91489e+14 1.68875e+35 2.2786e+20 5.51369e+38 
9.92111e+14 1.69062e+35 2.28018e+20 5.5166e+38 
9.92733e+14 1.69248e+35 2.28176e+20 5.51951e+38 
9.93356e+14 1.69435e+35 2.28334e+20 5.52242e+38 
9.9398e+14 1.69621e+35 2.28492e+20 5.52533e+38 
9.94603e+14 1.69808e+35 2.2865e+20 5.52825e+38 
9.95228e+14 1.69995e+35 2.28808e+20 5.53116e+38 
9.95852e+14 1.70182e+35 2.28966e+20 5.53408e+38 
9.96477e+14 1.7037e+35 2.29124e+20 5.537e+38 
9.97102e+14 1.70557e+35 2.29282e+20 5.53991e+38 
9.97728e+14 1.70744e+35 2.29439e+20 5.54283e+38 
9.98354e+14 1.70932e+35 2.29597e+20 5.54576e+38 
9.9898e+14 1.7112e+35 2.29755e+20 5.54868e+38 
9.99607e+14 1.71307e+35 2.29913e+20 5.5516e+38 
1.00023e+15 1.71495e+35 2.30071e+20 5.55453e+38 
1.00086e+15 1.71683e+35 2.30229e+20 5.55745e+38 
1.00149e+15 1.71871e+35 2.30386e+20 5.56038e+38 
1.00212e+15 1.7206e+35 2.30544e+20 5.56331e+38 
1.00275e+15 1.72248e+35 2.30702e+20 5.56624e+38 
1.00338e+15 1.72437e+35 2.3086e+20 5.56918e+38 
1.00401e+15 1.72625e+35 2.31018e+20 5.57211e+38 
1.00464e+15 1.72814e+35 2.31175e+20 5.57504e+38 
1.00527e+15 1.73003e+35 2.31333e+20 5.57798e+38 
1.0059e+15 1.73192e+35 2.31491e+20 5.58092e+38 
1.00653e+15 1.73381e+35 2.31648e+20 5.58386e+38 
1.00716e+15 1.7357e+35 2.31806e+20 5.5868e+38 
1.00779e+15 1.73759e+35 2.31964e+20 5.58974e+38 
1.00842e+15 1.73949e+35 2.32121e+20 5.59268e+38 
1.00906e+15 1.74139e+35 2.32279e+20 5.59562e+38 
1.00969e+15 1.74328e+35 2.32437e+20 5.59857e+38 
1.01032e+15 1.74518e+35 2.32594e+20 5.60152e+38 
1.01096e+15 1.74708e+35 2.32752e+20 5.60446e+38 
1.01159e+15 1.74898e+35 2.3291e+20 5.60741e+38 
1.01223e+15 1.75088e+35 2.33067e+20 5.61036e+38 
1.01286e+15 1.75278e+35 2.33225e+20 5.61332e+38 
1.0135e+15 1.75469e+35 2.33382e+20 5.61627e+38 
1.01413e+15 1.75659e+35 2.3354e+20 5.61922e+38 
1.01477e+15 1.7585e+35 2.33698e+20 5.62218e+38 
1.01541e+15 1.76041e+35 2.33855e+20 5.62514e+38 
1.01604e+15 1.76232e+35 2.34013e+20 5.6281e+38 
1.01668e+15 1.76423e+35 2.3417e+20 5.63106e+38 
1.01732e+15 1.76614e+35 2.34328e+20 5.63402e+38 
1.01796e+15 1.76805e+35 2.34485e+20 5.63698e+38 
1.0186e+15 1.76996e+35 2.34643e+20 5.63994e+38 
1.01924e+15 1.77188e+35 2.348e+20 5.64291e+38 
1.01988e+15 1.77379e+35 2.34958e+20 5.64588e+38 
1.02052e+15 1.77571e+35 2.35115e+20 5.64884e+38 
1.02116e+15 1.77763e+35 2.35272e+20 5.65181e+38 
1.0218e+15 1.77955e+35 2.3543e+20 5.65478e+38 
1.02244e+15 1.78147e+35 2.35587e+20 5.65776e+38 
1.02308e+15 1.78339e+35 2.35745e+20 5.66073e+38 
1.02372e+15 1.78532e+35 2.35902e+20 5.6637e+38 
1.02436e+15 1.78724e+35 2.36059e+20 5.66668e+38 
1.02501e+15 1.78917e+35 2.36217e+20 5.66966e+38 
1.02565e+15 1.79109e+35 2.36374e+20 5.67264e+38 
1.02629e+15 1.79302e+35 2.36532e+20 5.67562e+38 
1.02694e+15 1.79495e+35 2.36689e+20 5.6786e+38 
1.02758e+15 1.79688e+35 2.36846e+20 5.68158e+38 
1.02823e+15 1.79881e+35 2.37004e+20 5.68456e+38 
1.02887e+15 1.80075e+35 2.37161e+20 5.68755e+38 
1.02952e+15 1.80268e+35 2.37318e+20 5.69054e+38 
1.03016e+15 1.80461e+35 2.37475e+20 5.69353e+38 
1.03081e+15 1.80655e+35 2.37633e+20 5.69652e+38 
1.03146e+15 1.80849e+35 2.3779e+20 5.69951e+38 
1.0321e+15 1.81043e+35 2.37947e+20 5.7025e+38 
1.03275e+15 1.81237e+35 2.38104e+20 5.70549e+38 
1.0334e+15 1.81431e+35 2.38262e+20 5.70849e+38 
1.03405e+15 1.81625e+35 2.38419e+20 5.71148e+38 
1.0347e+15 1.8182e+35 2.38576e+20 5.71448e+38 
1.03535e+15 1.82014e+35 2.38733e+20 5.71748e+38 
1.036e+15 1.82209e+35 2.3889e+20 5.72048e+38 
1.03665e+15 1.82404e+35 2.39048e+20 5.72348e+38 
1.0373e+15 1.82598e+35 2.39205e+20 5.72649e+38 
1.03795e+15 1.82793e+35 2.39362e+20 5.72949e+38 
1.0386e+15 1.82989e+35 2.39519e+20 5.7325e+38 
1.03925e+15 1.83184e+35 2.39676e+20 5.7355e+38 
1.0399e+15 1.83379e+35 2.39833e+20 5.73851e+38 
1.04055e+15 1.83575e+35 2.3999e+20 5.74152e+38 
1.04121e+15 1.8377e+35 2.40147e+20 5.74453e+38 
1.04186e+15 1.83966e+35 2.40304e+20 5.74755e+38 
1.04251e+15 1.84162e+35 2.40462e+20 5.75056e+38 
1.04317e+15 1.84358e+35 2.40619e+20 5.75358e+38 
1.04382e+15 1.84554e+35 2.40776e+20 5.75659e+38 
1.04448e+15 1.8475e+35 2.40933e+20 5.75961e+38 
1.04513e+15 1.84946e+35 2.4109e+20 5.76263e+38 
1.04579e+15 1.85143e+35 2.41247e+20 5.76565e+38 
1.04645e+15 1.8534e+35 2.41404e+20 5.76867e+38 
1.0471e+15 1.85536e+35 2.41561e+20 5.7717e+38 
1.04776e+15 1.85733e+35 2.41718e+20 5.77472e+38 
1.04842e+15 1.8593e+35 2.41875e+20 5.77775e+38 
1.04907e+15 1.86127e+35 2.42032e+20 5.78078e+38 
1.04973e+15 1.86324e+35 2.42188e+20 5.7838e+38 
1.05039e+15 1.86522e+35 2.42345e+20 5.78684e+38 
1.05105e+15 1.86719e+35 2.42502e+20 5.78987e+38 
1.05171e+15 1.86917e+35 2.42659e+20 5.7929e+38 
1.05237e+15 1.87114e+35 2.42816e+20 5.79593e+38 
1.05303e+15 1.87312e+35 2.42973e+20 5.79897e+38 
1.05369e+15 1.8751e+35 2.4313e+20 5.80201e+38 
1.05435e+15 1.87708e+35 2.43287e+20 5.80505e+38 
1.05501e+15 1.87907e+35 2.43444e+20 5.80809e+38 
1.05568e+15 1.88105e+35 2.436e+20 5.81113e+38 
1.05634e+15 1.88303e+35 2.43757e+20 5.81417e+38 
1.057e+15 1.88502e+35 2.43914e+20 5.81722e+38 
1.05766e+15 1.88701e+35 2.44071e+20 5.82026e+38 
1.05833e+15 1.88899e+35 2.44228e+20 5.82331e+38 
1.05899e+15 1.89098e+35 2.44384e+20 5.82636e+38 
1.05966e+15 1.89297e+35 2.44541e+20 5.82941e+38 
1.06032e+15 1.89497e+35 2.44698e+20 5.83246e+38 
1.06099e+15 1.89696e+35 2.44855e+20 5.83551e+38 
1.06165e+15 1.89895e+35 2.45012e+20 5.83856e+38 
1.06232e+15 1.90095e+35 2.45168e+20 5.84162e+38 
1.06299e+15 1.90295e+35 2.45325e+20 5.84468e+38 
1.06365e+15 1.90495e+35 2.45482e+20 5.84773e+38 
1.06432e+15 1.90694e+35 2.45638e+20 5.85079e+38 
1.06499e+15 1.90895e+35 2.45795e+20 5.85385e+38 
1.06566e+15 1.91095e+35 2.45952e+20 5.85692e+38 
1.06633e+15 1.91295e+35 2.46108e+20 5.85998e+38 
1.06699e+15 1.91496e+35 2.46265e+20 5.86304e+38 
1.06766e+15 1.91696e+35 2.46422e+20 5.86611e+38 
1.06833e+15 1.91897e+35 2.46578e+20 5.86918e+38 
1.069e+15 1.92098e+35 2.46735e+20 5.87225e+38 
1.06967e+15 1.92299e+35 2.46892e+20 5.87532e+38 
1.07035e+15 1.925e+35 2.47048e+20 5.87839e+38 
1.07102e+15 1.92701e+35 2.47205e+20 5.88146e+38 
1.07169e+15 1.92902e+35 2.47361e+20 5.88454e+38 
1.07236e+15 1.93104e+35 2.47518e+20 5.88761e+38 
1.07304e+15 1.93305e+35 2.47674e+20 5.89069e+38 
1.07371e+15 1.93507e+35 2.47831e+20 5.89377e+38 
1.07438e+15 1.93709e+35 2.47987e+20 5.89685e+38 
1.07506e+15 1.93911e+35 2.48144e+20 5.89993e+38 
1.07573e+15 1.94113e+35 2.48301e+20 5.90302e+38 
1.07641e+15 1.94315e+35 2.48457e+20 5.9061e+38 
1.07708e+15 1.94517e+35 2.48614e+20 5.90919e+38 
1.07776e+15 1.9472e+35 2.4877e+20 5.91227e+38 
1.07843e+15 1.94923e+35 2.48926e+20 5.91536e+38 
1.07911e+15 1.95125e+35 2.49083e+20 5.91845e+38 
1.07979e+15 1.95328e+35 2.49239e+20 5.92154e+38 
1.08046e+15 1.95531e+35 2.49396e+20 5.92464e+38 
1.08114e+15 1.95734e+35 2.49552e+20 5.92773e+38 
1.08182e+15 1.95937e+35 2.49709e+20 5.93083e+38 
1.0825e+15 1.96141e+35 2.49865e+20 5.93392e+38 
1.08318e+15 1.96344e+35 2.50021e+20 5.93702e+38 
1.08386e+15 1.96548e+35 2.50178e+20 5.94012e+38 
1.08454e+15 1.96752e+35 2.50334e+20 5.94322e+38 
1.08522e+15 1.96956e+35 2.50491e+20 5.94633e+38 
1.0859e+15 1.9716e+35 2.50647e+20 5.94943e+38 
1.08658e+15 1.97364e+35 2.50803e+20 5.95254e+38 
1.08726e+15 1.97568e+35 2.5096e+20 5.95564e+38 
1.08795e+15 1.97772e+35 2.51116e+20 5.95875e+38 
1.08863e+15 1.97977e+35 2.51272e+20 5.96186e+38 
1.08931e+15 1.98182e+35 2.51428e+20 5.96497e+38 
1.09e+15 1.98386e+35 2.51585e+20 5.96808e+38 
1.09068e+15 1.98591e+35 2.51741e+20 5.9712e+38 
1.09136e+15 1.98796e+35 2.51897e+20 5.97431e+38 
1.09205e+15 1.99001e+35 2.52054e+20 5.97743e+38 
1.09273e+15 1.99207e+35 2.5221e+20 5.98055e+38 
1.09342e+15 1.99412e+35 2.52366e+20 5.98367e+38 
1.09411e+15 1.99618e+35 2.52522e+20 5.98679e+38 
1.09479e+15 1.99823e+35 2.52678e+20 5.98991e+38 
1.09548e+15 2.00029e+35 2.52835e+20 5.99304e+38 
1.09617e+15 2.00235e+35 2.52991e+20 5.99616e+38 
1.09685e+15 2.00441e+35 2.53147e+20 5.99929e+38 
1.09754e+15 2.00647e+35 2.53303e+20 6.00242e+38 
1.09823e+15 2.00854e+35 2.53459e+20 6.00554e+38 
1.09892e+15 2.0106e+35 2.53615e+20 6.00868e+38 
1.09961e+15 2.01267e+35 2.53772e+20 6.01181e+38 
1.1003e+15 2.01473e+35 2.53928e+20 6.01494e+38 
1.10099e+15 2.0168e+35 2.54084e+20 6.01808e+38 
1.10168e+15 2.01887e+35 2.5424e+20 6.02121e+38 
1.10237e+15 2.02094e+35 2.54396e+20 6.02435e+38 
1.10306e+15 2.02302e+35 2.54552e+20 6.02749e+38 
1.10376e+15 2.02509e+35 2.54708e+20 6.03063e+38 
1.10445e+15 2.02716e+35 2.54864e+20 6.03377e+38 
1.10514e+15 2.02924e+35 2.5502e+20 6.03692e+38 
1.10584e+15 2.03132e+35 2.55176e+20 6.04006e+38 
1.10653e+15 2.0334e+35 2.55332e+20 6.04321e+38 
1.10722e+15 2.03548e+35 2.55488e+20 6.04636e+38 
1.10792e+15 2.03756e+35 2.55644e+20 6.04951e+38 
1.10861e+15 2.03964e+35 2.558e+20 6.05266e+38 
1.10931e+15 2.04173e+35 2.55956e+20 6.05581e+38 
1.11001e+15 2.04381e+35 2.56112e+20 6.05896e+38 
1.1107e+15 2.0459e+35 2.56268e+20 6.06212e+38 
1.1114e+15 2.04799e+35 2.56424e+20 6.06528e+38 
1.1121e+15 2.05007e+35 2.5658e+20 6.06843e+38 
1.11279e+15 2.05217e+35 2.56736e+20 6.07159e+38 
1.11349e+15 2.05426e+35 2.56892e+20 6.07476e+38 
1.11419e+15 2.05635e+35 2.57048e+20 6.07792e+38 
1.11489e+15 2.05844e+35 2.57204e+20 6.08108e+38 
1.11559e+15 2.06054e+35 2.5736e+20 6.08425e+38 
1.11629e+15 2.06264e+35 2.57516e+20 6.08741e+38 
1.11699e+15 2.06474e+35 2.57672e+20 6.09058e+38 
1.11769e+15 2.06684e+35 2.57827e+20 6.09375e+38 
1.11839e+15 2.06894e+35 2.57983e+20 6.09692e+38 
1.11909e+15 2.07104e+35 2.58139e+20 6.10009e+38 
1.1198e+15 2.07314e+35 2.58295e+20 6.10327e+38 
1.1205e+15 2.07525e+35 2.58451e+20 6.10644e+38 
1.1212e+15 2.07735e+35 2.58607e+20 6.10962e+38 
1.12191e+15 2.07946e+35 2.58762e+20 6.1128e+38 
1.12261e+15 2.08157e+35 2.58918e+20 6.11598e+38 
1.12331e+15 2.08368e+35 2.59074e+20 6.11916e+38 
1.12402e+15 2.08579e+35 2.5923e+20 6.12234e+38 
1.12472e+15 2.08791e+35 2.59386e+20 6.12553e+38 
1.12543e+15 2.09002e+35 2.59541e+20 6.12871e+38 
1.12614e+15 2.09214e+35 2.59697e+20 6.1319e+38 
1.12684e+15 2.09425e+35 2.59853e+20 6.13509e+38 
1.12755e+15 2.09637e+35 2.60008e+20 6.13828e+38 
1.12826e+15 2.09849e+35 2.60164e+20 6.14147e+38 
1.12897e+15 2.10061e+35 2.6032e+20 6.14466e+38 
1.12967e+15 2.10273e+35 2.60476e+20 6.14785e+38 
1.13038e+15 2.10486e+35 2.60631e+20 6.15105e+38 
1.13109e+15 2.10698e+35 2.60787e+20 6.15425e+38 
1.1318e+15 2.10911e+35 2.60943e+20 6.15745e+38 
1.13251e+15 2.11124e+35 2.61098e+20 6.16065e+38 
1.13322e+15 2.11337e+35 2.61254e+20 6.16385e+38 
1.13393e+15 2.1155e+35 2.6141e+20 6.16705e+38 
1.13465e+15 2.11763e+35 2.61565e+20 6.17025e+38 
1.13536e+15 2.11976e+35 2.61721e+20 6.17346e+38 
1.13607e+15 2.1219e+35 2.61876e+20 6.17667e+38 
1.13678e+15 2.12403e+35 2.62032e+20 6.17988e+38 
1.1375e+15 2.12617e+35 2.62187e+20 6.18309e+38 
1.13821e+15 2.12831e+35 2.62343e+20 6.1863e+38 
1.13892e+15 2.13045e+35 2.62499e+20 6.18951e+38 
1.13964e+15 2.13259e+35 2.62654e+20 6.19272e+38 
1.14035e+15 2.13473e+35 2.6281e+20 6.19594e+38 
1.14107e+15 2.13687e+35 2.62965e+20 6.19916e+38 
1.14179e+15 2.13902e+35 2.63121e+20 6.20238e+38 
1.1425e+15 2.14116e+35 2.63276e+20 6.2056e+38 
1.14322e+15 2.14331e+35 2.63432e+20 6.20882e+38 
1.14394e+15 2.14546e+35 2.63587e+20 6.21204e+38 
1.14465e+15 2.14761e+35 2.63743e+20 6.21527e+38 
1.14537e+15 2.14976e+35 2.63898e+20 6.21849e+38 
1.14609e+15 2.15192e+35 2.64054e+20 6.22172e+38 
1.14681e+15 2.15407e+35 2.64209e+20 6.22495e+38 
1.14753e+15 2.15623e+35 2.64365e+20 6.22818e+38 
1.14825e+15 2.15838e+35 2.6452e+20 6.23141e+38 
1.14897e+15 2.16054e+35 2.64675e+20 6.23465e+38 
1.14969e+15 2.1627e+35 2.64831e+20 6.23788e+38 
1.15041e+15 2.16486e+35 2.64986e+20 6.24112e+38 
1.15113e+15 2.16703e+35 2.65142e+20 6.24436e+38 
1.15186e+15 2.16919e+35 2.65297e+20 6.24759e+38 
1.15258e+15 2.17136e+35 2.65452e+20 6.25084e+38 
1.1533e+15 2.17352e+35 2.65608e+20 6.25408e+38 
1.15403e+15 2.17569e+35 2.65763e+20 6.25732e+38 
1.15475e+15 2.17786e+35 2.65918e+20 6.26057e+38 
1.15548e+15 2.18003e+35 2.66074e+20 6.26381e+38 
1.1562e+15 2.1822e+35 2.66229e+20 6.26706e+38 
1.15693e+15 2.18438e+35 2.66384e+20 6.27031e+38 
1.15765e+15 2.18655e+35 2.6654e+20 6.27356e+38 
1.15838e+15 2.18873e+35 2.66695e+20 6.27682e+38 
1.1591e+15 2.19091e+35 2.6685e+20 6.28007e+38 
1.15983e+15 2.19308e+35 2.67005e+20 6.28333e+38 
1.16056e+15 2.19526e+35 2.67161e+20 6.28658e+38 
1.16129e+15 2.19745e+35 2.67316e+20 6.28984e+38 
1.16202e+15 2.19963e+35 2.67471e+20 6.2931e+38 
1.16275e+15 2.20181e+35 2.67626e+20 6.29636e+38 
1.16348e+15 2.204e+35 2.67782e+20 6.29963e+38 
1.16421e+15 2.20619e+35 2.67937e+20 6.30289e+38 
1.16494e+15 2.20838e+35 2.68092e+20 6.30616e+38 
1.16567e+15 2.21057e+35 2.68247e+20 6.30942e+38 
1.1664e+15 2.21276e+35 2.68402e+20 6.31269e+38 
1.16713e+15 2.21495e+35 2.68558e+20 6.31596e+38 
1.16786e+15 2.21714e+35 2.68713e+20 6.31924e+38 
1.1686e+15 2.21934e+35 2.68868e+20 6.32251e+38 
1.16933e+15 2.22154e+35 2.69023e+20 6.32578e+38 
1.17006e+15 2.22373e+35 2.69178e+20 6.32906e+38 
1.1708e+15 2.22593e+35 2.69333e+20 6.33234e+38 
1.17153e+15 2.22813e+35 2.69488e+20 6.33562e+38 
1.17227e+15 2.23034e+35 2.69643e+20 6.3389e+38 
1.173e+15 2.23254e+35 2.69799e+20 6.34218e+38 
1.17374e+15 2.23475e+35 2.69954e+20 6.34546e+38 
1.17447e+15 2.23695e+35 2.70109e+20 6.34875e+38 
1.17521e+15 2.23916e+35 2.70264e+20 6.35204e+38 
1.17595e+15 2.24137e+35 2.70419e+20 6.35533e+38 
1.17669e+15 2.24358e+35 2.70574e+20 6.35862e+38 
1.17743e+15 2.24579e+35 2.70729e+20 6.36191e+38 
1.17816e+15 2.248e+35 2.70884e+20 6.3652e+38 
1.1789e+15 2.25022e+35 2.71039e+20 6.36849e+38 
1.17964e+15 2.25244e+35 2.71194e+20 6.37179e+38 
1.18038e+15 2.25465e+35 2.71349e+20 6.37509e+38 
1.18112e+15 2.25687e+35 2.71504e+20 6.37839e+38 
1.18187e+15 2.25909e+35 2.71659e+20 6.38169e+38 
1.18261e+15 2.26131e+35 2.71814e+20 6.38499e+38 
1.18335e+15 2.26354e+35 2.71969e+20 6.38829e+38 
1.18409e+15 2.26576e+35 2.72124e+20 6.3916e+38 
1.18483e+15 2.26799e+35 2.72279e+20 6.3949e+38 
1.18558e+15 2.27022e+35 2.72434e+20 6.39821e+38 
1.18632e+15 2.27244e+35 2.72588e+20 6.40152e+38 
1.18707e+15 2.27467e+35 2.72743e+20 6.40483e+38 
1.18781e+15 2.27691e+35 2.72898e+20 6.40814e+38 
1.18856e+15 2.27914e+35 2.73053e+20 6.41146e+38 
1.1893e+15 2.28137e+35 2.73208e+20 6.41477e+38 
1.19005e+15 2.28361e+35 2.73363e+20 6.41809e+38 
1.1908e+15 2.28585e+35 2.73518e+20 6.42141e+38 
1.19154e+15 2.28808e+35 2.73673e+20 6.42473e+38 
1.19229e+15 2.29032e+35 2.73827e+20 6.42805e+38 
1.19304e+15 2.29257e+35 2.73982e+20 6.43137e+38 
1.19379e+15 2.29481e+35 2.74137e+20 6.4347e+38 
1.19454e+15 2.29705e+35 2.74292e+20 6.43802e+38 
1.19529e+15 2.2993e+35 2.74447e+20 6.44135e+38 
1.19604e+15 2.30154e+35 2.74602e+20 6.44468e+38 
1.19679e+15 2.30379e+35 2.74756e+20 6.44801e+38 
1.19754e+15 2.30604e+35 2.74911e+20 6.45134e+38 
1.19829e+15 2.30829e+35 2.75066e+20 6.45467e+38 
1.19904e+15 2.31055e+35 2.75221e+20 6.45801e+38 
1.19979e+15 2.3128e+35 2.75375e+20 6.46135e+38 
1.20055e+15 2.31506e+35 2.7553e+20 6.46468e+38 
1.2013e+15 2.31731e+35 2.75685e+20 6.46802e+38 
1.20205e+15 2.31957e+35 2.7584e+20 6.47137e+38 
1.20281e+15 2.32183e+35 2.75994e+20 6.47471e+38 
1.20356e+15 2.32409e+35 2.76149e+20 6.47805e+38 
1.20432e+15 2.32635e+35 2.76304e+20 6.4814e+38 
1.20507e+15 2.32862e+35 2.76458e+20 6.48475e+38 
1.20583e+15 2.33088e+35 2.76613e+20 6.48809e+38 
1.20659e+15 2.33315e+35 2.76768e+20 6.49144e+38 
1.20734e+15 2.33542e+35 2.76922e+20 6.4948e+38 
1.2081e+15 2.33769e+35 2.77077e+20 6.49815e+38 
1.20886e+15 2.33996e+35 2.77232e+20 6.5015e+38 
1.20962e+15 2.34223e+35 2.77386e+20 6.50486e+38 
1.21038e+15 2.34451e+35 2.77541e+20 6.50822e+38 
1.21114e+15 2.34678e+35 2.77695e+20 6.51158e+38 
1.2119e+15 2.34906e+35 2.7785e+20 6.51494e+38 
1.21266e+15 2.35134e+35 2.78005e+20 6.5183e+38 
1.21342e+15 2.35362e+35 2.78159e+20 6.52167e+38 
1.21418e+15 2.3559e+35 2.78314e+20 6.52503e+38 
1.21494e+15 2.35818e+35 2.78468e+20 6.5284e+38 
1.2157e+15 2.36046e+35 2.78623e+20 6.53177e+38 
1.21647e+15 2.36275e+35 2.78777e+20 6.53514e+38 
1.21723e+15 2.36504e+35 2.78932e+20 6.53851e+38 
1.21799e+15 2.36732e+35 2.79086e+20 6.54188e+38 
1.21876e+15 2.36961e+35 2.79241e+20 6.54526e+38 
1.21952e+15 2.3719e+35 2.79395e+20 6.54863e+38 
1.22029e+15 2.3742e+35 2.7955e+20 6.55201e+38 
1.22105e+15 2.37649e+35 2.79704e+20 6.55539e+38 
1.22182e+15 2.37879e+35 2.79859e+20 6.55877e+38 
1.22259e+15 2.38108e+35 2.80013e+20 6.56215e+38 
1.22335e+15 2.38338e+35 2.80168e+20 6.56554e+38 
1.22412e+15 2.38568e+35 2.80322e+20 6.56892e+38 
1.22489e+15 2.38798e+35 2.80477e+20 6.57231e+38 
1.22566e+15 2.39029e+35 2.80631e+20 6.5757e+38 
1.22643e+15 2.39259e+35 2.80785e+20 6.57909e+38 
1.2272e+15 2.3949e+35 2.8094e+20 6.58248e+38 
1.22797e+15 2.3972e+35 2.81094e+20 6.58587e+38 
1.22874e+15 2.39951e+35 2.81249e+20 6.58927e+38 
1.22951e+15 2.40182e+35 2.81403e+20 6.59267e+38 
1.23028e+15 2.40413e+35 2.81557e+20 6.59606e+38 
1.23105e+15 2.40644e+35 2.81712e+20 6.59946e+38 
1.23182e+15 2.40876e+35 2.81866e+20 6.60286e+38 
1.2326e+15 2.41107e+35 2.8202e+20 6.60627e+38 
1.23337e+15 2.41339e+35 2.82175e+20 6.60967e+38 
1.23414e+15 2.41571e+35 2.82329e+20 6.61308e+38 
1.23492e+15 2.41803e+35 2.82483e+20 6.61648e+38 
1.23569e+15 2.42035e+35 2.82638e+20 6.61989e+38 
1.23647e+15 2.42267e+35 2.82792e+20 6.6233e+38 
1.23724e+15 2.425e+35 2.82946e+20 6.62671e+38 
1.23802e+15 2.42732e+35 2.83101e+20 6.63013e+38 
1.2388e+15 2.42965e+35 2.83255e+20 6.63354e+38 
1.23957e+15 2.43198e+35 2.83409e+20 6.63696e+38 
1.24035e+15 2.43431e+35 2.83563e+20 6.64038e+38 
1.24113e+15 2.43664e+35 2.83718e+20 6.6438e+38 
1.24191e+15 2.43898e+35 2.83872e+20 6.64722e+38 
1.24269e+15 2.44131e+35 2.84026e+20 6.65064e+38 
1.24347e+15 2.44365e+35 2.8418e+20 6.65407e+38 
1.24425e+15 2.44598e+35 2.84334e+20 6.65749e+38 
1.24503e+15 2.44832e+35 2.84489e+20 6.66092e+38 
1.24581e+15 2.45066e+35 2.84643e+20 6.66435e+38 
1.24659e+15 2.45301e+35 2.84797e+20 6.66778e+38 
1.24737e+15 2.45535e+35 2.84951e+20 6.67121e+38 
1.24816e+15 2.45769e+35 2.85105e+20 6.67464e+38 
1.24894e+15 2.46004e+35 2.85259e+20 6.67808e+38 
1.24972e+15 2.46239e+35 2.85414e+20 6.68152e+38 
1.25051e+15 2.46474e+35 2.85568e+20 6.68496e+38 
1.25129e+15 2.46709e+35 2.85722e+20 6.68839e+38 
1.25208e+15 2.46944e+35 2.85876e+20 6.69184e+38 
1.25286e+15 2.47179e+35 2.8603e+20 6.69528e+38 
1.25365e+15 2.47415e+35 2.86184e+20 6.69872e+38 
1.25444e+15 2.47651e+35 2.86338e+20 6.70217e+38 
1.25522e+15 2.47886e+35 2.86492e+20 6.70562e+38 
1.25601e+15 2.48122e+35 2.86646e+20 6.70907e+38 
1.2568e+15 2.48358e+35 2.868e+20 6.71252e+38 
1.25759e+15 2.48595e+35 2.86955e+20 6.71597e+38 
1.25838e+15 2.48831e+35 2.87109e+20 6.71943e+38 
1.25917e+15 2.49068e+35 2.87263e+20 6.72288e+38 
1.25996e+15 2.49304e+35 2.87417e+20 6.72634e+38 
1.26075e+15 2.49541e+35 2.87571e+20 6.7298e+38 
1.26154e+15 2.49778e+35 2.87725e+20 6.73326e+38 
1.26233e+15 2.50015e+35 2.87879e+20 6.73672e+38 
1.26312e+15 2.50253e+35 2.88033e+20 6.74018e+38 
1.26392e+15 2.5049e+35 2.88187e+20 6.74365e+38 
1.26471e+15 2.50728e+35 2.88341e+20 6.74712e+38 
1.2655e+15 2.50966e+35 2.88495e+20 6.75058e+38 
1.2663e+15 2.51203e+35 2.88648e+20 6.75405e+38 
1.26709e+15 2.51441e+35 2.88802e+20 6.75752e+38 
1.26789e+15 2.5168e+35 2.88956e+20 6.761e+38 
1.26868e+15 2.51918e+35 2.8911e+20 6.76447e+38 
1.26948e+15 2.52157e+35 2.89264e+20 6.76795e+38 
1.27027e+15 2.52395e+35 2.89418e+20 6.77143e+38 
1.27107e+15 2.52634e+35 2.89572e+20 6.77491e+38 
1.27187e+15 2.52873e+35 2.89726e+20 6.77839e+38 
1.27267e+15 2.53112e+35 2.8988e+20 6.78187e+38 
1.27347e+15 2.53351e+35 2.90034e+20 6.78535e+38 
1.27426e+15 2.53591e+35 2.90188e+20 6.78884e+38 
1.27506e+15 2.5383e+35 2.90341e+20 6.79233e+38 
1.27586e+15 2.5407e+35 2.90495e+20 6.79582e+38 
1.27666e+15 2.5431e+35 2.90649e+20 6.79931e+38 
1.27747e+15 2.5455e+35 2.90803e+20 6.8028e+38 
1.27827e+15 2.5479e+35 2.90957e+20 6.80629e+38 
1.27907e+15 2.5503e+35 2.91111e+20 6.80979e+38 
1.27987e+15 2.55271e+35 2.91264e+20 6.81328e+38 
1.28068e+15 2.55511e+35 2.91418e+20 6.81678e+38 
1.28148e+15 2.55752e+35 2.91572e+20 6.82028e+38 
1.28228e+15 2.55993e+35 2.91726e+20 6.82378e+38 
1.28309e+15 2.56234e+35 2.91879e+20 6.82729e+38 
1.28389e+15 2.56475e+35 2.92033e+20 6.83079e+38 
1.2847e+15 2.56716e+35 2.92187e+20 6.8343e+38 
1.2855e+15 2.56958e+35 2.92341e+20 6.83781e+38 
1.28631e+15 2.572e+35 2.92494e+20 6.84132e+38 
1.28712e+15 2.57441e+35 2.92648e+20 6.84483e+38 
1.28793e+15 2.57683e+35 2.92802e+20 6.84834e+38 
1.28873e+15 2.57925e+35 2.92956e+20 6.85186e+38 
1.28954e+15 2.58168e+35 2.93109e+20 6.85537e+38 
1.29035e+15 2.5841e+35 2.93263e+20 6.85889e+38 
1.29116e+15 2.58653e+35 2.93417e+20 6.86241e+38 
1.29197e+15 2.58895e+35 2.9357e+20 6.86593e+38 
1.29278e+15 2.59138e+35 2.93724e+20 6.86945e+38 
1.29359e+15 2.59381e+35 2.93878e+20 6.87298e+38 
1.29441e+15 2.59625e+35 2.94031e+20 6.8765e+38 
1.29522e+15 2.59868e+35 2.94185e+20 6.88003e+38 
1.29603e+15 2.60111e+35 2.94338e+20 6.88356e+38 
1.29684e+15 2.60355e+35 2.94492e+20 6.88709e+38 
1.29766e+15 2.60599e+35 2.94646e+20 6.89062e+38 
1.29847e+15 2.60843e+35 2.94799e+20 6.89416e+38 
1.29929e+15 2.61087e+35 2.94953e+20 6.89769e+38 
1.3001e+15 2.61331e+35 2.95106e+20 6.90123e+38 
1.30092e+15 2.61575e+35 2.9526e+20 6.90477e+38 
1.30173e+15 2.6182e+35 2.95414e+20 6.90831e+38 
1.30255e+15 2.62065e+35 2.95567e+20 6.91185e+38 
1.30337e+15 2.6231e+35 2.95721e+20 6.91539e+38 
1.30419e+15 2.62555e+35 2.95874e+20 6.91894e+38 
1.305e+15 2.628e+35 2.96028e+20 6.92248e+38 
1.30582e+15 2.63045e+35 2.96181e+20 6.92603e+38 
1.30664e+15 2.63291e+35 2.96335e+20 6.92958e+38 
1.30746e+15 2.63536e+35 2.96488e+20 6.93313e+38 
1.30828e+15 2.63782e+35 2.96642e+20 6.93669e+38 
1.3091e+15 2.64028e+35 2.96795e+20 6.94024e+38 
1.30993e+15 2.64274e+35 2.96949e+20 6.9438e+38 
1.31075e+15 2.6452e+35 2.97102e+20 6.94736e+38 
1.31157e+15 2.64767e+35 2.97256e+20 6.95092e+38 
1.31239e+15 2.65013e+35 2.97409e+20 6.95448e+38 
1.31322e+15 2.6526e+35 2.97563e+20 6.95804e+38 
1.31404e+15 2.65507e+35 2.97716e+20 6.96161e+38 
1.31486e+15 2.65754e+35 2.9787e+20 6.96517e+38 
1.31569e+15 2.66001e+35 2.98023e+20 6.96874e+38 
1.31652e+15 2.66248e+35 2.98176e+20 6.97231e+38 
1.31734e+15 2.66496e+35 2.9833e+20 6.97588e+38 
1.31817e+15 2.66743e+35 2.98483e+20 6.97945e+38 
1.319e+15 2.66991e+35 2.98637e+20 6.98303e+38 
1.31982e+15 2.67239e+35 2.9879e+20 6.9866e+38 
1.32065e+15 2.67487e+35 2.98943e+20 6.99018e+38 
1.32148e+15 2.67736e+35 2.99097e+20 6.99376e+38 
1.32231e+15 2.67984e+35 2.9925e+20 6.99734e+38 
1.32314e+15 2.68233e+35 2.99403e+20 7.00092e+38 
1.32397e+15 2.68481e+35 2.99557e+20 7.00451e+38 
1.3248e+15 2.6873e+35 2.9971e+20 7.00809e+38 
1.32563e+15 2.68979e+35 2.99863e+20 7.01168e+38 
1.32646e+15 2.69228e+35 3.00017e+20 7.01527e+38 
1.3273e+15 2.69478e+35 3.0017e+20 7.01886e+38 
1.32813e+15 2.69727e+35 3.00323e+20 7.02245e+38 
1.32896e+15 2.69977e+35 3.00477e+20 7.02605e+38 
1.3298e+15 2.70227e+35 3.0063e+20 7.02964e+38 
1.33063e+15 2.70477e+35 3.00783e+20 7.03324e+38 
1.33146e+15 2.70727e+35 3.00936e+20 7.03684e+38 
1.3323e+15 2.70977e+35 3.0109e+20 7.04044e+38 
1.33314e+15 2.71228e+35 3.01243e+20 7.04404e+38 
1.33397e+15 2.71478e+35 3.01396e+20 7.04765e+38 
1.33481e+15 2.71729e+35 3.01549e+20 7.05125e+38 
1.33565e+15 2.7198e+35 3.01702e+20 7.05486e+38 
1.33649e+15 2.72231e+35 3.01856e+20 7.05847e+38 
1.33732e+15 2.72482e+35 3.02009e+20 7.06208e+38 
1.33816e+15 2.72734e+35 3.02162e+20 7.06569e+38 
1.339e+15 2.72985e+35 3.02315e+20 7.0693e+38 
1.33984e+15 2.73237e+35 3.02468e+20 7.07292e+38 
1.34068e+15 2.73489e+35 3.02622e+20 7.07654e+38 
1.34153e+15 2.73741e+35 3.02775e+20 7.08015e+38 
1.34237e+15 2.73993e+35 3.02928e+20 7.08378e+38 
1.34321e+15 2.74245e+35 3.03081e+20 7.0874e+38 
1.34405e+15 2.74498e+35 3.03234e+20 7.09102e+38 
1.3449e+15 2.74751e+35 3.03387e+20 7.09465e+38 
1.34574e+15 2.75003e+35 3.0354e+20 7.09827e+38 
1.34658e+15 2.75256e+35 3.03694e+20 7.1019e+38 
1.34743e+15 2.7551e+35 3.03847e+20 7.10553e+38 
1.34827e+15 2.75763e+35 3.04e+20 7.10916e+38 
1.34912e+15 2.76016e+35 3.04153e+20 7.1128e+38 
1.34997e+15 2.7627e+35 3.04306e+20 7.11643e+38 
1.35081e+15 2.76524e+35 3.04459e+20 7.12007e+38 
1.35166e+15 2.76778e+35 3.04612e+20 7.12371e+38 
1.35251e+15 2.77032e+35 3.04765e+20 7.12735e+38 
1.35336e+15 2.77286e+35 3.04918e+20 7.13099e+38 
1.35421e+15 2.7754e+35 3.05071e+20 7.13463e+38 
1.35506e+15 2.77795e+35 3.05224e+20 7.13828e+38 
1.35591e+15 2.7805e+35 3.05377e+20 7.14193e+38 
1.35676e+15 2.78305e+35 3.0553e+20 7.14558e+38 
1.35761e+15 2.7856e+35 3.05683e+20 7.14923e+38 
1.35846e+15 2.78815e+35 3.05836e+20 7.15288e+38 
1.35931e+15 2.7907e+35 3.05989e+20 7.15653e+38 
1.36017e+15 2.79326e+35 3.06142e+20 7.16019e+38 
1.36102e+15 2.79581e+35 3.06295e+20 7.16384e+38 
1.36187e+15 2.79837e+35 3.06448e+20 7.1675e+38 
1.36273e+15 2.80093e+35 3.06601e+20 7.17116e+38 
1.36358e+15 2.80349e+35 3.06754e+20 7.17482e+38 
1.36444e+15 2.80606e+35 3.06907e+20 7.17849e+38 
1.3653e+15 2.80862e+35 3.0706e+20 7.18215e+38 
1.36615e+15 2.81119e+35 3.07213e+20 7.18582e+38 
1.36701e+15 2.81376e+35 3.07366e+20 7.18949e+38 
1.36787e+15 2.81633e+35 3.07519e+20 7.19316e+38 
1.36873e+15 2.8189e+35 3.07672e+20 7.19683e+38 
1.36958e+15 2.82147e+35 3.07824e+20 7.2005e+38 
1.37044e+15 2.82405e+35 3.07977e+20 7.20418e+38 
1.3713e+15 2.82662e+35 3.0813e+20 7.20786e+38 
1.37216e+15 2.8292e+35 3.08283e+20 7.21154e+38 
1.37303e+15 2.83178e+35 3.08436e+20 7.21522e+38 
1.37389e+15 2.83436e+35 3.08589e+20 7.2189e+38 
1.37475e+15 2.83694e+35 3.08742e+20 7.22258e+38 
1.37561e+15 2.83953e+35 3.08894e+20 7.22627e+38 
1.37648e+15 2.84211e+35 3.09047e+20 7.22996e+38 
1.37734e+15 2.8447e+35 3.092e+20 7.23364e+38 
1.3782e+15 2.84729e+35 3.09353e+20 7.23733e+38 
1.37907e+15 2.84988e+35 3.09506e+20 7.24103e+38 
1.37993e+15 2.85247e+35 3.09658e+20 7.24472e+38 
1.3808e+15 2.85507e+35 3.09811e+20 7.24842e+38 
1.38167e+15 2.85766e+35 3.09964e+20 7.25211e+38 
1.38253e+15 2.86026e+35 3.10117e+20 7.25581e+38 
1.3834e+15 2.86286e+35 3.1027e+20 7.25951e+38 
1.38427e+15 2.86546e+35 3.10422e+20 7.26322e+38 
1.38514e+15 2.86806e+35 3.10575e+20 7.26692e+38 
1.38601e+15 2.87067e+35 3.10728e+20 7.27063e+38 
1.38688e+15 2.87327e+35 3.1088e+20 7.27433e+38 
1.38775e+15 2.87588e+35 3.11033e+20 7.27804e+38 
1.38862e+15 2.87849e+35 3.11186e+20 7.28175e+38 
1.38949e+15 2.8811e+35 3.11339e+20 7.28547e+38 
1.39036e+15 2.88371e+35 3.11491e+20 7.28918e+38 
1.39123e+15 2.88632e+35 3.11644e+20 7.2929e+38 
1.39211e+15 2.88894e+35 3.11797e+20 7.29661e+38 
1.39298e+15 2.89156e+35 3.11949e+20 7.30033e+38 
1.39385e+15 2.89418e+35 3.12102e+20 7.30405e+38 
1.39473e+15 2.8968e+35 3.12255e+20 7.30778e+38 
1.3956e+15 2.89942e+35 3.12407e+20 7.3115e+38 
1.39648e+15 2.90204e+35 3.1256e+20 7.31523e+38 
1.39735e+15 2.90467e+35 3.12713e+20 7.31896e+38 
1.39823e+15 2.90729e+35 3.12865e+20 7.32268e+38 
1.39911e+15 2.90992e+35 3.13018e+20 7.32642e+38 
1.39999e+15 2.91255e+35 3.1317e+20 7.33015e+38 
1.40087e+15 2.91518e+35 3.13323e+20 7.33388e+38 
1.40174e+15 2.91782e+35 3.13476e+20 7.33762e+38 
1.40262e+15 2.92045e+35 3.13628e+20 7.34136e+38 
1.4035e+15 2.92309e+35 3.13781e+20 7.3451e+38 
1.40438e+15 2.92573e+35 3.13933e+20 7.34884e+38 
1.40527e+15 2.92837e+35 3.14086e+20 7.35258e+38 
1.40615e+15 2.93101e+35 3.14238e+20 7.35633e+38 
1.40703e+15 2.93365e+35 3.14391e+20 7.36007e+38 
1.40791e+15 2.9363e+35 3.14544e+20 7.36382e+38 
1.4088e+15 2.93894e+35 3.14696e+20 7.36757e+38 
1.40968e+15 2.94159e+35 3.14849e+20 7.37132e+38 
1.41057e+15 2.94424e+35 3.15001e+20 7.37508e+38 
1.41145e+15 2.94689e+35 3.15154e+20 7.37883e+38 
1.41234e+15 2.94955e+35 3.15306e+20 7.38259e+38 
1.41322e+15 2.9522e+35 3.15459e+20 7.38635e+38 
1.41411e+15 2.95486e+35 3.15611e+20 7.39011e+38 
1.415e+15 2.95752e+35 3.15764e+20 7.39387e+38 
1.41588e+15 2.96018e+35 3.15916e+20 7.39764e+38 
1.41677e+15 2.96284e+35 3.16068e+20 7.4014e+38 
1.41766e+15 2.9655e+35 3.16221e+20 7.40517e+38 
1.41855e+15 2.96817e+35 3.16373e+20 7.40894e+38 
1.41944e+15 2.97083e+35 3.16526e+20 7.41271e+38 
1.42033e+15 2.9735e+35 3.16678e+20 7.41648e+38 
1.42122e+15 2.97617e+35 3.16831e+20 7.42026e+38 
1.42212e+15 2.97884e+35 3.16983e+20 7.42403e+38 
1.42301e+15 2.98152e+35 3.17135e+20 7.42781e+38 
1.4239e+15 2.98419e+35 3.17288e+20 7.43159e+38 
1.42479e+15 2.98687e+35 3.1744e+20 7.43537e+38 
1.42569e+15 2.98955e+35 3.17593e+20 7.43915e+38 
1.42658e+15 2.99223e+35 3.17745e+20 7.44294e+38 
1.42748e+15 2.99491e+35 3.17897e+20 7.44672e+38 
1.42837e+15 2.99759e+35 3.1805e+20 7.45051e+38 
1.42927e+15 3.00028e+35 3.18202e+20 7.4543e+38 
1.43017e+15 3.00297e+35 3.18354e+20 7.45809e+38 
1.43106e+15 3.00565e+35 3.18507e+20 7.46189e+38 
1.43196e+15 3.00834e+35 3.18659e+20 7.46568e+38 
1.43286e+15 3.01104e+35 3.18811e+20 7.46948e+38 
1.43376e+15 3.01373e+35 3.18964e+20 7.47328e+38 
1.43466e+15 3.01642e+35 3.19116e+20 7.47708e+38 
1.43556e+15 3.01912e+35 3.19268e+20 7.48088e+38 
1.43646e+15 3.02182e+35 3.19421e+20 7.48468e+38 
1.43736e+15 3.02452e+35 3.19573e+20 7.48849e+38 
1.43826e+15 3.02722e+35 3.19725e+20 7.49229e+38 
1.43917e+15 3.02993e+35 3.19877e+20 7.4961e+38 
1.44007e+15 3.03263e+35 3.2003e+20 7.49991e+38 
1.44097e+15 3.03534e+35 3.20182e+20 7.50373e+38 
1.44188e+15 3.03805e+35 3.20334e+20 7.50754e+38 
1.44278e+15 3.04076e+35 3.20486e+20 7.51136e+38 
1.44369e+15 3.04347e+35 3.20639e+20 7.51517e+38 
1.44459e+15 3.04618e+35 3.20791e+20 7.51899e+38 
1.4455e+15 3.0489e+35 3.20943e+20 7.52281e+38 
1.44641e+15 3.05162e+35 3.21095e+20 7.52664e+38 
1.44731e+15 3.05434e+35 3.21247e+20 7.53046e+38 
1.44822e+15 3.05706e+35 3.214e+20 7.53429e+38 
1.44913e+15 3.05978e+35 3.21552e+20 7.53812e+38 
1.45004e+15 3.0625e+35 3.21704e+20 7.54195e+38 
1.45095e+15 3.06523e+35 3.21856e+20 7.54578e+38 
1.45186e+15 3.06796e+35 3.22008e+20 7.54961e+38 
1.45277e+15 3.07069e+35 3.2216e+20 7.55345e+38 
1.45368e+15 3.07342e+35 3.22313e+20 7.55728e+38 
1.4546e+15 3.07615e+35 3.22465e+20 7.56112e+38 
1.45551e+15 3.07888e+35 3.22617e+20 7.56496e+38 
1.45642e+15 3.08162e+35 3.22769e+20 7.56881e+38 
1.45734e+15 3.08436e+35 3.22921e+20 7.57265e+38 
1.45825e+15 3.0871e+35 3.23073e+20 7.5765e+38 
1.45916e+15 3.08984e+35 3.23225e+20 7.58034e+38 
1.46008e+15 3.09258e+35 3.23377e+20 7.58419e+38 
1.461e+15 3.09533e+35 3.23529e+20 7.58804e+38 
1.46191e+15 3.09807e+35 3.23682e+20 7.5919e+38 
1.46283e+15 3.10082e+35 3.23834e+20 7.59575e+38 
1.46375e+15 3.10357e+35 3.23986e+20 7.59961e+38 
1.46467e+15 3.10632e+35 3.24138e+20 7.60346e+38 
1.46559e+15 3.10908e+35 3.2429e+20 7.60732e+38 
1.46651e+15 3.11183e+35 3.24442e+20 7.61119e+38 
1.46743e+15 3.11459e+35 3.24594e+20 7.61505e+38 
1.46835e+15 3.11735e+35 3.24746e+20 7.61891e+38 
1.46927e+15 3.12011e+35 3.24898e+20 7.62278e+38 
1.47019e+15 3.12287e+35 3.2505e+20 7.62665e+38 
1.47111e+15 3.12563e+35 3.25202e+20 7.63052e+38 
1.47204e+15 3.1284e+35 3.25354e+20 7.63439e+38 
1.47296e+15 3.13117e+35 3.25506e+20 7.63827e+38 
1.47388e+15 3.13394e+35 3.25658e+20 7.64214e+38 
1.47481e+15 3.13671e+35 3.2581e+20 7.64602e+38 
1.47573e+15 3.13948e+35 3.25962e+20 7.6499e+38 
1.47666e+15 3.14225e+35 3.26114e+20 7.65378e+38 
1.47759e+15 3.14503e+35 3.26266e+20 7.65766e+38 
1.47851e+15 3.14781e+35 3.26418e+20 7.66155e+38 
1.47944e+15 3.15059e+35 3.26569e+20 7.66543e+38 
1.48037e+15 3.15337e+35 3.26721e+20 7.66932e+38 
1.4813e+15 3.15615e+35 3.26873e+20 7.67321e+38 
1.48223e+15 3.15893e+35 3.27025e+20 7.67711e+38 
1.48316e+15 3.16172e+35 3.27177e+20 7.681e+38 
1.48409e+15 3.16451e+35 3.27329e+20 7.68489e+38 
1.48502e+15 3.1673e+35 3.27481e+20 7.68879e+38 
1.48595e+15 3.17009e+35 3.27633e+20 7.69269e+38 
1.48688e+15 3.17288e+35 3.27785e+20 7.69659e+38 
1.48782e+15 3.17568e+35 3.27937e+20 7.70049e+38 
1.48875e+15 3.17848e+35 3.28088e+20 7.7044e+38 
1.48969e+15 3.18127e+35 3.2824e+20 7.7083e+38 
1.49062e+15 3.18408e+35 3.28392e+20 7.71221e+38 
1.49156e+15 3.18688e+35 3.28544e+20 7.71612e+38 
1.49249e+15 3.18968e+35 3.28696e+20 7.72003e+38 
1.49343e+15 3.19249e+35 3.28848e+20 7.72395e+38 
1.49436e+15 3.19529e+35 3.28999e+20 7.72786e+38 
1.4953e+15 3.1981e+35 3.29151e+20 7.73178e+38 
1.49624e+15 3.20091e+35 3.29303e+20 7.7357e+38 
1.49718e+15 3.20373e+35 3.29455e+20 7.73962e+38 
1.49812e+15 3.20654e+35 3.29607e+20 7.74354e+38 
1.49906e+15 3.20936e+35 3.29758e+20 7.74746e+38 
1.5e+15 3.21218e+35 3.2991e+20 7.75139e+38 
