2000
7.13023e+14 1.10186e+31 1.54537e+16 4.29532e+38 
7.1306e+14 2.20373e+31 3.09063e+16 4.29554e+38 
7.13096e+14 3.30559e+31 4.63578e+16 4.29576e+38 
7.13133e+14 4.40745e+31 6.18083e+16 4.29598e+38 
7.1317e+14 5.50931e+31 7.72577e+16 4.29621e+38 
7.13207e+14 6.61118e+31 9.2706e+16 4.29643e+38 
7.13244e+14 7.71304e+31 1.08153e+17 4.29665e+38 
7.1328e+14 8.8149e+31 1.236e+17 4.29687e+38 
7.13317e+14 9.91676e+31 1.39045e+17 4.29709e+38 
7.13354e+14 1.10186e+32 1.54489e+17 4.29731e+38 
7.17042e+14 1.21518e+33 1.69792e+18 4.31951e+38 
7.17412e+14 1.32599e+33 1.85212e+18 4.32173e+38 
7.17782e+14 1.43686e+33 2.00629e+18 4.32396e+38 
7.18153e+14 1.54779e+33 2.16044e+18 4.32618e+38 
7.18523e+14 1.65878e+33 2.31456e+18 4.32841e+38 
7.18894e+14 1.76982e+33 2.46865e+18 4.33064e+38 
7.19265e+14 1.88092e+33 2.62272e+18 4.33286e+38 
7.19636e+14 1.99207e+33 2.77676e+18 4.33509e+38 
7.20007e+14 2.10329e+33 2.93077e+18 4.33732e+38 
7.20378e+14 2.21456e+33 3.08476e+18 4.33955e+38 
7.2075e+14 2.32589e+33 3.23872e+18 4.34178e+38 
7.21122e+14 2.43727e+33 3.39266e+18 4.34401e+38 
7.21494e+14 2.54872e+33 3.54657e+18 4.34625e+38 
7.21866e+14 2.66022e+33 3.70045e+18 4.34848e+38 
7.22238e+14 2.77178e+33 3.85431e+18 4.35071e+38 
7.22611e+14 2.88339e+33 4.00814e+18 4.35295e+38 
7.22984e+14 2.99507e+33 4.16195e+18 4.35518e+38 
7.23356e+14 3.1068e+33 4.31573e+18 4.35742e+38 
7.2373e+14 3.21859e+33 4.46948e+18 4.35966e+38 
7.24103e+14 3.33043e+33 4.62321e+18 4.36189e+38 
7.24477e+14 3.44234e+33 4.77691e+18 4.36413e+38 
7.2485e+14 3.5543e+33 4.93059e+18 4.36637e+38 
7.25224e+14 3.66632e+33 5.08424e+18 4.36861e+38 
7.25598e+14 3.7784e+33 5.23787e+18 4.37085e+38 
7.25973e+14 3.89053e+33 5.39147e+18 4.37309e+38 
7.26347e+14 4.00272e+33 5.54504e+18 4.37534e+38 
7.26722e+14 4.11498e+33 5.69859e+18 4.37758e+38 
7.27097e+14 4.22728e+33 5.85211e+18 4.37982e+38 
7.27472e+14 4.33965e+33 6.00561e+18 4.38207e+38 
7.27847e+14 4.45208e+33 6.15908e+18 4.38431e+38 
7.28222e+14 4.56456e+33 6.31252e+18 4.38656e+38 
7.28598e+14 4.6771e+33 6.46594e+18 4.38881e+38 
7.28974e+14 4.7897e+33 6.61933e+18 4.39105e+38 
7.2935e+14 4.90236e+33 6.7727e+18 4.3933e+38 
7.29726e+14 5.01507e+33 6.92604e+18 4.39555e+38 
7.30103e+14 5.12784e+33 7.07936e+18 4.3978e+38 
7.30479e+14 5.24068e+33 7.23265e+18 4.40005e+38 
7.30856e+14 5.35357e+33 7.38592e+18 4.4023e+38 
7.31233e+14 5.46651e+33 7.53916e+18 4.40456e+38 
7.3161e+14 5.57952e+33 7.69237e+18 4.40681e+38 
7.31988e+14 5.69258e+33 7.84556e+18 4.40906e+38 
7.32365e+14 5.80571e+33 7.99873e+18 4.41132e+38 
7.32743e+14 5.91889e+33 8.15186e+18 4.41357e+38 
7.33121e+14 6.03213e+33 8.30498e+18 4.41583e+38 
7.33499e+14 6.14543e+33 8.45807e+18 4.41809e+38 
7.33878e+14 6.25878e+33 8.61113e+18 4.42034e+38 
7.34256e+14 6.3722e+33 8.76417e+18 4.4226e+38 
7.34635e+14 6.48567e+33 8.91718e+18 4.42486e+38 
7.35014e+14 6.5992e+33 9.07016e+18 4.42712e+38 
7.35393e+14 6.71279e+33 9.22312e+18 4.42938e+38 
7.35772e+14 6.82644e+33 9.37606e+18 4.43165e+38 
7.36152e+14 6.94015e+33 9.52897e+18 4.43391e+38 
7.36532e+14 7.05392e+33 9.68186e+18 4.43617e+38 
7.36912e+14 7.16774e+33 9.83472e+18 4.43844e+38 
7.37292e+14 7.28162e+33 9.98755e+18 4.4407e+38 
7.37672e+14 7.39557e+33 1.01404e+19 4.44297e+38 
7.38053e+14 7.50957e+33 1.02931e+19 4.44523e+38 
7.38433e+14 7.62363e+33 1.04459e+19 4.4475e+38 
7.38814e+14 7.73775e+33 1.05986e+19 4.44977e+38 
7.39195e+14 7.85193e+33 1.07514e+19 4.45204e+38 
7.39577e+14 7.96616e+33 1.0904e+19 4.45431e+38 
7.39958e+14 8.08046e+33 1.10567e+19 4.45658e+38 
7.4034e+14 8.19481e+33 1.12093e+19 4.45885e+38 
7.40722e+14 8.30923e+33 1.13619e+19 4.46112e+38 
7.41104e+14 8.4237e+33 1.15145e+19 4.46339e+38 
7.41486e+14 8.53823e+33 1.16671e+19 4.46567e+38 
7.41869e+14 8.65282e+33 1.18196e+19 4.46794e+38 
7.42252e+14 8.76747e+33 1.19721e+19 4.47022e+38 
7.42634e+14 8.88218e+33 1.21246e+19 4.47249e+38 
7.43018e+14 8.99695e+33 1.22771e+19 4.47477e+38 
7.43401e+14 9.11177e+33 1.24295e+19 4.47705e+38 
7.43784e+14 9.22666e+33 1.25819e+19 4.47932e+38 
7.44168e+14 9.34161e+33 1.27343e+19 4.4816e+38 
7.44552e+14 9.45661e+33 1.28867e+19 4.48388e+38 
7.44936e+14 9.57168e+33 1.3039e+19 4.48616e+38 
7.4532e+14 9.6868e+33 1.31913e+19 4.48844e+38 
7.45705e+14 9.80198e+33 1.33436e+19 4.49073e+38 
7.46089e+14 9.91723e+33 1.34959e+19 4.49301e+38 
7.46474e+14 1.00325e+34 1.36481e+19 4.49529e+38 
7.46859e+14 1.01479e+34 1.38003e+19 4.49758e+38 
7.47245e+14 1.02633e+34 1.39525e+19 4.49986e+38 
7.4763e+14 1.03788e+34 1.41047e+19 4.50215e+38 
7.48016e+14 1.04943e+34 1.42568e+19 4.50444e+38 
7.48402e+14 1.06099e+34 1.44089e+19 4.50672e+38 
7.48788e+14 1.07256e+34 1.4561e+19 4.50901e+38 
7.49174e+14 1.08413e+34 1.47131e+19 4.5113e+38 
7.4956e+14 1.09571e+34 1.48651e+19 4.51359e+38 
7.49947e+14 1.10729e+34 1.50171e+19 4.51588e+38 
7.50334e+14 1.11888e+34 1.51691e+19 4.51817e+38 
7.50721e+14 1.13048e+34 1.53211e+19 4.52047e+38 
7.51108e+14 1.14208e+34 1.54731e+19 4.52276e+38 
7.51496e+14 1.15369e+34 1.5625e+19 4.52505e+38 
7.51883e+14 1.1653e+34 1.57769e+19 4.52735e+38 
7.52271e+14 1.17692e+34 1.59287e+19 4.52964e+38 
7.52659e+14 1.18855e+34 1.60806e+19 4.53194e+38 
7.53048e+14 1.20018e+34 1.62324e+19 4.53424e+38 
7.53436e+14 1.21182e+34 1.63842e+19 4.53654e+38 
7.53825e+14 1.22346e+34 1.6536e+19 4.53884e+38 
7.54214e+14 1.23511e+34 1.66877e+19 4.54114e+38 
7.54603e+14 1.24677e+34 1.68395e+19 4.54344e+38 
7.54992e+14 1.25843e+34 1.69912e+19 4.54574e+38 
7.55381e+14 1.2701e+34 1.71428e+19 4.54804e+38 
7.55771e+14 1.28177e+34 1.72945e+19 4.55034e+38 
7.56161e+14 1.29345e+34 1.74461e+19 4.55265e+38 
7.56551e+14 1.30513e+34 1.75977e+19 4.55495e+38 
7.56941e+14 1.31683e+34 1.77493e+19 4.55726e+38 
7.57332e+14 1.32852e+34 1.79009e+19 4.55956e+38 
7.57722e+14 1.34023e+34 1.80524e+19 4.56187e+38 
7.58113e+14 1.35194e+34 1.82039e+19 4.56418e+38 
7.58504e+14 1.36365e+34 1.83554e+19 4.56648e+38 
7.58896e+14 1.37538e+34 1.85068e+19 4.56879e+38 
7.59287e+14 1.3871e+34 1.86583e+19 4.5711e+38 
7.59679e+14 1.39884e+34 1.88097e+19 4.57341e+38 
7.60071e+14 1.41058e+34 1.89611e+19 4.57573e+38 
7.60463e+14 1.42233e+34 1.91124e+19 4.57804e+38 
7.60855e+14 1.43408e+34 1.92638e+19 4.58035e+38 
7.61247e+14 1.44584e+34 1.94151e+19 4.58267e+38 
7.6164e+14 1.4576e+34 1.95664e+19 4.58498e+38 
7.62033e+14 1.46937e+34 1.97177e+19 4.5873e+38 
7.62426e+14 1.48115e+34 1.98689e+19 4.58961e+38 
7.62819e+14 1.49293e+34 2.00201e+19 4.59193e+38 
7.63213e+14 1.50472e+34 2.01713e+19 4.59425e+38 
7.63607e+14 1.51651e+34 2.03225e+19 4.59657e+38 
7.64001e+14 1.52832e+34 2.04736e+19 4.59889e+38 
7.64395e+14 1.54012e+34 2.06248e+19 4.60121e+38 
7.64789e+14 1.55194e+34 2.07759e+19 4.60353e+38 
7.65184e+14 1.56375e+34 2.0927e+19 4.60585e+38 
7.65578e+14 1.57558e+34 2.1078e+19 4.60817e+38 
7.65973e+14 1.58741e+34 2.1229e+19 4.6105e+38 
7.66368e+14 1.59925e+34 2.138e+19 4.61282e+38 
7.66764e+14 1.61109e+34 2.1531e+19 4.61515e+38 
7.67159e+14 1.62294e+34 2.1682e+19 4.61747e+38 
7.67555e+14 1.6348e+34 2.18329e+19 4.6198e+38 
7.67951e+14 1.64666e+34 2.19838e+19 4.62213e+38 
7.68347e+14 1.65853e+34 2.21347e+19 4.62446e+38 
7.68743e+14 1.6704e+34 2.22856e+19 4.62679e+38 
7.6914e+14 1.68228e+34 2.24364e+19 4.62912e+38 
7.69537e+14 1.69417e+34 2.25873e+19 4.63145e+38 
7.69934e+14 1.70606e+34 2.27381e+19 4.63378e+38 
7.70331e+14 1.71796e+34 2.28888e+19 4.63611e+38 
7.70728e+14 1.72986e+34 2.30396e+19 4.63845e+38 
7.71126e+14 1.74178e+34 2.31903e+19 4.64078e+38 
7.71524e+14 1.75369e+34 2.3341e+19 4.64311e+38 
7.71922e+14 1.76562e+34 2.34917e+19 4.64545e+38 
7.7232e+14 1.77755e+34 2.36423e+19 4.64779e+38 
7.72718e+14 1.78948e+34 2.3793e+19 4.65012e+38 
7.73117e+14 1.80142e+34 2.39436e+19 4.65246e+38 
7.73516e+14 1.81337e+34 2.40942e+19 4.6548e+38 
7.73915e+14 1.82532e+34 2.42447e+19 4.65714e+38 
7.74314e+14 1.83729e+34 2.43953e+19 4.65948e+38 
7.74713e+14 1.84925e+34 2.45458e+19 4.66182e+38 
7.75113e+14 1.86122e+34 2.46963e+19 4.66417e+38 
7.75513e+14 1.8732e+34 2.48468e+19 4.66651e+38 
7.75913e+14 1.88519e+34 2.49972e+19 4.66885e+38 
7.76313e+14 1.89718e+34 2.51476e+19 4.6712e+38 
7.76714e+14 1.90918e+34 2.5298e+19 4.67354e+38 
7.77114e+14 1.92118e+34 2.54484e+19 4.67589e+38 
7.77515e+14 1.93319e+34 2.55988e+19 4.67824e+38 
7.77916e+14 1.94521e+34 2.57491e+19 4.68059e+38 
7.78317e+14 1.95723e+34 2.58994e+19 4.68294e+38 
7.78719e+14 1.96926e+34 2.60497e+19 4.68529e+38 
7.79121e+14 1.98129e+34 2.61999e+19 4.68764e+38 
7.79523e+14 1.99333e+34 2.63502e+19 4.68999e+38 
7.79925e+14 2.00538e+34 2.65004e+19 4.69234e+38 
7.80327e+14 2.01743e+34 2.66506e+19 4.69469e+38 
7.8073e+14 2.02949e+34 2.68008e+19 4.69705e+38 
7.81132e+14 2.04156e+34 2.69509e+19 4.6994e+38 
7.81535e+14 2.05363e+34 2.7101e+19 4.70176e+38 
7.81938e+14 2.06571e+34 2.72511e+19 4.70411e+38 
7.82342e+14 2.07779e+34 2.74012e+19 4.70647e+38 
7.82745e+14 2.08988e+34 2.75513e+19 4.70883e+38 
7.83149e+14 2.10198e+34 2.77013e+19 4.71119e+38 
7.83553e+14 2.11408e+34 2.78513e+19 4.71355e+38 
7.83957e+14 2.12619e+34 2.80013e+19 4.71591e+38 
7.84362e+14 2.1383e+34 2.81513e+19 4.71827e+38 
7.84766e+14 2.15043e+34 2.83012e+19 4.72063e+38 
7.85171e+14 2.16255e+34 2.84511e+19 4.72299e+38 
7.85576e+14 2.17469e+34 2.8601e+19 4.72536e+38 
7.85981e+14 2.18683e+34 2.87509e+19 4.72772e+38 
7.86387e+14 2.19898e+34 2.89008e+19 4.73009e+38 
7.86793e+14 2.21113e+34 2.90506e+19 4.73245e+38 
7.87198e+14 2.22329e+34 2.92004e+19 4.73482e+38 
7.87604e+14 2.23545e+34 2.93502e+19 4.73719e+38 
7.88011e+14 2.24762e+34 2.94999e+19 4.73956e+38 
7.88417e+14 2.2598e+34 2.96497e+19 4.74193e+38 
7.88824e+14 2.27199e+34 2.97994e+19 4.7443e+38 
7.89231e+14 2.28418e+34 2.99491e+19 4.74667e+38 
7.89638e+14 2.29637e+34 3.00988e+19 4.74904e+38 
7.90045e+14 2.30858e+34 3.02484e+19 4.75141e+38 
7.90453e+14 2.32079e+34 3.0398e+19 4.75379e+38 
7.90861e+14 2.333e+34 3.05476e+19 4.75616e+38 
7.91269e+14 2.34523e+34 3.06972e+19 4.75854e+38 
7.91677e+14 2.35745e+34 3.08468e+19 4.76091e+38 
7.92085e+14 2.36969e+34 3.09963e+19 4.76329e+38 
7.92494e+14 2.38193e+34 3.11458e+19 4.76567e+38 
7.92903e+14 2.39418e+34 3.12953e+19 4.76805e+38 
7.93312e+14 2.40643e+34 3.14448e+19 4.77042e+38 
7.93721e+14 2.41869e+34 3.15942e+19 4.7728e+38 
7.9413e+14 2.43096e+34 3.17436e+19 4.77519e+38 
7.9454e+14 2.44323e+34 3.1893e+19 4.77757e+38 
7.9495e+14 2.45551e+34 3.20424e+19 4.77995e+38 
7.9536e+14 2.46779e+34 3.21918e+19 4.78233e+38 
7.9577e+14 2.48009e+34 3.23411e+19 4.78472e+38 
7.96181e+14 2.49238e+34 3.24904e+19 4.7871e+38 
7.96591e+14 2.50469e+34 3.26397e+19 4.78949e+38 
7.97002e+14 2.517e+34 3.2789e+19 4.79188e+38 
7.97413e+14 2.52932e+34 3.29382e+19 4.79427e+38 
7.97825e+14 2.54164e+34 3.30875e+19 4.79665e+38 
7.98236e+14 2.55397e+34 3.32367e+19 4.79904e+38 
7.98648e+14 2.5663e+34 3.33858e+19 4.80143e+38 
7.9906e+14 2.57865e+34 3.3535e+19 4.80382e+38 
7.99472e+14 2.591e+34 3.36841e+19 4.80622e+38 
7.99885e+14 2.60335e+34 3.38333e+19 4.80861e+38 
8.00297e+14 2.61571e+34 3.39823e+19 4.811e+38 
8.0071e+14 2.62808e+34 3.41314e+19 4.8134e+38 
8.01123e+14 2.64045e+34 3.42805e+19 4.81579e+38 
8.01536e+14 2.65284e+34 3.44295e+19 4.81819e+38 
8.0195e+14 2.66522e+34 3.45785e+19 4.82059e+38 
8.02364e+14 2.67762e+34 3.47275e+19 4.82298e+38 
8.02778e+14 2.69002e+34 3.48764e+19 4.82538e+38 
8.03192e+14 2.70242e+34 3.50254e+19 4.82778e+38 
8.03606e+14 2.71484e+34 3.51743e+19 4.83018e+38 
8.04021e+14 2.72725e+34 3.53232e+19 4.83258e+38 
8.04435e+14 2.73968e+34 3.54721e+19 4.83499e+38 
8.0485e+14 2.75211e+34 3.56209e+19 4.83739e+38 
8.05265e+14 2.76455e+34 3.57697e+19 4.83979e+38 
8.05681e+14 2.77699e+34 3.59185e+19 4.8422e+38 
8.06096e+14 2.78945e+34 3.60673e+19 4.8446e+38 
8.06512e+14 2.8019e+34 3.62161e+19 4.84701e+38 
8.06928e+14 2.81437e+34 3.63648e+19 4.84942e+38 
8.07345e+14 2.82684e+34 3.65135e+19 4.85182e+38 
8.07761e+14 2.83931e+34 3.66622e+19 4.85423e+38 
8.08178e+14 2.8518e+34 3.68109e+19 4.85664e+38 
8.08595e+14 2.86429e+34 3.69596e+19 4.85905e+38 
8.09012e+14 2.87678e+34 3.71082e+19 4.86146e+38 
8.09429e+14 2.88929e+34 3.72568e+19 4.86388e+38 
8.09847e+14 2.9018e+34 3.74054e+19 4.86629e+38 
8.10264e+14 2.91431e+34 3.7554e+19 4.8687e+38 
8.10682e+14 2.92683e+34 3.77025e+19 4.87112e+38 
8.11101e+14 2.93936e+34 3.7851e+19 4.87353e+38 
8.11519e+14 2.9519e+34 3.79995e+19 4.87595e+38 
8.11938e+14 2.96444e+34 3.8148e+19 4.87837e+38 
8.12356e+14 2.97699e+34 3.82965e+19 4.88078e+38 
8.12776e+14 2.98954e+34 3.84449e+19 4.8832e+38 
8.13195e+14 3.0021e+34 3.85933e+19 4.88562e+38 
8.13614e+14 3.01467e+34 3.87417e+19 4.88804e+38 
8.14034e+14 3.02724e+34 3.88901e+19 4.89047e+38 
8.14454e+14 3.03982e+34 3.90385e+19 4.89289e+38 
8.14874e+14 3.05241e+34 3.91868e+19 4.89531e+38 
8.15294e+14 3.065e+34 3.93351e+19 4.89773e+38 
8.15715e+14 3.0776e+34 3.94834e+19 4.90016e+38 
8.16136e+14 3.09021e+34 3.96317e+19 4.90259e+38 
8.16557e+14 3.10282e+34 3.97799e+19 4.90501e+38 
8.16978e+14 3.11544e+34 3.99281e+19 4.90744e+38 
8.17399e+14 3.12807e+34 4.00763e+19 4.90987e+38 
8.17821e+14 3.1407e+34 4.02245e+19 4.9123e+38 
8.18243e+14 3.15334e+34 4.03727e+19 4.91473e+38 
8.18665e+14 3.16598e+34 4.05208e+19 4.91716e+38 
8.19087e+14 3.17863e+34 4.06689e+19 4.91959e+38 
8.1951e+14 3.19129e+34 4.0817e+19 4.92202e+38 
8.19933e+14 3.20396e+34 4.09651e+19 4.92446e+38 
8.20356e+14 3.21663e+34 4.11132e+19 4.92689e+38 
8.20779e+14 3.22931e+34 4.12612e+19 4.92932e+38 
8.21202e+14 3.24199e+34 4.14092e+19 4.93176e+38 
8.21626e+14 3.25468e+34 4.15572e+19 4.9342e+38 
8.2205e+14 3.26738e+34 4.17052e+19 4.93664e+38 
8.22474e+14 3.28008e+34 4.18531e+19 4.93907e+38 
8.22898e+14 3.29279e+34 4.2001e+19 4.94151e+38 
8.23322e+14 3.30551e+34 4.21489e+19 4.94395e+38 
8.23747e+14 3.31823e+34 4.22968e+19 4.94639e+38 
8.24172e+14 3.33097e+34 4.24447e+19 4.94884e+38 
8.24597e+14 3.3437e+34 4.25925e+19 4.95128e+38 
8.25023e+14 3.35645e+34 4.27404e+19 4.95372e+38 
8.25448e+14 3.3692e+34 4.28882e+19 4.95617e+38 
8.25874e+14 3.38195e+34 4.30359e+19 4.95861e+38 
8.263e+14 3.39472e+34 4.31837e+19 4.96106e+38 
8.26726e+14 3.40749e+34 4.33314e+19 4.96351e+38 
8.27153e+14 3.42026e+34 4.34792e+19 4.96595e+38 
8.27579e+14 3.43304e+34 4.36268e+19 4.9684e+38 
8.28006e+14 3.44583e+34 4.37745e+19 4.97085e+38 
8.28434e+14 3.45863e+34 4.39222e+19 4.9733e+38 
8.28861e+14 3.47143e+34 4.40698e+19 4.97575e+38 
8.29288e+14 3.48424e+34 4.42174e+19 4.97821e+38 
8.29716e+14 3.49706e+34 4.4365e+19 4.98066e+38 
8.30144e+14 3.50988e+34 4.45126e+19 4.98311e+38 
8.30572e+14 3.52271e+34 4.46601e+19 4.98557e+38 
8.31001e+14 3.53555e+34 4.48077e+19 4.98802e+38 
8.3143e+14 3.54839e+34 4.49552e+19 4.99048e+38 
8.31858e+14 3.56124e+34 4.51027e+19 4.99294e+38 
8.32288e+14 3.57409e+34 4.52501e+19 4.9954e+38 
8.32717e+14 3.58696e+34 4.53976e+19 4.99786e+38 
8.33147e+14 3.59982e+34 4.5545e+19 5.00032e+38 
8.33576e+14 3.6127e+34 4.56924e+19 5.00278e+38 
8.34006e+14 3.62558e+34 4.58398e+19 5.00524e+38 
8.34437e+14 3.63847e+34 4.59872e+19 5.0077e+38 
8.34867e+14 3.65137e+34 4.61345e+19 5.01017e+38 
8.35298e+14 3.66427e+34 4.62818e+19 5.01263e+38 
8.35729e+14 3.67718e+34 4.64291e+19 5.01509e+38 
8.3616e+14 3.69009e+34 4.65764e+19 5.01756e+38 
8.36591e+14 3.70302e+34 4.67237e+19 5.02003e+38 
8.37023e+14 3.71594e+34 4.68709e+19 5.0225e+38 
8.37454e+14 3.72888e+34 4.70181e+19 5.02496e+38 
8.37886e+14 3.74182e+34 4.71653e+19 5.02743e+38 
8.38319e+14 3.75477e+34 4.73125e+19 5.0299e+38 
8.38751e+14 3.76773e+34 4.74597e+19 5.03238e+38 
8.39184e+14 3.78069e+34 4.76068e+19 5.03485e+38 
8.39617e+14 3.79366e+34 4.77539e+19 5.03732e+38 
8.4005e+14 3.80663e+34 4.7901e+19 5.03979e+38 
8.40483e+14 3.81962e+34 4.80481e+19 5.04227e+38 
8.40917e+14 3.8326e+34 4.81951e+19 5.04475e+38 
8.4135e+14 3.8456e+34 4.83422e+19 5.04722e+38 
8.41784e+14 3.8586e+34 4.84892e+19 5.0497e+38 
8.42219e+14 3.87161e+34 4.86362e+19 5.05218e+38 
8.42653e+14 3.88463e+34 4.87832e+19 5.05466e+38 
8.43088e+14 3.89765e+34 4.89301e+19 5.05714e+38 
8.43523e+14 3.91068e+34 4.9077e+19 5.05962e+38 
8.43958e+14 3.92372e+34 4.9224e+19 5.0621e+38 
8.44393e+14 3.93676e+34 4.93708e+19 5.06458e+38 
8.44829e+14 3.94981e+34 4.95177e+19 5.06707e+38 
8.45265e+14 3.96286e+34 4.96646e+19 5.06955e+38 
8.45701e+14 3.97593e+34 4.98114e+19 5.07204e+38 
8.46137e+14 3.989e+34 4.99582e+19 5.07452e+38 
8.46573e+14 4.00207e+34 5.0105e+19 5.07701e+38 
8.4701e+14 4.01516e+34 5.02518e+19 5.0795e+38 
8.47447e+14 4.02825e+34 5.03985e+19 5.08199e+38 
8.47884e+14 4.04134e+34 5.05453e+19 5.08447e+38 
8.48322e+14 4.05445e+34 5.0692e+19 5.08697e+38 
8.48759e+14 4.06756e+34 5.08387e+19 5.08946e+38 
8.49197e+14 4.08067e+34 5.09853e+19 5.09195e+38 
8.49635e+14 4.0938e+34 5.1132e+19 5.09444e+38 
8.50073e+14 4.10693e+34 5.12786e+19 5.09694e+38 
8.50512e+14 4.12006e+34 5.14252e+19 5.09943e+38 
8.50951e+14 4.13321e+34 5.15718e+19 5.10193e+38 
8.5139e+14 4.14636e+34 5.17184e+19 5.10442e+38 
8.51829e+14 4.15952e+34 5.18649e+19 5.10692e+38 
8.52268e+14 4.17268e+34 5.20115e+19 5.10942e+38 
8.52708e+14 4.18585e+34 5.2158e+19 5.11192e+38 
8.53148e+14 4.19903e+34 5.23045e+19 5.11442e+38 
8.53588e+14 4.21221e+34 5.24509e+19 5.11692e+38 
8.54028e+14 4.22541e+34 5.25974e+19 5.11942e+38 
8.54469e+14 4.2386e+34 5.27438e+19 5.12193e+38 
8.54909e+14 4.25181e+34 5.28902e+19 5.12443e+38 
8.5535e+14 4.26502e+34 5.30366e+19 5.12693e+38 
8.55792e+14 4.27824e+34 5.3183e+19 5.12944e+38 
8.56233e+14 4.29147e+34 5.33293e+19 5.13195e+38 
8.56675e+14 4.3047e+34 5.34757e+19 5.13445e+38 
8.57117e+14 4.31794e+34 5.3622e+19 5.13696e+38 
8.57559e+14 4.33118e+34 5.37683e+19 5.13947e+38 
8.58001e+14 4.34444e+34 5.39145e+19 5.14198e+38 
8.58444e+14 4.3577e+34 5.40608e+19 5.14449e+38 
8.58887e+14 4.37096e+34 5.4207e+19 5.147e+38 
8.5933e+14 4.38424e+34 5.43532e+19 5.14952e+38 
8.59773e+14 4.39752e+34 5.44994e+19 5.15203e+38 
8.60217e+14 4.4108e+34 5.46456e+19 5.15454e+38 
8.6066e+14 4.4241e+34 5.47918e+19 5.15706e+38 
8.61104e+14 4.4374e+34 5.49379e+19 5.15957e+38 
8.61548e+14 4.45071e+34 5.5084e+19 5.16209e+38 
8.61993e+14 4.46402e+34 5.52301e+19 5.16461e+38 
8.62438e+14 4.47734e+34 5.53762e+19 5.16713e+38 
8.62882e+14 4.49067e+34 5.55222e+19 5.16965e+38 
8.63328e+14 4.504e+34 5.56683e+19 5.17217e+38 
8.63773e+14 4.51735e+34 5.58143e+19 5.17469e+38 
8.64219e+14 4.5307e+34 5.59603e+19 5.17721e+38 
8.64664e+14 4.54405e+34 5.61063e+19 5.17974e+38 
8.6511e+14 4.55741e+34 5.62522e+19 5.18226e+38 
8.65557e+14 4.57078e+34 5.63982e+19 5.18479e+38 
8.66003e+14 4.58416e+34 5.65441e+19 5.18731e+38 
8.6645e+14 4.59754e+34 5.669e+19 5.18984e+38 
8.66897e+14 4.61093e+34 5.68359e+19 5.19237e+38 
8.67344e+14 4.62433e+34 5.69817e+19 5.19489e+38 
8.67791e+14 4.63774e+34 5.71275e+19 5.19742e+38 
8.68239e+14 4.65115e+34 5.72734e+19 5.19995e+38 
8.68687e+14 4.66456e+34 5.74192e+19 5.20249e+38 
8.69135e+14 4.67799e+34 5.7565e+19 5.20502e+38 
8.69583e+14 4.69142e+34 5.77107e+19 5.20755e+38 
8.70032e+14 4.70486e+34 5.78565e+19 5.21009e+38 
8.70481e+14 4.7183e+34 5.80022e+19 5.21262e+38 
8.7093e+14 4.73176e+34 5.81479e+19 5.21516e+38 
8.71379e+14 4.74522e+34 5.82936e+19 5.21769e+38 
8.71829e+14 4.75868e+34 5.84392e+19 5.22023e+38 
8.72278e+14 4.77216e+34 5.85849e+19 5.22277e+38 
8.72728e+14 4.78564e+34 5.87305e+19 5.22531e+38 
8.73179e+14 4.79912e+34 5.88761e+19 5.22785e+38 
8.73629e+14 4.81262e+34 5.90217e+19 5.23039e+38 
8.7408e+14 4.82612e+34 5.91673e+19 5.23293e+38 
8.74531e+14 4.83963e+34 5.93128e+19 5.23547e+38 
8.74982e+14 4.85314e+34 5.94584e+19 5.23802e+38 
8.75433e+14 4.86667e+34 5.96039e+19 5.24056e+38 
8.75885e+14 4.88019e+34 5.97494e+19 5.24311e+38 
8.76336e+14 4.89373e+34 5.98948e+19 5.24566e+38 
8.76789e+14 4.90727e+34 6.00403e+19 5.2482e+38 
8.77241e+14 4.92082e+34 6.01857e+19 5.25075e+38 
8.77693e+14 4.93438e+34 6.03311e+19 5.2533e+38 
8.78146e+14 4.94795e+34 6.04765e+19 5.25585e+38 
8.78599e+14 4.96152e+34 6.06219e+19 5.2584e+38 
8.79052e+14 4.97509e+34 6.07673e+19 5.26095e+38 
8.79506e+14 4.98868e+34 6.09126e+19 5.26351e+38 
8.79959e+14 5.00227e+34 6.10579e+19 5.26606e+38 
8.80413e+14 5.01587e+34 6.12032e+19 5.26862e+38 
8.80868e+14 5.02948e+34 6.13485e+19 5.27117e+38 
8.81322e+14 5.04309e+34 6.14938e+19 5.27373e+38 
8.81777e+14 5.05671e+34 6.1639e+19 5.27628e+38 
8.82231e+14 5.07034e+34 6.17843e+19 5.27884e+38 
8.82687e+14 5.08397e+34 6.19295e+19 5.2814e+38 
8.83142e+14 5.09761e+34 6.20746e+19 5.28396e+38 
8.83597e+14 5.11126e+34 6.22198e+19 5.28652e+38 
8.84053e+14 5.12492e+34 6.2365e+19 5.28909e+38 
8.84509e+14 5.13858e+34 6.25101e+19 5.29165e+38 
8.84966e+14 5.15225e+34 6.26552e+19 5.29421e+38 
8.85422e+14 5.16592e+34 6.28003e+19 5.29678e+38 
8.85879e+14 5.17961e+34 6.29454e+19 5.29934e+38 
8.86336e+14 5.1933e+34 6.30904e+19 5.30191e+38 
8.86793e+14 5.207e+34 6.32355e+19 5.30448e+38 
8.87251e+14 5.2207e+34 6.33805e+19 5.30704e+38 
8.87708e+14 5.23441e+34 6.35255e+19 5.30961e+38 
8.88166e+14 5.24813e+34 6.36705e+19 5.31218e+38 
8.88624e+14 5.26186e+34 6.38154e+19 5.31476e+38 
8.89083e+14 5.27559e+34 6.39604e+19 5.31733e+38 
8.89541e+14 5.28933e+34 6.41053e+19 5.3199e+38 
8.9e+14 5.30308e+34 6.42502e+19 5.32247e+38 
8.90459e+14 5.31683e+34 6.43951e+19 5.32505e+38 
8.90919e+14 5.33059e+34 6.454e+19 5.32762e+38 
8.91378e+14 5.34436e+34 6.46848e+19 5.3302e+38 
8.91838e+14 5.35814e+34 6.48296e+19 5.33278e+38 
8.92298e+14 5.37192e+34 6.49744e+19 5.33536e+38 
8.92758e+14 5.38571e+34 6.51192e+19 5.33794e+38 
8.93219e+14 5.39951e+34 6.5264e+19 5.34052e+38 
8.9368e+14 5.41331e+34 6.54088e+19 5.3431e+38 
8.94141e+14 5.42712e+34 6.55535e+19 5.34568e+38 
8.94602e+14 5.44094e+34 6.56982e+19 5.34826e+38 
8.95063e+14 5.45476e+34 6.58429e+19 5.35085e+38 
8.95525e+14 5.4686e+34 6.59876e+19 5.35343e+38 
8.95987e+14 5.48244e+34 6.61323e+19 5.35602e+38 
8.96449e+14 5.49628e+34 6.62769e+19 5.3586e+38 
8.96912e+14 5.51014e+34 6.64215e+19 5.36119e+38 
8.97374e+14 5.524e+34 6.65661e+19 5.36378e+38 
8.97837e+14 5.53787e+34 6.67107e+19 5.36637e+38 
8.98301e+14 5.55174e+34 6.68553e+19 5.36896e+38 
8.98764e+14 5.56562e+34 6.69999e+19 5.37155e+38 
8.99228e+14 5.57951e+34 6.71444e+19 5.37414e+38 
8.99691e+14 5.59341e+34 6.72889e+19 5.37673e+38 
9.00156e+14 5.60731e+34 6.74334e+19 5.37933e+38 
9.0062e+14 5.62123e+34 6.75779e+19 5.38192e+38 
9.01084e+14 5.63514e+34 6.77223e+19 5.38452e+38 
9.01549e+14 5.64907e+34 6.78668e+19 5.38712e+38 
9.02014e+14 5.663e+34 6.80112e+19 5.38971e+38 
9.0248e+14 5.67694e+34 6.81556e+19 5.39231e+38 
9.02945e+14 5.69089e+34 6.83e+19 5.39491e+38 
9.03411e+14 5.70484e+34 6.84444e+19 5.39751e+38 
9.03877e+14 5.71881e+34 6.85887e+19 5.40011e+38 
9.04343e+14 5.73277e+34 6.87331e+19 5.40272e+38 
9.0481e+14 5.74675e+34 6.88774e+19 5.40532e+38 
9.05277e+14 5.76073e+34 6.90217e+19 5.40792e+38 
9.05744e+14 5.77472e+34 6.91659e+19 5.41053e+38 
9.06211e+14 5.78872e+34 6.93102e+19 5.41313e+38 
9.06678e+14 5.80273e+34 6.94544e+19 5.41574e+38 
9.07146e+14 5.81674e+34 6.95987e+19 5.41835e+38 
9.07614e+14 5.83076e+34 6.97429e+19 5.42096e+38 
9.08082e+14 5.84478e+34 6.9887e+19 5.42357e+38 
9.08551e+14 5.85882e+34 7.00312e+19 5.42618e+38 
9.09019e+14 5.87286e+34 7.01754e+19 5.42879e+38 
9.09488e+14 5.88691e+34 7.03195e+19 5.4314e+38 
9.09957e+14 5.90096e+34 7.04636e+19 5.43401e+38 
9.10427e+14 5.91502e+34 7.06077e+19 5.43663e+38 
9.10896e+14 5.92909e+34 7.07518e+19 5.43924e+38 
9.11366e+14 5.94317e+34 7.08958e+19 5.44186e+38 
9.11836e+14 5.95726e+34 7.10399e+19 5.44448e+38 
9.12307e+14 5.97135e+34 7.11839e+19 5.4471e+38 
9.12777e+14 5.98545e+34 7.13279e+19 5.44971e+38 
9.13248e+14 5.99955e+34 7.14719e+19 5.45233e+38 
9.13719e+14 6.01367e+34 7.16159e+19 5.45496e+38 
9.14191e+14 6.02779e+34 7.17598e+19 5.45758e+38 
9.14662e+14 6.04191e+34 7.19038e+19 5.4602e+38 
9.15134e+14 6.05605e+34 7.20477e+19 5.46282e+38 
9.15606e+14 6.07019e+34 7.21916e+19 5.46545e+38 
9.16078e+14 6.08434e+34 7.23354e+19 5.46807e+38 
9.16551e+14 6.0985e+34 7.24793e+19 5.4707e+38 
9.17024e+14 6.11266e+34 7.26231e+19 5.47333e+38 
9.17497e+14 6.12684e+34 7.2767e+19 5.47596e+38 
9.1797e+14 6.14102e+34 7.29108e+19 5.47858e+38 
9.18444e+14 6.1552e+34 7.30546e+19 5.48121e+38 
9.18918e+14 6.1694e+34 7.31983e+19 5.48385e+38 
9.19392e+14 6.1836e+34 7.33421e+19 5.48648e+38 
9.19866e+14 6.19781e+34 7.34858e+19 5.48911e+38 
9.2034e+14 6.21202e+34 7.36296e+19 5.49174e+38 
9.20815e+14 6.22624e+34 7.37733e+19 5.49438e+38 
9.2129e+14 6.24047e+34 7.39169e+19 5.49702e+38 
9.21765e+14 6.25471e+34 7.40606e+19 5.49965e+38 
9.22241e+14 6.26896e+34 7.42042e+19 5.50229e+38 
9.22717e+14 6.28321e+34 7.43479e+19 5.50493e+38 
9.23193e+14 6.29747e+34 7.44915e+19 5.50757e+38 
9.23669e+14 6.31174e+34 7.46351e+19 5.51021e+38 
9.24145e+14 6.32601e+34 7.47787e+19 5.51285e+38 
9.24622e+14 6.34029e+34 7.49222e+19 5.51549e+38 
9.25099e+14 6.35458e+34 7.50658e+19 5.51814e+38 
9.25576e+14 6.36888e+34 7.52093e+19 5.52078e+38 
9.26054e+14 6.38318e+34 7.53528e+19 5.52342e+38 
9.26531e+14 6.39749e+34 7.54963e+19 5.52607e+38 
9.27009e+14 6.41181e+34 7.56397e+19 5.52872e+38 
9.27488e+14 6.42614e+34 7.57832e+19 5.53137e+38 
9.27966e+14 6.44047e+34 7.59266e+19 5.53401e+38 
9.28445e+14 6.45481e+34 7.607e+19 5.53666e+38 
9.28924e+14 6.46916e+34 7.62134e+19 5.53932e+38 
9.29403e+14 6.48352e+34 7.63568e+19 5.54197e+38 
9.29882e+14 6.49788e+34 7.65002e+19 5.54462e+38 
9.30362e+14 6.51225e+34 7.66435e+19 5.54727e+38 
9.30842e+14 6.52663e+34 7.67869e+19 5.54993e+38 
9.31322e+14 6.54102e+34 7.69302e+19 5.55258e+38 
9.31802e+14 6.55541e+34 7.70735e+19 5.55524e+38 
9.32283e+14 6.56981e+34 7.72168e+19 5.5579e+38 
9.32764e+14 6.58422e+34 7.736e+19 5.56056e+38 
9.33245e+14 6.59863e+34 7.75033e+19 5.56322e+38 
9.33727e+14 6.61305e+34 7.76465e+19 5.56588e+38 
9.34208e+14 6.62748e+34 7.77897e+19 5.56854e+38 
9.3469e+14 6.64192e+34 7.79329e+19 5.5712e+38 
9.35172e+14 6.65637e+34 7.80761e+19 5.57386e+38 
9.35655e+14 6.67082e+34 7.82192e+19 5.57653e+38 
9.36137e+14 6.68528e+34 7.83623e+19 5.57919e+38 
9.3662e+14 6.69975e+34 7.85055e+19 5.58186e+38 
9.37103e+14 6.71422e+34 7.86486e+19 5.58452e+38 
9.37587e+14 6.7287e+34 7.87917e+19 5.58719e+38 
9.38071e+14 6.74319e+34 7.89347e+19 5.58986e+38 
9.38554e+14 6.75769e+34 7.90778e+19 5.59253e+38 
9.39039e+14 6.77219e+34 7.92208e+19 5.5952e+38 
9.39523e+14 6.78671e+34 7.93638e+19 5.59787e+38 
9.40008e+14 6.80123e+34 7.95068e+19 5.60055e+38 
9.40493e+14 6.81575e+34 7.96498e+19 5.60322e+38 
9.40978e+14 6.83029e+34 7.97928e+19 5.60589e+38 
9.41463e+14 6.84483e+34 7.99357e+19 5.60857e+38 
9.41949e+14 6.85938e+34 8.00787e+19 5.61125e+38 
9.42435e+14 6.87394e+34 8.02216e+19 5.61392e+38 
9.42921e+14 6.8885e+34 8.03645e+19 5.6166e+38 
9.43407e+14 6.90307e+34 8.05073e+19 5.61928e+38 
9.43894e+14 6.91765e+34 8.06502e+19 5.62196e+38 
9.44381e+14 6.93224e+34 8.0793e+19 5.62464e+38 
9.44868e+14 6.94683e+34 8.09359e+19 5.62732e+38 
9.45355e+14 6.96144e+34 8.10787e+19 5.63001e+38 
9.45843e+14 6.97605e+34 8.12215e+19 5.63269e+38 
9.46331e+14 6.99066e+34 8.13643e+19 5.63538e+38 
9.46819e+14 7.00529e+34 8.1507e+19 5.63806e+38 
9.47308e+14 7.01992e+34 8.16498e+19 5.64075e+38 
9.47796e+14 7.03456e+34 8.17925e+19 5.64344e+38 
9.48285e+14 7.04921e+34 8.19352e+19 5.64613e+38 
9.48774e+14 7.06386e+34 8.20779e+19 5.64882e+38 
9.49264e+14 7.07853e+34 8.22206e+19 5.65151e+38 
9.49753e+14 7.0932e+34 8.23632e+19 5.6542e+38 
9.50243e+14 7.10787e+34 8.25059e+19 5.65689e+38 
9.50734e+14 7.12256e+34 8.26485e+19 5.65959e+38 
9.51224e+14 7.13725e+34 8.27911e+19 5.66228e+38 
9.51715e+14 7.15195e+34 8.29337e+19 5.66498e+38 
9.52206e+14 7.16666e+34 8.30762e+19 5.66767e+38 
9.52697e+14 7.18137e+34 8.32188e+19 5.67037e+38 
9.53188e+14 7.1961e+34 8.33613e+19 5.67307e+38 
9.5368e+14 7.21083e+34 8.35039e+19 5.67577e+38 
9.54172e+14 7.22557e+34 8.36464e+19 5.67847e+38 
9.54664e+14 7.24031e+34 8.37888e+19 5.68117e+38 
9.55157e+14 7.25507e+34 8.39313e+19 5.68387e+38 
9.55649e+14 7.26983e+34 8.40738e+19 5.68658e+38 
9.56142e+14 7.2846e+34 8.42162e+19 5.68928e+38 
9.56636e+14 7.29937e+34 8.43586e+19 5.69199e+38 
9.57129e+14 7.31416e+34 8.4501e+19 5.69469e+38 
9.57623e+14 7.32895e+34 8.46434e+19 5.6974e+38 
9.58117e+14 7.34375e+34 8.47858e+19 5.70011e+38 
9.58611e+14 7.35855e+34 8.49281e+19 5.70282e+38 
9.59106e+14 7.37337e+34 8.50705e+19 5.70553e+38 
9.596e+14 7.38819e+34 8.52128e+19 5.70824e+38 
9.60095e+14 7.40302e+34 8.53551e+19 5.71095e+38 
9.60591e+14 7.41786e+34 8.54974e+19 5.71366e+38 
9.61086e+14 7.4327e+34 8.56397e+19 5.71638e+38 
9.61582e+14 7.44756e+34 8.57819e+19 5.71909e+38 
9.62078e+14 7.46242e+34 8.59241e+19 5.72181e+38 
9.62574e+14 7.47729e+34 8.60664e+19 5.72452e+38 
9.63071e+14 7.49216e+34 8.62086e+19 5.72724e+38 
9.63568e+14 7.50704e+34 8.63507e+19 5.72996e+38 
9.64065e+14 7.52194e+34 8.64929e+19 5.73268e+38 
9.64562e+14 7.53683e+34 8.66351e+19 5.7354e+38 
9.6506e+14 7.55174e+34 8.67772e+19 5.73812e+38 
9.65557e+14 7.56666e+34 8.69193e+19 5.74085e+38 
9.66055e+14 7.58158e+34 8.70614e+19 5.74357e+38 
9.66554e+14 7.59651e+34 8.72035e+19 5.74629e+38 
9.67052e+14 7.61144e+34 8.73456e+19 5.74902e+38 
9.67551e+14 7.62639e+34 8.74876e+19 5.75175e+38 
9.6805e+14 7.64134e+34 8.76297e+19 5.75447e+38 
9.6855e+14 7.6563e+34 8.77717e+19 5.7572e+38 
9.69049e+14 7.67127e+34 8.79137e+19 5.75993e+38 
9.69549e+14 7.68625e+34 8.80557e+19 5.76266e+38 
9.70049e+14 7.70123e+34 8.81977e+19 5.76539e+38 
9.7055e+14 7.71622e+34 8.83396e+19 5.76813e+38 
9.7105e+14 7.73122e+34 8.84815e+19 5.77086e+38 
9.71551e+14 7.74623e+34 8.86235e+19 5.77359e+38 
9.72053e+14 7.76124e+34 8.87654e+19 5.77633e+38 
9.72554e+14 7.77626e+34 8.89073e+19 5.77907e+38 
9.73056e+14 7.79129e+34 8.90491e+19 5.7818e+38 
9.73558e+14 7.80633e+34 8.9191e+19 5.78454e+38 
9.7406e+14 7.82138e+34 8.93328e+19 5.78728e+38 
9.74562e+14 7.83643e+34 8.94746e+19 5.79002e+38 
9.75065e+14 7.85149e+34 8.96165e+19 5.79276e+38 
9.75568e+14 7.86656e+34 8.97582e+19 5.79551e+38 
9.76071e+14 7.88164e+34 8.99e+19 5.79825e+38 
9.76575e+14 7.89672e+34 9.00418e+19 5.80099e+38 
9.77079e+14 7.91181e+34 9.01835e+19 5.80374e+38 
9.77583e+14 7.92691e+34 9.03252e+19 5.80648e+38 
9.78087e+14 7.94202e+34 9.04669e+19 5.80923e+38 
9.78591e+14 7.95714e+34 9.06086e+19 5.81198e+38 
9.79096e+14 7.97226e+34 9.07503e+19 5.81473e+38 
9.79601e+14 7.98739e+34 9.0892e+19 5.81748e+38 
9.80107e+14 8.00253e+34 9.10336e+19 5.82023e+38 
9.80612e+14 8.01768e+34 9.11752e+19 5.82298e+38 
9.81118e+14 8.03283e+34 9.13169e+19 5.82574e+38 
9.81624e+14 8.04799e+34 9.14584e+19 5.82849e+38 
9.82131e+14 8.06316e+34 9.16e+19 5.83125e+38 
9.82637e+14 8.07834e+34 9.17416e+19 5.834e+38 
9.83144e+14 8.09353e+34 9.18831e+19 5.83676e+38 
9.83651e+14 8.10872e+34 9.20247e+19 5.83952e+38 
9.84159e+14 8.12392e+34 9.21662e+19 5.84228e+38 
9.84666e+14 8.13913e+34 9.23077e+19 5.84504e+38 
9.85174e+14 8.15435e+34 9.24492e+19 5.8478e+38 
9.85683e+14 8.16958e+34 9.25906e+19 5.85056e+38 
9.86191e+14 8.18481e+34 9.27321e+19 5.85332e+38 
9.867e+14 8.20005e+34 9.28735e+19 5.85609e+38 
9.87209e+14 8.2153e+34 9.30149e+19 5.85885e+38 
9.87718e+14 8.23055e+34 9.31563e+19 5.86162e+38 
9.88227e+14 8.24582e+34 9.32977e+19 5.86438e+38 
9.88737e+14 8.26109e+34 9.34391e+19 5.86715e+38 
9.89247e+14 8.27637e+34 9.35804e+19 5.86992e+38 
9.89758e+14 8.29166e+34 9.37218e+19 5.87269e+38 
9.90268e+14 8.30695e+34 9.38631e+19 5.87546e+38 
9.90779e+14 8.32226e+34 9.40044e+19 5.87823e+38 
9.9129e+14 8.33757e+34 9.41457e+19 5.88101e+38 
9.91801e+14 8.35289e+34 9.42869e+19 5.88378e+38 
9.92313e+14 8.36822e+34 9.44282e+19 5.88655e+38 
9.92825e+14 8.38355e+34 9.45694e+19 5.88933e+38 
9.93337e+14 8.3989e+34 9.47107e+19 5.89211e+38 
9.9385e+14 8.41425e+34 9.48519e+19 5.89489e+38 
9.94362e+14 8.42961e+34 9.49931e+19 5.89766e+38 
9.94875e+14 8.44497e+34 9.51342e+19 5.90044e+38 
9.95388e+14 8.46035e+34 9.52754e+19 5.90322e+38 
9.95902e+14 8.47573e+34 9.54166e+19 5.90601e+38 
9.96416e+14 8.49112e+34 9.55577e+19 5.90879e+38 
9.9693e+14 8.50652e+34 9.56988e+19 5.91157e+38 
9.97444e+14 8.52193e+34 9.58399e+19 5.91436e+38 
9.97958e+14 8.53734e+34 9.5981e+19 5.91714e+38 
9.98473e+14 8.55277e+34 9.6122e+19 5.91993e+38 
9.98988e+14 8.5682e+34 9.62631e+19 5.92272e+38 
9.99504e+14 8.58363e+34 9.64041e+19 5.92551e+38 
1.00002e+15 8.59908e+34 9.65451e+19 5.9283e+38 
1.00054e+15 8.61454e+34 9.66861e+19 5.93109e+38 
1.00105e+15 8.63e+34 9.68271e+19 5.93388e+38 
1.00157e+15 8.64547e+34 9.69681e+19 5.93667e+38 
1.00208e+15 8.66095e+34 9.71091e+19 5.93947e+38 
1.0026e+15 8.67643e+34 9.725e+19 5.94226e+38 
1.00312e+15 8.69193e+34 9.73909e+19 5.94506e+38 
1.00364e+15 8.70743e+34 9.75318e+19 5.94785e+38 
1.00415e+15 8.72294e+34 9.76727e+19 5.95065e+38 
1.00467e+15 8.73846e+34 9.78136e+19 5.95345e+38 
1.00519e+15 8.75399e+34 9.79545e+19 5.95625e+38 
1.00571e+15 8.76952e+34 9.80953e+19 5.95905e+38 
1.00623e+15 8.78506e+34 9.82361e+19 5.96185e+38 
1.00675e+15 8.80061e+34 9.8377e+19 5.96466e+38 
1.00727e+15 8.81617e+34 9.85178e+19 5.96746e+38 
1.00779e+15 8.83174e+34 9.86585e+19 5.97027e+38 
1.00831e+15 8.84731e+34 9.87993e+19 5.97307e+38 
1.00883e+15 8.86289e+34 9.89401e+19 5.97588e+38 
1.00935e+15 8.87848e+34 9.90808e+19 5.97869e+38 
1.00987e+15 8.89408e+34 9.92215e+19 5.9815e+38 
1.01039e+15 8.90969e+34 9.93622e+19 5.98431e+38 
1.01091e+15 8.9253e+34 9.95029e+19 5.98712e+38 
1.01143e+15 8.94093e+34 9.96436e+19 5.98993e+38 
1.01195e+15 8.95656e+34 9.97842e+19 5.99274e+38 
1.01247e+15 8.9722e+34 9.99249e+19 5.99556e+38 
1.013e+15 8.98784e+34 1.00066e+20 5.99837e+38 
1.01352e+15 9.0035e+34 1.00206e+20 6.00119e+38 
1.01404e+15 9.01916e+34 1.00347e+20 6.004e+38 
1.01456e+15 9.03483e+34 1.00487e+20 6.00682e+38 
1.01509e+15 9.05051e+34 1.00628e+20 6.00964e+38 
1.01561e+15 9.0662e+34 1.00768e+20 6.01246e+38 
1.01614e+15 9.0819e+34 1.00909e+20 6.01528e+38 
1.01666e+15 9.0976e+34 1.01049e+20 6.0181e+38 
1.01718e+15 9.11331e+34 1.0119e+20 6.02093e+38 
1.01771e+15 9.12903e+34 1.0133e+20 6.02375e+38 
1.01823e+15 9.14476e+34 1.01471e+20 6.02658e+38 
1.01876e+15 9.16049e+34 1.01611e+20 6.0294e+38 
1.01928e+15 9.17624e+34 1.01752e+20 6.03223e+38 
1.01981e+15 9.19199e+34 1.01892e+20 6.03506e+38 
1.02034e+15 9.20775e+34 1.02033e+20 6.03789e+38 
1.02086e+15 9.22352e+34 1.02173e+20 6.04072e+38 
1.02139e+15 9.2393e+34 1.02313e+20 6.04355e+38 
1.02192e+15 9.25508e+34 1.02454e+20 6.04638e+38 
1.02244e+15 9.27087e+34 1.02594e+20 6.04921e+38 
1.02297e+15 9.28668e+34 1.02735e+20 6.05205e+38 
1.0235e+15 9.30248e+34 1.02875e+20 6.05488e+38 
1.02403e+15 9.3183e+34 1.03015e+20 6.05772e+38 
1.02455e+15 9.33413e+34 1.03155e+20 6.06056e+38 
1.02508e+15 9.34996e+34 1.03296e+20 6.0634e+38 
1.02561e+15 9.3658e+34 1.03436e+20 6.06624e+38 
1.02614e+15 9.38165e+34 1.03576e+20 6.06908e+38 
1.02667e+15 9.39751e+34 1.03716e+20 6.07192e+38 
1.0272e+15 9.41338e+34 1.03857e+20 6.07476e+38 
1.02773e+15 9.42925e+34 1.03997e+20 6.0776e+38 
1.02826e+15 9.44513e+34 1.04137e+20 6.08045e+38 
1.02879e+15 9.46103e+34 1.04277e+20 6.08329e+38 
1.02932e+15 9.47692e+34 1.04417e+20 6.08614e+38 
1.02985e+15 9.49283e+34 1.04557e+20 6.08899e+38 
1.03038e+15 9.50875e+34 1.04698e+20 6.09184e+38 
1.03091e+15 9.52467e+34 1.04838e+20 6.09469e+38 
1.03145e+15 9.5406e+34 1.04978e+20 6.09754e+38 
1.03198e+15 9.55654e+34 1.05118e+20 6.10039e+38 
1.03251e+15 9.57249e+34 1.05258e+20 6.10324e+38 
1.03304e+15 9.58845e+34 1.05398e+20 6.1061e+38 
1.03358e+15 9.60441e+34 1.05538e+20 6.10895e+38 
1.03411e+15 9.62039e+34 1.05678e+20 6.11181e+38 
1.03464e+15 9.63637e+34 1.05818e+20 6.11466e+38 
1.03518e+15 9.65236e+34 1.05958e+20 6.11752e+38 
1.03571e+15 9.66835e+34 1.06098e+20 6.12038e+38 
1.03625e+15 9.68436e+34 1.06238e+20 6.12324e+38 
1.03678e+15 9.70038e+34 1.06378e+20 6.1261e+38 
1.03731e+15 9.7164e+34 1.06518e+20 6.12896e+38 
1.03785e+15 9.73243e+34 1.06658e+20 6.13183e+38 
1.03839e+15 9.74847e+34 1.06798e+20 6.13469e+38 
1.03892e+15 9.76452e+34 1.06938e+20 6.13755e+38 
1.03946e+15 9.78057e+34 1.07077e+20 6.14042e+38 
1.03999e+15 9.79663e+34 1.07217e+20 6.14329e+38 
1.04053e+15 9.81271e+34 1.07357e+20 6.14616e+38 
1.04107e+15 9.82879e+34 1.07497e+20 6.14903e+38 
1.0416e+15 9.84488e+34 1.07637e+20 6.1519e+38 
1.04214e+15 9.86097e+34 1.07777e+20 6.15477e+38 
1.04268e+15 9.87708e+34 1.07916e+20 6.15764e+38 
1.04322e+15 9.89319e+34 1.08056e+20 6.16051e+38 
1.04375e+15 9.90931e+34 1.08196e+20 6.16339e+38 
1.04429e+15 9.92545e+34 1.08336e+20 6.16626e+38 
1.04483e+15 9.94158e+34 1.08475e+20 6.16914e+38 
1.04537e+15 9.95773e+34 1.08615e+20 6.17202e+38 
1.04591e+15 9.97389e+34 1.08755e+20 6.17489e+38 
1.04645e+15 9.99005e+34 1.08894e+20 6.17777e+38 
1.04699e+15 1.00062e+35 1.09034e+20 6.18065e+38 
1.04753e+15 1.00224e+35 1.09174e+20 6.18354e+38 
1.04807e+15 1.00386e+35 1.09313e+20 6.18642e+38 
1.04861e+15 1.00548e+35 1.09453e+20 6.1893e+38 
1.04915e+15 1.0071e+35 1.09592e+20 6.19219e+38 
1.04969e+15 1.00872e+35 1.09732e+20 6.19507e+38 
1.05023e+15 1.01034e+35 1.09872e+20 6.19796e+38 
1.05078e+15 1.01197e+35 1.10011e+20 6.20085e+38 
1.05132e+15 1.01359e+35 1.10151e+20 6.20374e+38 
1.05186e+15 1.01521e+35 1.1029e+20 6.20663e+38 
1.0524e+15 1.01684e+35 1.1043e+20 6.20952e+38 
1.05295e+15 1.01847e+35 1.10569e+20 6.21241e+38 
1.05349e+15 1.02009e+35 1.10709e+20 6.2153e+38 
1.05403e+15 1.02172e+35 1.10848e+20 6.2182e+38 
1.05458e+15 1.02335e+35 1.10988e+20 6.22109e+38 
1.05512e+15 1.02498e+35 1.11127e+20 6.22399e+38 
1.05566e+15 1.02661e+35 1.11267e+20 6.22689e+38 
1.05621e+15 1.02824e+35 1.11406e+20 6.22978e+38 
1.05675e+15 1.02987e+35 1.11545e+20 6.23268e+38 
1.0573e+15 1.03151e+35 1.11685e+20 6.23558e+38 
1.05784e+15 1.03314e+35 1.11824e+20 6.23849e+38 
1.05839e+15 1.03478e+35 1.11963e+20 6.24139e+38 
1.05894e+15 1.03641e+35 1.12103e+20 6.24429e+38 
1.05948e+15 1.03805e+35 1.12242e+20 6.2472e+38 
1.06003e+15 1.03969e+35 1.12381e+20 6.2501e+38 
1.06058e+15 1.04132e+35 1.12521e+20 6.25301e+38 
1.06112e+15 1.04296e+35 1.1266e+20 6.25592e+38 
1.06167e+15 1.0446e+35 1.12799e+20 6.25882e+38 
1.06222e+15 1.04624e+35 1.12938e+20 6.26173e+38 
1.06277e+15 1.04789e+35 1.13078e+20 6.26465e+38 
1.06331e+15 1.04953e+35 1.13217e+20 6.26756e+38 
1.06386e+15 1.05117e+35 1.13356e+20 6.27047e+38 
1.06441e+15 1.05282e+35 1.13495e+20 6.27338e+38 
1.06496e+15 1.05446e+35 1.13635e+20 6.2763e+38 
1.06551e+15 1.05611e+35 1.13774e+20 6.27922e+38 
1.06606e+15 1.05775e+35 1.13913e+20 6.28213e+38 
1.06661e+15 1.0594e+35 1.14052e+20 6.28505e+38 
1.06716e+15 1.06105e+35 1.14191e+20 6.28797e+38 
1.06771e+15 1.0627e+35 1.1433e+20 6.29089e+38 
1.06826e+15 1.06435e+35 1.14469e+20 6.29381e+38 
1.06881e+15 1.066e+35 1.14608e+20 6.29673e+38 
1.06936e+15 1.06765e+35 1.14747e+20 6.29966e+38 
1.06991e+15 1.0693e+35 1.14886e+20 6.30258e+38 
1.07047e+15 1.07096e+35 1.15025e+20 6.30551e+38 
1.07102e+15 1.07261e+35 1.15165e+20 6.30843e+38 
1.07157e+15 1.07427e+35 1.15304e+20 6.31136e+38 
1.07212e+15 1.07592e+35 1.15442e+20 6.31429e+38 
1.07268e+15 1.07758e+35 1.15581e+20 6.31722e+38 
1.07323e+15 1.07924e+35 1.1572e+20 6.32015e+38 
1.07378e+15 1.0809e+35 1.15859e+20 6.32308e+38 
1.07434e+15 1.08256e+35 1.15998e+20 6.32602e+38 
1.07489e+15 1.08422e+35 1.16137e+20 6.32895e+38 
1.07545e+15 1.08588e+35 1.16276e+20 6.33189e+38 
1.076e+15 1.08754e+35 1.16415e+20 6.33482e+38 
1.07656e+15 1.0892e+35 1.16554e+20 6.33776e+38 
1.07711e+15 1.09087e+35 1.16693e+20 6.3407e+38 
1.07767e+15 1.09253e+35 1.16832e+20 6.34364e+38 
1.07822e+15 1.0942e+35 1.1697e+20 6.34658e+38 
1.07878e+15 1.09586e+35 1.17109e+20 6.34952e+38 
1.07934e+15 1.09753e+35 1.17248e+20 6.35246e+38 
1.07989e+15 1.0992e+35 1.17387e+20 6.35541e+38 
1.08045e+15 1.10087e+35 1.17526e+20 6.35835e+38 
1.08101e+15 1.10254e+35 1.17664e+20 6.3613e+38 
1.08156e+15 1.10421e+35 1.17803e+20 6.36424e+38 
1.08212e+15 1.10588e+35 1.17942e+20 6.36719e+38 
1.08268e+15 1.10755e+35 1.18081e+20 6.37014e+38 
1.08324e+15 1.10922e+35 1.18219e+20 6.37309e+38 
1.0838e+15 1.1109e+35 1.18358e+20 6.37604e+38 
1.08436e+15 1.11257e+35 1.18497e+20 6.37899e+38 
1.08492e+15 1.11425e+35 1.18635e+20 6.38195e+38 
1.08548e+15 1.11592e+35 1.18774e+20 6.3849e+38 
1.08604e+15 1.1176e+35 1.18913e+20 6.38786e+38 
1.0866e+15 1.11928e+35 1.19051e+20 6.39081e+38 
1.08716e+15 1.12096e+35 1.1919e+20 6.39377e+38 
1.08772e+15 1.12264e+35 1.19328e+20 6.39673e+38 
1.08828e+15 1.12432e+35 1.19467e+20 6.39969e+38 
1.08884e+15 1.126e+35 1.19606e+20 6.40265e+38 
1.0894e+15 1.12769e+35 1.19744e+20 6.40561e+38 
1.08996e+15 1.12937e+35 1.19883e+20 6.40857e+38 
1.09053e+15 1.13105e+35 1.20021e+20 6.41154e+38 
1.09109e+15 1.13274e+35 1.2016e+20 6.4145e+38 
1.09165e+15 1.13442e+35 1.20298e+20 6.41747e+38 
1.09221e+15 1.13611e+35 1.20437e+20 6.42044e+38 
1.09278e+15 1.1378e+35 1.20575e+20 6.4234e+38 
1.09334e+15 1.13949e+35 1.20714e+20 6.42637e+38 
1.09391e+15 1.14118e+35 1.20852e+20 6.42934e+38 
1.09447e+15 1.14287e+35 1.20991e+20 6.43231e+38 
1.09503e+15 1.14456e+35 1.21129e+20 6.43529e+38 
1.0956e+15 1.14625e+35 1.21267e+20 6.43826e+38 
1.09616e+15 1.14795e+35 1.21406e+20 6.44124e+38 
1.09673e+15 1.14964e+35 1.21544e+20 6.44421e+38 
1.0973e+15 1.15133e+35 1.21682e+20 6.44719e+38 
1.09786e+15 1.15303e+35 1.21821e+20 6.45017e+38 
1.09843e+15 1.15473e+35 1.21959e+20 6.45315e+38 
1.09899e+15 1.15642e+35 1.22097e+20 6.45613e+38 
1.09956e+15 1.15812e+35 1.22236e+20 6.45911e+38 
1.10013e+15 1.15982e+35 1.22374e+20 6.46209e+38 
1.1007e+15 1.16152e+35 1.22512e+20 6.46507e+38 
1.10126e+15 1.16322e+35 1.22651e+20 6.46806e+38 
1.10183e+15 1.16493e+35 1.22789e+20 6.47104e+38 
1.1024e+15 1.16663e+35 1.22927e+20 6.47403e+38 
1.10297e+15 1.16833e+35 1.23065e+20 6.47702e+38 
1.10354e+15 1.17004e+35 1.23203e+20 6.48e+38 
1.10411e+15 1.17174e+35 1.23342e+20 6.48299e+38 
1.10468e+15 1.17345e+35 1.2348e+20 6.48599e+38 
1.10525e+15 1.17516e+35 1.23618e+20 6.48898e+38 
1.10582e+15 1.17686e+35 1.23756e+20 6.49197e+38 
1.10639e+15 1.17857e+35 1.23894e+20 6.49496e+38 
1.10696e+15 1.18028e+35 1.24032e+20 6.49796e+38 
1.10753e+15 1.18199e+35 1.24171e+20 6.50096e+38 
1.1081e+15 1.1837e+35 1.24309e+20 6.50395e+38 
1.10867e+15 1.18542e+35 1.24447e+20 6.50695e+38 
1.10924e+15 1.18713e+35 1.24585e+20 6.50995e+38 
1.10982e+15 1.18884e+35 1.24723e+20 6.51295e+38 
1.11039e+15 1.19056e+35 1.24861e+20 6.51595e+38 
1.11096e+15 1.19228e+35 1.24999e+20 6.51896e+38 
1.11153e+15 1.19399e+35 1.25137e+20 6.52196e+38 
1.11211e+15 1.19571e+35 1.25275e+20 6.52496e+38 
1.11268e+15 1.19743e+35 1.25413e+20 6.52797e+38 
1.11326e+15 1.19915e+35 1.25551e+20 6.53098e+38 
1.11383e+15 1.20087e+35 1.25689e+20 6.53399e+38 
1.1144e+15 1.20259e+35 1.25827e+20 6.537e+38 
1.11498e+15 1.20431e+35 1.25965e+20 6.54001e+38 
1.11555e+15 1.20604e+35 1.26103e+20 6.54302e+38 
1.11613e+15 1.20776e+35 1.26241e+20 6.54603e+38 
1.11671e+15 1.20948e+35 1.26378e+20 6.54904e+38 
1.11728e+15 1.21121e+35 1.26516e+20 6.55206e+38 
1.11786e+15 1.21294e+35 1.26654e+20 6.55507e+38 
1.11844e+15 1.21466e+35 1.26792e+20 6.55809e+38 
1.11901e+15 1.21639e+35 1.2693e+20 6.56111e+38 
1.11959e+15 1.21812e+35 1.27068e+20 6.56413e+38 
1.12017e+15 1.21985e+35 1.27205e+20 6.56715e+38 
1.12074e+15 1.22158e+35 1.27343e+20 6.57017e+38 
1.12132e+15 1.22332e+35 1.27481e+20 6.57319e+38 
1.1219e+15 1.22505e+35 1.27619e+20 6.57622e+38 
1.12248e+15 1.22678e+35 1.27757e+20 6.57924e+38 
1.12306e+15 1.22852e+35 1.27894e+20 6.58227e+38 
1.12364e+15 1.23025e+35 1.28032e+20 6.58529e+38 
1.12422e+15 1.23199e+35 1.2817e+20 6.58832e+38 
1.1248e+15 1.23373e+35 1.28307e+20 6.59135e+38 
1.12538e+15 1.23546e+35 1.28445e+20 6.59438e+38 
1.12596e+15 1.2372e+35 1.28583e+20 6.59741e+38 
1.12654e+15 1.23894e+35 1.28721e+20 6.60044e+38 
1.12712e+15 1.24069e+35 1.28858e+20 6.60348e+38 
1.1277e+15 1.24243e+35 1.28996e+20 6.60651e+38 
1.12828e+15 1.24417e+35 1.29133e+20 6.60955e+38 
1.12887e+15 1.24591e+35 1.29271e+20 6.61258e+38 
1.12945e+15 1.24766e+35 1.29409e+20 6.61562e+38 
1.13003e+15 1.2494e+35 1.29546e+20 6.61866e+38 
1.13061e+15 1.25115e+35 1.29684e+20 6.6217e+38 
1.1312e+15 1.2529e+35 1.29821e+20 6.62474e+38 
1.13178e+15 1.25465e+35 1.29959e+20 6.62778e+38 
1.13236e+15 1.25639e+35 1.30096e+20 6.63083e+38 
1.13295e+15 1.25814e+35 1.30234e+20 6.63387e+38 
1.13353e+15 1.2599e+35 1.30371e+20 6.63692e+38 
1.13412e+15 1.26165e+35 1.30509e+20 6.63996e+38 
1.1347e+15 1.2634e+35 1.30646e+20 6.64301e+38 
1.13529e+15 1.26515e+35 1.30784e+20 6.64606e+38 
1.13587e+15 1.26691e+35 1.30921e+20 6.64911e+38 
1.13646e+15 1.26866e+35 1.31059e+20 6.65216e+38 
1.13705e+15 1.27042e+35 1.31196e+20 6.65521e+38 
1.13763e+15 1.27218e+35 1.31334e+20 6.65827e+38 
1.13822e+15 1.27393e+35 1.31471e+20 6.66132e+38 
1.13881e+15 1.27569e+35 1.31608e+20 6.66438e+38 
1.13939e+15 1.27745e+35 1.31746e+20 6.66743e+38 
1.13998e+15 1.27921e+35 1.31883e+20 6.67049e+38 
1.14057e+15 1.28098e+35 1.3202e+20 6.67355e+38 
1.14116e+15 1.28274e+35 1.32158e+20 6.67661e+38 
1.14175e+15 1.2845e+35 1.32295e+20 6.67967e+38 
1.14234e+15 1.28627e+35 1.32432e+20 6.68273e+38 
1.14292e+15 1.28803e+35 1.3257e+20 6.6858e+38 
1.14351e+15 1.2898e+35 1.32707e+20 6.68886e+38 
1.1441e+15 1.29157e+35 1.32844e+20 6.69193e+38 
1.14469e+15 1.29333e+35 1.32982e+20 6.69499e+38 
1.14529e+15 1.2951e+35 1.33119e+20 6.69806e+38 
1.14588e+15 1.29687e+35 1.33256e+20 6.70113e+38 
1.14647e+15 1.29864e+35 1.33393e+20 6.7042e+38 
1.14706e+15 1.30042e+35 1.3353e+20 6.70727e+38 
1.14765e+15 1.30219e+35 1.33668e+20 6.71034e+38 
1.14824e+15 1.30396e+35 1.33805e+20 6.71342e+38 
1.14883e+15 1.30574e+35 1.33942e+20 6.71649e+38 
1.14943e+15 1.30751e+35 1.34079e+20 6.71957e+38 
1.15002e+15 1.30929e+35 1.34216e+20 6.72264e+38 
1.15061e+15 1.31107e+35 1.34353e+20 6.72572e+38 
1.15121e+15 1.31284e+35 1.3449e+20 6.7288e+38 
1.1518e+15 1.31462e+35 1.34628e+20 6.73188e+38 
1.15239e+15 1.3164e+35 1.34765e+20 6.73496e+38 
1.15299e+15 1.31818e+35 1.34902e+20 6.73804e+38 
1.15358e+15 1.31997e+35 1.35039e+20 6.74113e+38 
1.15418e+15 1.32175e+35 1.35176e+20 6.74421e+38 
1.15477e+15 1.32353e+35 1.35313e+20 6.7473e+38 
1.15537e+15 1.32532e+35 1.3545e+20 6.75038e+38 
1.15597e+15 1.3271e+35 1.35587e+20 6.75347e+38 
1.15656e+15 1.32889e+35 1.35724e+20 6.75656e+38 
1.15716e+15 1.33068e+35 1.35861e+20 6.75965e+38 
1.15776e+15 1.33246e+35 1.35998e+20 6.76274e+38 
1.15835e+15 1.33425e+35 1.36135e+20 6.76583e+38 
1.15895e+15 1.33604e+35 1.36272e+20 6.76893e+38 
1.15955e+15 1.33783e+35 1.36409e+20 6.77202e+38 
1.16015e+15 1.33963e+35 1.36546e+20 6.77512e+38 
1.16075e+15 1.34142e+35 1.36683e+20 6.77821e+38 
1.16134e+15 1.34321e+35 1.36819e+20 6.78131e+38 
1.16194e+15 1.34501e+35 1.36956e+20 6.78441e+38 
1.16254e+15 1.3468e+35 1.37093e+20 6.78751e+38 
1.16314e+15 1.3486e+35 1.3723e+20 6.79061e+38 
1.16374e+15 1.3504e+35 1.37367e+20 6.79371e+38 
1.16434e+15 1.3522e+35 1.37504e+20 6.79682e+38 
1.16494e+15 1.354e+35 1.3764e+20 6.79992e+38 
1.16554e+15 1.3558e+35 1.37777e+20 6.80303e+38 
1.16615e+15 1.3576e+35 1.37914e+20 6.80614e+38 
1.16675e+15 1.3594e+35 1.38051e+20 6.80924e+38 
1.16735e+15 1.3612e+35 1.38188e+20 6.81235e+38 
1.16795e+15 1.36301e+35 1.38324e+20 6.81546e+38 
1.16855e+15 1.36481e+35 1.38461e+20 6.81858e+38 
1.16916e+15 1.36662e+35 1.38598e+20 6.82169e+38 
1.16976e+15 1.36842e+35 1.38735e+20 6.8248e+38 
1.17036e+15 1.37023e+35 1.38871e+20 6.82792e+38 
1.17097e+15 1.37204e+35 1.39008e+20 6.83103e+38 
1.17157e+15 1.37385e+35 1.39145e+20 6.83415e+38 
1.17218e+15 1.37566e+35 1.39281e+20 6.83727e+38 
1.17278e+15 1.37747e+35 1.39418e+20 6.84039e+38 
1.17338e+15 1.37929e+35 1.39555e+20 6.84351e+38 
1.17399e+15 1.3811e+35 1.39691e+20 6.84663e+38 
1.1746e+15 1.38291e+35 1.39828e+20 6.84975e+38 
1.1752e+15 1.38473e+35 1.39964e+20 6.85288e+38 
1.17581e+15 1.38654e+35 1.40101e+20 6.856e+38 
1.17641e+15 1.38836e+35 1.40238e+20 6.85913e+38 
1.17702e+15 1.39018e+35 1.40374e+20 6.86226e+38 
1.17763e+15 1.392e+35 1.40511e+20 6.86538e+38 
1.17824e+15 1.39382e+35 1.40647e+20 6.86851e+38 
1.17884e+15 1.39564e+35 1.40784e+20 6.87164e+38 
1.17945e+15 1.39746e+35 1.4092e+20 6.87478e+38 
1.18006e+15 1.39928e+35 1.41057e+20 6.87791e+38 
1.18067e+15 1.40111e+35 1.41193e+20 6.88104e+38 
1.18128e+15 1.40293e+35 1.4133e+20 6.88418e+38 
1.18189e+15 1.40476e+35 1.41466e+20 6.88732e+38 
1.1825e+15 1.40658e+35 1.41603e+20 6.89045e+38 
1.18311e+15 1.40841e+35 1.41739e+20 6.89359e+38 
1.18372e+15 1.41024e+35 1.41876e+20 6.89673e+38 
1.18433e+15 1.41207e+35 1.42012e+20 6.89987e+38 
1.18494e+15 1.4139e+35 1.42148e+20 6.90301e+38 
1.18555e+15 1.41573e+35 1.42285e+20 6.90616e+38 
1.18616e+15 1.41756e+35 1.42421e+20 6.9093e+38 
1.18677e+15 1.4194e+35 1.42557e+20 6.91245e+38 
1.18739e+15 1.42123e+35 1.42694e+20 6.91559e+38 
1.188e+15 1.42307e+35 1.4283e+20 6.91874e+38 
1.18861e+15 1.4249e+35 1.42966e+20 6.92189e+38 
1.18922e+15 1.42674e+35 1.43103e+20 6.92504e+38 
1.18984e+15 1.42858e+35 1.43239e+20 6.92819e+38 
1.19045e+15 1.43041e+35 1.43375e+20 6.93135e+38 
1.19107e+15 1.43225e+35 1.43512e+20 6.9345e+38 
1.19168e+15 1.4341e+35 1.43648e+20 6.93765e+38 
1.19229e+15 1.43594e+35 1.43784e+20 6.94081e+38 
1.19291e+15 1.43778e+35 1.4392e+20 6.94397e+38 
1.19353e+15 1.43962e+35 1.44057e+20 6.94713e+38 
1.19414e+15 1.44147e+35 1.44193e+20 6.95029e+38 
1.19476e+15 1.44331e+35 1.44329e+20 6.95345e+38 
1.19537e+15 1.44516e+35 1.44465e+20 6.95661e+38 
1.19599e+15 1.44701e+35 1.44601e+20 6.95977e+38 
1.19661e+15 1.44886e+35 1.44738e+20 6.96293e+38 
1.19722e+15 1.4507e+35 1.44874e+20 6.9661e+38 
1.19784e+15 1.45255e+35 1.4501e+20 6.96927e+38 
1.19846e+15 1.45441e+35 1.45146e+20 6.97243e+38 
1.19908e+15 1.45626e+35 1.45282e+20 6.9756e+38 
1.1997e+15 1.45811e+35 1.45418e+20 6.97877e+38 
1.20032e+15 1.45996e+35 1.45554e+20 6.98194e+38 
1.20093e+15 1.46182e+35 1.4569e+20 6.98511e+38 
1.20155e+15 1.46368e+35 1.45826e+20 6.98829e+38 
1.20217e+15 1.46553e+35 1.45962e+20 6.99146e+38 
1.20279e+15 1.46739e+35 1.46099e+20 6.99464e+38 
1.20341e+15 1.46925e+35 1.46235e+20 6.99781e+38 
1.20404e+15 1.47111e+35 1.46371e+20 7.00099e+38 
1.20466e+15 1.47297e+35 1.46507e+20 7.00417e+38 
1.20528e+15 1.47483e+35 1.46643e+20 7.00735e+38 
1.2059e+15 1.47669e+35 1.46779e+20 7.01053e+38 
1.20652e+15 1.47856e+35 1.46915e+20 7.01372e+38 
1.20714e+15 1.48042e+35 1.4705e+20 7.0169e+38 
1.20777e+15 1.48229e+35 1.47186e+20 7.02008e+38 
1.20839e+15 1.48415e+35 1.47322e+20 7.02327e+38 
1.20901e+15 1.48602e+35 1.47458e+20 7.02646e+38 
1.20964e+15 1.48789e+35 1.47594e+20 7.02965e+38 
1.21026e+15 1.48976e+35 1.4773e+20 7.03284e+38 
1.21088e+15 1.49163e+35 1.47866e+20 7.03603e+38 
1.21151e+15 1.4935e+35 1.48002e+20 7.03922e+38 
1.21213e+15 1.49537e+35 1.48138e+20 7.04241e+38 
1.21276e+15 1.49725e+35 1.48274e+20 7.0456e+38 
1.21339e+15 1.49912e+35 1.48409e+20 7.0488e+38 
1.21401e+15 1.501e+35 1.48545e+20 7.052e+38 
1.21464e+15 1.50287e+35 1.48681e+20 7.05519e+38 
1.21526e+15 1.50475e+35 1.48817e+20 7.05839e+38 
1.21589e+15 1.50663e+35 1.48953e+20 7.06159e+38 
1.21652e+15 1.50851e+35 1.49088e+20 7.06479e+38 
1.21715e+15 1.51039e+35 1.49224e+20 7.068e+38 
1.21777e+15 1.51227e+35 1.4936e+20 7.0712e+38 
1.2184e+15 1.51415e+35 1.49496e+20 7.0744e+38 
1.21903e+15 1.51603e+35 1.49631e+20 7.07761e+38 
1.21966e+15 1.51792e+35 1.49767e+20 7.08082e+38 
1.22029e+15 1.5198e+35 1.49903e+20 7.08403e+38 
1.22092e+15 1.52169e+35 1.50038e+20 7.08723e+38 
1.22155e+15 1.52357e+35 1.50174e+20 7.09045e+38 
1.22218e+15 1.52546e+35 1.5031e+20 7.09366e+38 
1.22281e+15 1.52735e+35 1.50445e+20 7.09687e+38 
1.22344e+15 1.52924e+35 1.50581e+20 7.10008e+38 
1.22407e+15 1.53113e+35 1.50717e+20 7.1033e+38 
1.2247e+15 1.53302e+35 1.50852e+20 7.10652e+38 
1.22533e+15 1.53492e+35 1.50988e+20 7.10973e+38 
1.22597e+15 1.53681e+35 1.51124e+20 7.11295e+38 
1.2266e+15 1.5387e+35 1.51259e+20 7.11617e+38 
1.22723e+15 1.5406e+35 1.51395e+20 7.11939e+38 
1.22786e+15 1.5425e+35 1.5153e+20 7.12261e+38 
1.2285e+15 1.54439e+35 1.51666e+20 7.12584e+38 
1.22913e+15 1.54629e+35 1.51801e+20 7.12906e+38 
1.22976e+15 1.54819e+35 1.51937e+20 7.13229e+38 
1.2304e+15 1.55009e+35 1.52072e+20 7.13552e+38 
1.23103e+15 1.55199e+35 1.52208e+20 7.13874e+38 
1.23167e+15 1.5539e+35 1.52343e+20 7.14197e+38 
1.2323e+15 1.5558e+35 1.52479e+20 7.1452e+38 
1.23294e+15 1.5577e+35 1.52614e+20 7.14843e+38 
1.23358e+15 1.55961e+35 1.5275e+20 7.15167e+38 
1.23421e+15 1.56152e+35 1.52885e+20 7.1549e+38 
1.23485e+15 1.56342e+35 1.53021e+20 7.15814e+38 
1.23549e+15 1.56533e+35 1.53156e+20 7.16137e+38 
1.23612e+15 1.56724e+35 1.53292e+20 7.16461e+38 
1.23676e+15 1.56915e+35 1.53427e+20 7.16785e+38 
1.2374e+15 1.57106e+35 1.53562e+20 7.17109e+38 
1.23804e+15 1.57298e+35 1.53698e+20 7.17433e+38 
1.23868e+15 1.57489e+35 1.53833e+20 7.17757e+38 
1.23932e+15 1.5768e+35 1.53968e+20 7.18082e+38 
1.23995e+15 1.57872e+35 1.54104e+20 7.18406e+38 
1.24059e+15 1.58063e+35 1.54239e+20 7.18731e+38 
1.24123e+15 1.58255e+35 1.54374e+20 7.19055e+38 
1.24187e+15 1.58447e+35 1.5451e+20 7.1938e+38 
1.24251e+15 1.58639e+35 1.54645e+20 7.19705e+38 
1.24316e+15 1.58831e+35 1.5478e+20 7.2003e+38 
1.2438e+15 1.59023e+35 1.54915e+20 7.20355e+38 
1.24444e+15 1.59215e+35 1.55051e+20 7.20681e+38 
1.24508e+15 1.59408e+35 1.55186e+20 7.21006e+38 
1.24572e+15 1.596e+35 1.55321e+20 7.21332e+38 
1.24637e+15 1.59792e+35 1.55456e+20 7.21657e+38 
1.24701e+15 1.59985e+35 1.55592e+20 7.21983e+38 
1.24765e+15 1.60178e+35 1.55727e+20 7.22309e+38 
1.2483e+15 1.60371e+35 1.55862e+20 7.22635e+38 
1.24894e+15 1.60564e+35 1.55997e+20 7.22961e+38 
1.24958e+15 1.60757e+35 1.56132e+20 7.23287e+38 
1.25023e+15 1.6095e+35 1.56268e+20 7.23614e+38 
1.25087e+15 1.61143e+35 1.56403e+20 7.2394e+38 
1.25152e+15 1.61336e+35 1.56538e+20 7.24267e+38 
1.25216e+15 1.6153e+35 1.56673e+20 7.24593e+38 
1.25281e+15 1.61723e+35 1.56808e+20 7.2492e+38 
1.25346e+15 1.61917e+35 1.56943e+20 7.25247e+38 
1.2541e+15 1.6211e+35 1.57078e+20 7.25574e+38 
1.25475e+15 1.62304e+35 1.57213e+20 7.25902e+38 
1.2554e+15 1.62498e+35 1.57348e+20 7.26229e+38 
1.25604e+15 1.62692e+35 1.57483e+20 7.26556e+38 
1.25669e+15 1.62886e+35 1.57618e+20 7.26884e+38 
1.25734e+15 1.63081e+35 1.57753e+20 7.27212e+38 
1.25799e+15 1.63275e+35 1.57888e+20 7.27539e+38 
1.25864e+15 1.63469e+35 1.58023e+20 7.27867e+38 
1.25929e+15 1.63664e+35 1.58158e+20 7.28195e+38 
1.25994e+15 1.63858e+35 1.58293e+20 7.28523e+38 
1.26059e+15 1.64053e+35 1.58428e+20 7.28852e+38 
1.26124e+15 1.64248e+35 1.58563e+20 7.2918e+38 
1.26189e+15 1.64443e+35 1.58698e+20 7.29509e+38 
1.26254e+15 1.64638e+35 1.58833e+20 7.29837e+38 
1.26319e+15 1.64833e+35 1.58968e+20 7.30166e+38 
1.26384e+15 1.65028e+35 1.59103e+20 7.30495e+38 
1.26449e+15 1.65223e+35 1.59238e+20 7.30824e+38 
1.26515e+15 1.65419e+35 1.59373e+20 7.31153e+38 
1.2658e+15 1.65614e+35 1.59508e+20 7.31482e+38 
1.26645e+15 1.6581e+35 1.59643e+20 7.31812e+38 
1.26711e+15 1.66006e+35 1.59777e+20 7.32141e+38 
1.26776e+15 1.66202e+35 1.59912e+20 7.32471e+38 
1.26841e+15 1.66397e+35 1.60047e+20 7.328e+38 
1.26907e+15 1.66593e+35 1.60182e+20 7.3313e+38 
1.26972e+15 1.6679e+35 1.60317e+20 7.3346e+38 
1.27038e+15 1.66986e+35 1.60451e+20 7.3379e+38 
1.27103e+15 1.67182e+35 1.60586e+20 7.34121e+38 
1.27169e+15 1.67379e+35 1.60721e+20 7.34451e+38 
1.27234e+15 1.67575e+35 1.60856e+20 7.34781e+38 
1.273e+15 1.67772e+35 1.60991e+20 7.35112e+38 
1.27366e+15 1.67968e+35 1.61125e+20 7.35443e+38 
1.27431e+15 1.68165e+35 1.6126e+20 7.35773e+38 
1.27497e+15 1.68362e+35 1.61395e+20 7.36104e+38 
1.27563e+15 1.68559e+35 1.61529e+20 7.36435e+38 
1.27629e+15 1.68756e+35 1.61664e+20 7.36767e+38 
1.27695e+15 1.68954e+35 1.61799e+20 7.37098e+38 
1.2776e+15 1.69151e+35 1.61933e+20 7.37429e+38 
1.27826e+15 1.69348e+35 1.62068e+20 7.37761e+38 
1.27892e+15 1.69546e+35 1.62203e+20 7.38092e+38 
1.27958e+15 1.69744e+35 1.62337e+20 7.38424e+38 
1.28024e+15 1.69941e+35 1.62472e+20 7.38756e+38 
1.2809e+15 1.70139e+35 1.62607e+20 7.39088e+38 
1.28156e+15 1.70337e+35 1.62741e+20 7.3942e+38 
1.28222e+15 1.70535e+35 1.62876e+20 7.39753e+38 
1.28289e+15 1.70733e+35 1.6301e+20 7.40085e+38 
1.28355e+15 1.70932e+35 1.63145e+20 7.40417e+38 
1.28421e+15 1.7113e+35 1.6328e+20 7.4075e+38 
1.28487e+15 1.71329e+35 1.63414e+20 7.41083e+38 
1.28553e+15 1.71527e+35 1.63549e+20 7.41416e+38 
1.2862e+15 1.71726e+35 1.63683e+20 7.41749e+38 
1.28686e+15 1.71925e+35 1.63818e+20 7.42082e+38 
1.28753e+15 1.72123e+35 1.63952e+20 7.42415e+38 
1.28819e+15 1.72322e+35 1.64087e+20 7.42748e+38 
1.28885e+15 1.72521e+35 1.64221e+20 7.43082e+38 
1.28952e+15 1.72721e+35 1.64356e+20 7.43416e+38 
1.29018e+15 1.7292e+35 1.6449e+20 7.43749e+38 
1.29085e+15 1.73119e+35 1.64624e+20 7.44083e+38 
1.29152e+15 1.73319e+35 1.64759e+20 7.44417e+38 
1.29218e+15 1.73518e+35 1.64893e+20 7.44751e+38 
1.29285e+15 1.73718e+35 1.65028e+20 7.45085e+38 
1.29352e+15 1.73918e+35 1.65162e+20 7.4542e+38 
1.29418e+15 1.74118e+35 1.65297e+20 7.45754e+38 
1.29485e+15 1.74318e+35 1.65431e+20 7.46089e+38 
1.29552e+15 1.74518e+35 1.65565e+20 7.46424e+38 
1.29619e+15 1.74718e+35 1.657e+20 7.46758e+38 
1.29686e+15 1.74918e+35 1.65834e+20 7.47093e+38 
1.29752e+15 1.75119e+35 1.65968e+20 7.47428e+38 
1.29819e+15 1.75319e+35 1.66103e+20 7.47764e+38 
1.29886e+15 1.7552e+35 1.66237e+20 7.48099e+38 
1.29953e+15 1.75721e+35 1.66371e+20 7.48434e+38 
1.3002e+15 1.75922e+35 1.66506e+20 7.4877e+38 
1.30087e+15 1.76122e+35 1.6664e+20 7.49106e+38 
1.30155e+15 1.76324e+35 1.66774e+20 7.49441e+38 
1.30222e+15 1.76525e+35 1.66908e+20 7.49777e+38 
1.30289e+15 1.76726e+35 1.67043e+20 7.50113e+38 
1.30356e+15 1.76927e+35 1.67177e+20 7.5045e+38 
1.30423e+15 1.77129e+35 1.67311e+20 7.50786e+38 
1.30491e+15 1.7733e+35 1.67445e+20 7.51122e+38 
1.30558e+15 1.77532e+35 1.6758e+20 7.51459e+38 
1.30625e+15 1.77734e+35 1.67714e+20 7.51796e+38 
1.30693e+15 1.77936e+35 1.67848e+20 7.52132e+38 
1.3076e+15 1.78138e+35 1.67982e+20 7.52469e+38 
1.30827e+15 1.7834e+35 1.68116e+20 7.52806e+38 
1.30895e+15 1.78542e+35 1.6825e+20 7.53143e+38 
1.30963e+15 1.78744e+35 1.68385e+20 7.53481e+38 
1.3103e+15 1.78946e+35 1.68519e+20 7.53818e+38 
1.31098e+15 1.79149e+35 1.68653e+20 7.54156e+38 
1.31165e+15 1.79352e+35 1.68787e+20 7.54493e+38 
1.31233e+15 1.79554e+35 1.68921e+20 7.54831e+38 
1.31301e+15 1.79757e+35 1.69055e+20 7.55169e+38 
1.31368e+15 1.7996e+35 1.69189e+20 7.55507e+38 
1.31436e+15 1.80163e+35 1.69323e+20 7.55845e+38 
1.31504e+15 1.80366e+35 1.69457e+20 7.56184e+38 
1.31572e+15 1.80569e+35 1.69591e+20 7.56522e+38 
1.3164e+15 1.80773e+35 1.69725e+20 7.56861e+38 
1.31708e+15 1.80976e+35 1.69859e+20 7.57199e+38 
1.31775e+15 1.8118e+35 1.69993e+20 7.57538e+38 
1.31843e+15 1.81383e+35 1.70127e+20 7.57877e+38 
1.31911e+15 1.81587e+35 1.70261e+20 7.58216e+38 
1.3198e+15 1.81791e+35 1.70395e+20 7.58555e+38 
1.32048e+15 1.81995e+35 1.70529e+20 7.58894e+38 
1.32116e+15 1.82199e+35 1.70663e+20 7.59234e+38 
1.32184e+15 1.82403e+35 1.70797e+20 7.59573e+38 
1.32252e+15 1.82607e+35 1.70931e+20 7.59913e+38 
1.3232e+15 1.82812e+35 1.71065e+20 7.60253e+38 
1.32389e+15 1.83016e+35 1.71199e+20 7.60593e+38 
1.32457e+15 1.83221e+35 1.71333e+20 7.60933e+38 
1.32525e+15 1.83426e+35 1.71467e+20 7.61273e+38 
1.32594e+15 1.8363e+35 1.71601e+20 7.61613e+38 
1.32662e+15 1.83835e+35 1.71734e+20 7.61953e+38 
1.3273e+15 1.8404e+35 1.71868e+20 7.62294e+38 
1.32799e+15 1.84245e+35 1.72002e+20 7.62635e+38 
1.32867e+15 1.84451e+35 1.72136e+20 7.62975e+38 
1.32936e+15 1.84656e+35 1.7227e+20 7.63316e+38 
1.33004e+15 1.84861e+35 1.72404e+20 7.63657e+38 
1.33073e+15 1.85067e+35 1.72537e+20 7.63998e+38 
1.33142e+15 1.85273e+35 1.72671e+20 7.6434e+38 
1.3321e+15 1.85478e+35 1.72805e+20 7.64681e+38 
1.33279e+15 1.85684e+35 1.72939e+20 7.65023e+38 
1.33348e+15 1.8589e+35 1.73073e+20 7.65364e+38 
1.33417e+15 1.86096e+35 1.73206e+20 7.65706e+38 
1.33485e+15 1.86303e+35 1.7334e+20 7.66048e+38 
1.33554e+15 1.86509e+35 1.73474e+20 7.6639e+38 
1.33623e+15 1.86715e+35 1.73607e+20 7.66732e+38 
1.33692e+15 1.86922e+35 1.73741e+20 7.67074e+38 
1.33761e+15 1.87128e+35 1.73875e+20 7.67417e+38 
1.3383e+15 1.87335e+35 1.74009e+20 7.67759e+38 
1.33899e+15 1.87542e+35 1.74142e+20 7.68102e+38 
1.33968e+15 1.87749e+35 1.74276e+20 7.68445e+38 
1.34037e+15 1.87956e+35 1.7441e+20 7.68788e+38 
1.34106e+15 1.88163e+35 1.74543e+20 7.69131e+38 
1.34176e+15 1.8837e+35 1.74677e+20 7.69474e+38 
1.34245e+15 1.88578e+35 1.7481e+20 7.69817e+38 
1.34314e+15 1.88785e+35 1.74944e+20 7.70161e+38 
1.34383e+15 1.88993e+35 1.75078e+20 7.70504e+38 
1.34453e+15 1.892e+35 1.75211e+20 7.70848e+38 
1.34522e+15 1.89408e+35 1.75345e+20 7.71192e+38 
1.34591e+15 1.89616e+35 1.75478e+20 7.71535e+38 
1.34661e+15 1.89824e+35 1.75612e+20 7.71879e+38 
1.3473e+15 1.90032e+35 1.75746e+20 7.72224e+38 
1.348e+15 1.9024e+35 1.75879e+20 7.72568e+38 
1.34869e+15 1.90449e+35 1.76013e+20 7.72912e+38 
1.34939e+15 1.90657e+35 1.76146e+20 7.73257e+38 
1.35009e+15 1.90866e+35 1.7628e+20 7.73602e+38 
1.35078e+15 1.91074e+35 1.76413e+20 7.73946e+38 
1.35148e+15 1.91283e+35 1.76547e+20 7.74291e+38 
1.35218e+15 1.91492e+35 1.7668e+20 7.74636e+38 
1.35287e+15 1.91701e+35 1.76814e+20 7.74982e+38 
1.35357e+15 1.9191e+35 1.76947e+20 7.75327e+38 
1.35427e+15 1.92119e+35 1.7708e+20 7.75672e+38 
1.35497e+15 1.92328e+35 1.77214e+20 7.76018e+38 
1.35567e+15 1.92538e+35 1.77347e+20 7.76364e+38 
1.35637e+15 1.92747e+35 1.77481e+20 7.76709e+38 
1.35707e+15 1.92957e+35 1.77614e+20 7.77055e+38 
1.35777e+15 1.93167e+35 1.77748e+20 7.77401e+38 
1.35847e+15 1.93376e+35 1.77881e+20 7.77748e+38 
1.35917e+15 1.93586e+35 1.78014e+20 7.78094e+38 
1.35987e+15 1.93796e+35 1.78148e+20 7.7844e+38 
1.36057e+15 1.94007e+35 1.78281e+20 7.78787e+38 
1.36127e+15 1.94217e+35 1.78414e+20 7.79134e+38 
1.36197e+15 1.94427e+35 1.78548e+20 7.7948e+38 
1.36268e+15 1.94638e+35 1.78681e+20 7.79827e+38 
1.36338e+15 1.94848e+35 1.78814e+20 7.80174e+38 
1.36408e+15 1.95059e+35 1.78948e+20 7.80522e+38 
1.36479e+15 1.9527e+35 1.79081e+20 7.80869e+38 
1.36549e+15 1.95481e+35 1.79214e+20 7.81216e+38 
1.3662e+15 1.95692e+35 1.79347e+20 7.81564e+38 
1.3669e+15 1.95903e+35 1.79481e+20 7.81912e+38 
1.36761e+15 1.96114e+35 1.79614e+20 7.8226e+38 
1.36831e+15 1.96326e+35 1.79747e+20 7.82608e+38 
1.36902e+15 1.96537e+35 1.7988e+20 7.82956e+38 
1.36972e+15 1.96749e+35 1.80014e+20 7.83304e+38 
1.37043e+15 1.9696e+35 1.80147e+20 7.83652e+38 
1.37114e+15 1.97172e+35 1.8028e+20 7.84001e+38 
1.37184e+15 1.97384e+35 1.80413e+20 7.84349e+38 
1.37255e+15 1.97596e+35 1.80546e+20 7.84698e+38 
1.37326e+15 1.97808e+35 1.8068e+20 7.85047e+38 
1.37397e+15 1.9802e+35 1.80813e+20 7.85396e+38 
1.37468e+15 1.98233e+35 1.80946e+20 7.85745e+38 
1.37539e+15 1.98445e+35 1.81079e+20 7.86094e+38 
1.3761e+15 1.98658e+35 1.81212e+20 7.86444e+38 
1.37681e+15 1.9887e+35 1.81345e+20 7.86793e+38 
1.37752e+15 1.99083e+35 1.81478e+20 7.87143e+38 
1.37823e+15 1.99296e+35 1.81611e+20 7.87493e+38 
1.37894e+15 1.99509e+35 1.81744e+20 7.87843e+38 
1.37965e+15 1.99722e+35 1.81878e+20 7.88193e+38 
1.38036e+15 1.99935e+35 1.82011e+20 7.88543e+38 
1.38107e+15 2.00149e+35 1.82144e+20 7.88893e+38 
1.38178e+15 2.00362e+35 1.82277e+20 7.89244e+38 
1.3825e+15 2.00576e+35 1.8241e+20 7.89594e+38 
1.38321e+15 2.00789e+35 1.82543e+20 7.89945e+38 
1.38392e+15 2.01003e+35 1.82676e+20 7.90296e+38 
1.38464e+15 2.01217e+35 1.82809e+20 7.90647e+38 
1.38535e+15 2.01431e+35 1.82942e+20 7.90998e+38 
1.38607e+15 2.01645e+35 1.83075e+20 7.91349e+38 
1.38678e+15 2.01859e+35 1.83208e+20 7.917e+38 
1.3875e+15 2.02073e+35 1.83341e+20 7.92052e+38 
1.38821e+15 2.02288e+35 1.83474e+20 7.92403e+38 
1.38893e+15 2.02502e+35 1.83607e+20 7.92755e+38 
1.38965e+15 2.02717e+35 1.8374e+20 7.93107e+38 
1.39036e+15 2.02932e+35 1.83872e+20 7.93459e+38 
1.39108e+15 2.03147e+35 1.84005e+20 7.93811e+38 
1.3918e+15 2.03362e+35 1.84138e+20 7.94163e+38 
1.39252e+15 2.03577e+35 1.84271e+20 7.94515e+38 
1.39323e+15 2.03792e+35 1.84404e+20 7.94868e+38 
1.39395e+15 2.04007e+35 1.84537e+20 7.95221e+38 
1.39467e+15 2.04223e+35 1.8467e+20 7.95573e+38 
1.39539e+15 2.04438e+35 1.84803e+20 7.95926e+38 
1.39611e+15 2.04654e+35 1.84935e+20 7.96279e+38 
1.39683e+15 2.0487e+35 1.85068e+20 7.96632e+38 
1.39755e+15 2.05085e+35 1.85201e+20 7.96986e+38 
1.39827e+15 2.05301e+35 1.85334e+20 7.97339e+38 
1.39899e+15 2.05518e+35 1.85467e+20 7.97692e+38 
1.39972e+15 2.05734e+35 1.856e+20 7.98046e+38 
1.40044e+15 2.0595e+35 1.85732e+20 7.984e+38 
1.40116e+15 2.06167e+35 1.85865e+20 7.98754e+38 
1.40188e+15 2.06383e+35 1.85998e+20 7.99108e+38 
1.40261e+15 2.066e+35 1.86131e+20 7.99462e+38 
1.40333e+15 2.06816e+35 1.86263e+20 7.99816e+38 
1.40405e+15 2.07033e+35 1.86396e+20 8.00171e+38 
1.40478e+15 2.0725e+35 1.86529e+20 8.00525e+38 
1.4055e+15 2.07467e+35 1.86661e+20 8.0088e+38 
1.40623e+15 2.07685e+35 1.86794e+20 8.01235e+38 
1.40695e+15 2.07902e+35 1.86927e+20 8.0159e+38 
1.40768e+15 2.08119e+35 1.8706e+20 8.01945e+38 
1.4084e+15 2.08337e+35 1.87192e+20 8.023e+38 
1.40913e+15 2.08555e+35 1.87325e+20 8.02655e+38 
1.40986e+15 2.08772e+35 1.87458e+20 8.03011e+38 
1.41059e+15 2.0899e+35 1.8759e+20 8.03367e+38 
1.41131e+15 2.09208e+35 1.87723e+20 8.03722e+38 
1.41204e+15 2.09426e+35 1.87855e+20 8.04078e+38 
1.41277e+15 2.09645e+35 1.87988e+20 8.04434e+38 
1.4135e+15 2.09863e+35 1.88121e+20 8.0479e+38 
1.41423e+15 2.10081e+35 1.88253e+20 8.05147e+38 
1.41496e+15 2.103e+35 1.88386e+20 8.05503e+38 
1.41569e+15 2.10519e+35 1.88518e+20 8.0586e+38 
1.41642e+15 2.10737e+35 1.88651e+20 8.06216e+38 
1.41715e+15 2.10956e+35 1.88784e+20 8.06573e+38 
1.41788e+15 2.11175e+35 1.88916e+20 8.0693e+38 
1.41861e+15 2.11394e+35 1.89049e+20 8.07287e+38 
1.41934e+15 2.11614e+35 1.89181e+20 8.07644e+38 
1.42007e+15 2.11833e+35 1.89314e+20 8.08002e+38 
1.42081e+15 2.12052e+35 1.89446e+20 8.08359e+38 
1.42154e+15 2.12272e+35 1.89579e+20 8.08717e+38 
1.42227e+15 2.12492e+35 1.89711e+20 8.09074e+38 
1.42301e+15 2.12711e+35 1.89844e+20 8.09432e+38 
1.42374e+15 2.12931e+35 1.89976e+20 8.0979e+38 
1.42447e+15 2.13151e+35 1.90109e+20 8.10148e+38 
1.42521e+15 2.13372e+35 1.90241e+20 8.10506e+38 
1.42594e+15 2.13592e+35 1.90373e+20 8.10865e+38 
1.42668e+15 2.13812e+35 1.90506e+20 8.11223e+38 
1.42742e+15 2.14033e+35 1.90638e+20 8.11582e+38 
1.42815e+15 2.14253e+35 1.90771e+20 8.11941e+38 
1.42889e+15 2.14474e+35 1.90903e+20 8.123e+38 
1.42963e+15 2.14695e+35 1.91035e+20 8.12659e+38 
1.43036e+15 2.14916e+35 1.91168e+20 8.13018e+38 
1.4311e+15 2.15137e+35 1.913e+20 8.13377e+38 
1.43184e+15 2.15358e+35 1.91433e+20 8.13737e+38 
1.43258e+15 2.15579e+35 1.91565e+20 8.14096e+38 
1.43332e+15 2.15801e+35 1.91697e+20 8.14456e+38 
1.43406e+15 2.16022e+35 1.9183e+20 8.14816e+38 
1.4348e+15 2.16244e+35 1.91962e+20 8.15176e+38 
1.43554e+15 2.16465e+35 1.92094e+20 8.15536e+38 
1.43628e+15 2.16687e+35 1.92226e+20 8.15896e+38 
1.43702e+15 2.16909e+35 1.92359e+20 8.16256e+38 
1.43776e+15 2.17131e+35 1.92491e+20 8.16617e+38 
1.4385e+15 2.17354e+35 1.92623e+20 8.16977e+38 
1.43924e+15 2.17576e+35 1.92756e+20 8.17338e+38 
1.43999e+15 2.17798e+35 1.92888e+20 8.17699e+38 
1.44073e+15 2.18021e+35 1.9302e+20 8.1806e+38 
1.44147e+15 2.18243e+35 1.93152e+20 8.18421e+38 
1.44222e+15 2.18466e+35 1.93285e+20 8.18783e+38 
1.44296e+15 2.18689e+35 1.93417e+20 8.19144e+38 
1.4437e+15 2.18912e+35 1.93549e+20 8.19506e+38 
1.44445e+15 2.19135e+35 1.93681e+20 8.19867e+38 
1.44519e+15 2.19358e+35 1.93813e+20 8.20229e+38 
1.44594e+15 2.19582e+35 1.93946e+20 8.20591e+38 
1.44669e+15 2.19805e+35 1.94078e+20 8.20953e+38 
1.44743e+15 2.20029e+35 1.9421e+20 8.21315e+38 
1.44818e+15 2.20253e+35 1.94342e+20 8.21678e+38 
1.44893e+15 2.20476e+35 1.94474e+20 8.2204e+38 
1.44967e+15 2.207e+35 1.94606e+20 8.22403e+38 
1.45042e+15 2.20924e+35 1.94738e+20 8.22766e+38 
1.45117e+15 2.21148e+35 1.9487e+20 8.23128e+38 
1.45192e+15 2.21373e+35 1.95003e+20 8.23491e+38 
1.45267e+15 2.21597e+35 1.95135e+20 8.23855e+38 
1.45342e+15 2.21822e+35 1.95267e+20 8.24218e+38 
1.45417e+15 2.22046e+35 1.95399e+20 8.24581e+38 
1.45492e+15 2.22271e+35 1.95531e+20 8.24945e+38 
1.45567e+15 2.22496e+35 1.95663e+20 8.25309e+38 
1.45642e+15 2.22721e+35 1.95795e+20 8.25672e+38 
1.45717e+15 2.22946e+35 1.95927e+20 8.26036e+38 
1.45792e+15 2.23171e+35 1.96059e+20 8.26401e+38 
1.45867e+15 2.23396e+35 1.96191e+20 8.26765e+38 
1.45942e+15 2.23622e+35 1.96323e+20 8.27129e+38 
1.46018e+15 2.23847e+35 1.96455e+20 8.27494e+38 
1.46093e+15 2.24073e+35 1.96587e+20 8.27858e+38 
1.46168e+15 2.24299e+35 1.96719e+20 8.28223e+38 
1.46244e+15 2.24525e+35 1.96851e+20 8.28588e+38 
1.46319e+15 2.24751e+35 1.96983e+20 8.28953e+38 
1.46395e+15 2.24977e+35 1.97115e+20 8.29318e+38 
1.4647e+15 2.25203e+35 1.97247e+20 8.29683e+38 
1.46546e+15 2.25429e+35 1.97379e+20 8.30049e+38 
1.46621e+15 2.25656e+35 1.97511e+20 8.30414e+38 
1.46697e+15 2.25882e+35 1.97643e+20 8.3078e+38 
1.46773e+15 2.26109e+35 1.97774e+20 8.31146e+38 
1.46848e+15 2.26336e+35 1.97906e+20 8.31512e+38 
1.46924e+15 2.26563e+35 1.98038e+20 8.31878e+38 
1.47e+15 2.2679e+35 1.9817e+20 8.32244e+38 
1.47076e+15 2.27017e+35 1.98302e+20 8.32611e+38 
1.47152e+15 2.27244e+35 1.98434e+20 8.32977e+38 
1.47228e+15 2.27472e+35 1.98566e+20 8.33344e+38 
1.47304e+15 2.27699e+35 1.98697e+20 8.33711e+38 
1.4738e+15 2.27927e+35 1.98829e+20 8.34078e+38 
1.47456e+15 2.28155e+35 1.98961e+20 8.34445e+38 
1.47532e+15 2.28383e+35 1.99093e+20 8.34812e+38 
1.47608e+15 2.28611e+35 1.99225e+20 8.35179e+38 
1.47684e+15 2.28839e+35 1.99356e+20 8.35547e+38 
1.4776e+15 2.29067e+35 1.99488e+20 8.35914e+38 
1.47836e+15 2.29295e+35 1.9962e+20 8.36282e+38 
1.47913e+15 2.29524e+35 1.99752e+20 8.3665e+38 
1.47989e+15 2.29752e+35 1.99884e+20 8.37018e+38 
1.48065e+15 2.29981e+35 2.00015e+20 8.37386e+38 
1.48142e+15 2.3021e+35 2.00147e+20 8.37754e+38 
1.48218e+15 2.30439e+35 2.00279e+20 8.38123e+38 
1.48294e+15 2.30668e+35 2.0041e+20 8.38491e+38 
1.48371e+15 2.30897e+35 2.00542e+20 8.3886e+38 
1.48447e+15 2.31126e+35 2.00674e+20 8.39229e+38 
1.48524e+15 2.31356e+35 2.00806e+20 8.39598e+38 
1.48601e+15 2.31585e+35 2.00937e+20 8.39967e+38 
1.48677e+15 2.31815e+35 2.01069e+20 8.40336e+38 
1.48754e+15 2.32045e+35 2.01201e+20 8.40706e+38 
1.48831e+15 2.32275e+35 2.01332e+20 8.41075e+38 
1.48908e+15 2.32505e+35 2.01464e+20 8.41445e+38 
1.48984e+15 2.32735e+35 2.01595e+20 8.41815e+38 
1.49061e+15 2.32965e+35 2.01727e+20 8.42185e+38 
1.49138e+15 2.33195e+35 2.01859e+20 8.42555e+38 
1.49215e+15 2.33426e+35 2.0199e+20 8.42925e+38 
1.49292e+15 2.33656e+35 2.02122e+20 8.43295e+38 
1.49369e+15 2.33887e+35 2.02253e+20 8.43666e+38 
1.49446e+15 2.34118e+35 2.02385e+20 8.44036e+38 
1.49523e+15 2.34349e+35 2.02517e+20 8.44407e+38 
1.496e+15 2.3458e+35 2.02648e+20 8.44778e+38 
1.49677e+15 2.34811e+35 2.0278e+20 8.45149e+38 
1.49755e+15 2.35043e+35 2.02911e+20 8.4552e+38 
1.49832e+15 2.35274e+35 2.03043e+20 8.45891e+38 
1.49909e+15 2.35506e+35 2.03174e+20 8.46263e+38 
1.49987e+15 2.35737e+35 2.03306e+20 8.46634e+38 
1.50064e+15 2.35969e+35 2.03437e+20 8.47006e+38 
1.50141e+15 2.36201e+35 2.03569e+20 8.47378e+38 
1.50219e+15 2.36433e+35 2.037e+20 8.4775e+38 
1.50296e+15 2.36665e+35 2.03832e+20 8.48122e+38 
1.50374e+15 2.36897e+35 2.03963e+20 8.48494e+38 
1.50451e+15 2.3713e+35 2.04095e+20 8.48867e+38 
1.50529e+15 2.37362e+35 2.04226e+20 8.49239e+38 
1.50607e+15 2.37595e+35 2.04358e+20 8.49612e+38 
1.50684e+15 2.37828e+35 2.04489e+20 8.49985e+38 
1.50762e+15 2.38061e+35 2.0462e+20 8.50358e+38 
1.5084e+15 2.38294e+35 2.04752e+20 8.50731e+38 
1.50918e+15 2.38527e+35 2.04883e+20 8.51104e+38 
1.50995e+15 2.3876e+35 2.05015e+20 8.51477e+38 
1.51073e+15 2.38993e+35 2.05146e+20 8.51851e+38 
1.51151e+15 2.39227e+35 2.05277e+20 8.52224e+38 
1.51229e+15 2.3946e+35 2.05409e+20 8.52598e+38 
1.51307e+15 2.39694e+35 2.0554e+20 8.52972e+38 
1.51385e+15 2.39928e+35 2.05671e+20 8.53346e+38 
1.51463e+15 2.40162e+35 2.05803e+20 8.5372e+38 
1.51542e+15 2.40396e+35 2.05934e+20 8.54095e+38 
1.5162e+15 2.4063e+35 2.06065e+20 8.54469e+38 
1.51698e+15 2.40864e+35 2.06197e+20 8.54844e+38 
1.51776e+15 2.41099e+35 2.06328e+20 8.55218e+38 
1.51854e+15 2.41333e+35 2.06459e+20 8.55593e+38 
1.51933e+15 2.41568e+35 2.06591e+20 8.55968e+38 
1.52011e+15 2.41803e+35 2.06722e+20 8.56343e+38 
1.5209e+15 2.42038e+35 2.06853e+20 8.56719e+38 
1.52168e+15 2.42273e+35 2.06984e+20 8.57094e+38 
1.52247e+15 2.42508e+35 2.07116e+20 8.5747e+38 
1.52325e+15 2.42743e+35 2.07247e+20 8.57845e+38 
1.52404e+15 2.42979e+35 2.07378e+20 8.58221e+38 
1.52482e+15 2.43214e+35 2.07509e+20 8.58597e+38 
1.52561e+15 2.4345e+35 2.0764e+20 8.58973e+38 
1.5264e+15 2.43686e+35 2.07772e+20 8.5935e+38 
1.52718e+15 2.43922e+35 2.07903e+20 8.59726e+38 
1.52797e+15 2.44158e+35 2.08034e+20 8.60103e+38 
1.52876e+15 2.44394e+35 2.08165e+20 8.60479e+38 
1.52955e+15 2.4463e+35 2.08296e+20 8.60856e+38 
1.53034e+15 2.44866e+35 2.08428e+20 8.61233e+38 
1.53113e+15 2.45103e+35 2.08559e+20 8.6161e+38 
1.53192e+15 2.45339e+35 2.0869e+20 8.61987e+38 
1.53271e+15 2.45576e+35 2.08821e+20 8.62365e+38 
1.5335e+15 2.45813e+35 2.08952e+20 8.62742e+38 
1.53429e+15 2.4605e+35 2.09083e+20 8.6312e+38 
1.53508e+15 2.46287e+35 2.09214e+20 8.63498e+38 
1.53587e+15 2.46524e+35 2.09345e+20 8.63876e+38 
1.53666e+15 2.46762e+35 2.09476e+20 8.64254e+38 
1.53746e+15 2.46999e+35 2.09608e+20 8.64632e+38 
1.53825e+15 2.47237e+35 2.09739e+20 8.6501e+38 
1.53904e+15 2.47475e+35 2.0987e+20 8.65389e+38 
1.53984e+15 2.47712e+35 2.10001e+20 8.65768e+38 
1.54063e+15 2.4795e+35 2.10132e+20 8.66146e+38 
1.54143e+15 2.48188e+35 2.10263e+20 8.66525e+38 
1.54222e+15 2.48427e+35 2.10394e+20 8.66904e+38 
1.54302e+15 2.48665e+35 2.10525e+20 8.67283e+38 
1.54381e+15 2.48903e+35 2.10656e+20 8.67663e+38 
1.54461e+15 2.49142e+35 2.10787e+20 8.68042e+38 
1.54541e+15 2.49381e+35 2.10918e+20 8.68422e+38 
1.5462e+15 2.4962e+35 2.11049e+20 8.68802e+38 
1.547e+15 2.49859e+35 2.1118e+20 8.69182e+38 
1.5478e+15 2.50098e+35 2.11311e+20 8.69562e+38 
1.5486e+15 2.50337e+35 2.11442e+20 8.69942e+38 
1.5494e+15 2.50576e+35 2.11573e+20 8.70322e+38 
1.5502e+15 2.50816e+35 2.11704e+20 8.70703e+38 
1.551e+15 2.51055e+35 2.11835e+20 8.71083e+38 
1.5518e+15 2.51295e+35 2.11965e+20 8.71464e+38 
1.5526e+15 2.51535e+35 2.12096e+20 8.71845e+38 
1.5534e+15 2.51775e+35 2.12227e+20 8.72226e+38 
1.5542e+15 2.52015e+35 2.12358e+20 8.72607e+38 
1.555e+15 2.52255e+35 2.12489e+20 8.72988e+38 
1.5558e+15 2.52495e+35 2.1262e+20 8.7337e+38 
1.5566e+15 2.52736e+35 2.12751e+20 8.73751e+38 
1.55741e+15 2.52976e+35 2.12882e+20 8.74133e+38 
1.55821e+15 2.53217e+35 2.13012e+20 8.74515e+38 
1.55902e+15 2.53458e+35 2.13143e+20 8.74897e+38 
1.55982e+15 2.53699e+35 2.13274e+20 8.75279e+38 
1.56062e+15 2.5394e+35 2.13405e+20 8.75661e+38 
1.56143e+15 2.54181e+35 2.13536e+20 8.76044e+38 
1.56223e+15 2.54422e+35 2.13667e+20 8.76426e+38 
1.56304e+15 2.54664e+35 2.13797e+20 8.76809e+38 
1.56385e+15 2.54905e+35 2.13928e+20 8.77192e+38 
1.56465e+15 2.55147e+35 2.14059e+20 8.77575e+38 
1.56546e+15 2.55389e+35 2.1419e+20 8.77958e+38 
1.56627e+15 2.55631e+35 2.1432e+20 8.78341e+38 
1.56708e+15 2.55873e+35 2.14451e+20 8.78725e+38 
1.56788e+15 2.56115e+35 2.14582e+20 8.79109e+38 
1.56869e+15 2.56357e+35 2.14713e+20 8.79492e+38 
1.5695e+15 2.56599e+35 2.14843e+20 8.79876e+38 
1.57031e+15 2.56842e+35 2.14974e+20 8.8026e+38 
1.57112e+15 2.57085e+35 2.15105e+20 8.80644e+38 
1.57193e+15 2.57328e+35 2.15236e+20 8.81029e+38 
1.57274e+15 2.5757e+35 2.15366e+20 8.81413e+38 
1.57355e+15 2.57814e+35 2.15497e+20 8.81798e+38 
1.57437e+15 2.58057e+35 2.15628e+20 8.82182e+38 
1.57518e+15 2.583e+35 2.15758e+20 8.82567e+38 
1.57599e+15 2.58543e+35 2.15889e+20 8.82952e+38 
1.5768e+15 2.58787e+35 2.1602e+20 8.83337e+38 
1.57762e+15 2.59031e+35 2.1615e+20 8.83722e+38 
1.57843e+15 2.59274e+35 2.16281e+20 8.84108e+38 
1.57925e+15 2.59518e+35 2.16411e+20 8.84493e+38 
1.58006e+15 2.59762e+35 2.16542e+20 8.84879e+38 
1.58088e+15 2.60007e+35 2.16673e+20 8.85265e+38 
1.58169e+15 2.60251e+35 2.16803e+20 8.85651e+38 
1.58251e+15 2.60495e+35 2.16934e+20 8.86037e+38 
1.58332e+15 2.6074e+35 2.17064e+20 8.86423e+38 
1.58414e+15 2.60985e+35 2.17195e+20 8.8681e+38 
1.58496e+15 2.61229e+35 2.17326e+20 8.87196e+38 
1.58577e+15 2.61474e+35 2.17456e+20 8.87583e+38 
1.58659e+15 2.61719e+35 2.17587e+20 8.8797e+38 
1.58741e+15 2.61965e+35 2.17717e+20 8.88357e+38 
1.58823e+15 2.6221e+35 2.17848e+20 8.88744e+38 
1.58905e+15 2.62455e+35 2.17978e+20 8.89131e+38 
1.58987e+15 2.62701e+35 2.18109e+20 8.89519e+38 
1.59069e+15 2.62947e+35 2.18239e+20 8.89906e+38 
1.59151e+15 2.63193e+35 2.1837e+20 8.90294e+38 
1.59233e+15 2.63439e+35 2.185e+20 8.90682e+38 
1.59315e+15 2.63685e+35 2.18631e+20 8.9107e+38 
1.59397e+15 2.63931e+35 2.18761e+20 8.91458e+38 
1.5948e+15 2.64177e+35 2.18892e+20 8.91846e+38 
1.59562e+15 2.64424e+35 2.19022e+20 8.92235e+38 
1.59644e+15 2.6467e+35 2.19153e+20 8.92624e+38 
1.59727e+15 2.64917e+35 2.19283e+20 8.93012e+38 
1.59809e+15 2.65164e+35 2.19413e+20 8.93401e+38 
1.59891e+15 2.65411e+35 2.19544e+20 8.9379e+38 
1.59974e+15 2.65658e+35 2.19674e+20 8.94179e+38 
1.60056e+15 2.65905e+35 2.19805e+20 8.94569e+38 
1.60139e+15 2.66152e+35 2.19935e+20 8.94958e+38 
1.60222e+15 2.664e+35 2.20065e+20 8.95348e+38 
1.60304e+15 2.66647e+35 2.20196e+20 8.95737e+38 
1.60387e+15 2.66895e+35 2.20326e+20 8.96127e+38 
1.6047e+15 2.67143e+35 2.20457e+20 8.96517e+38 
1.60552e+15 2.67391e+35 2.20587e+20 8.96907e+38 
1.60635e+15 2.67639e+35 2.20717e+20 8.97298e+38 
1.60718e+15 2.67887e+35 2.20848e+20 8.97688e+38 
1.60801e+15 2.68136e+35 2.20978e+20 8.98079e+38 
1.60884e+15 2.68384e+35 2.21108e+20 8.9847e+38 
1.60967e+15 2.68633e+35 2.21239e+20 8.9886e+38 
1.6105e+15 2.68882e+35 2.21369e+20 8.99251e+38 
1.61133e+15 2.69131e+35 2.21499e+20 8.99643e+38 
1.61216e+15 2.6938e+35 2.21629e+20 9.00034e+38 
1.61299e+15 2.69629e+35 2.2176e+20 9.00425e+38 
1.61383e+15 2.69878e+35 2.2189e+20 9.00817e+38 
1.61466e+15 2.70127e+35 2.2202e+20 9.01209e+38 
1.61549e+15 2.70377e+35 2.22151e+20 9.01601e+38 
1.61632e+15 2.70627e+35 2.22281e+20 9.01993e+38 
1.61716e+15 2.70876e+35 2.22411e+20 9.02385e+38 
1.61799e+15 2.71126e+35 2.22541e+20 9.02777e+38 
1.61883e+15 2.71376e+35 2.22671e+20 9.0317e+38 
1.61966e+15 2.71627e+35 2.22802e+20 9.03562e+38 
1.6205e+15 2.71877e+35 2.22932e+20 9.03955e+38 
1.62133e+15 2.72127e+35 2.23062e+20 9.04348e+38 
1.62217e+15 2.72378e+35 2.23192e+20 9.04741e+38 
1.62301e+15 2.72629e+35 2.23322e+20 9.05134e+38 
1.62384e+15 2.72879e+35 2.23453e+20 9.05528e+38 
1.62468e+15 2.7313e+35 2.23583e+20 9.05921e+38 
1.62552e+15 2.73381e+35 2.23713e+20 9.06315e+38 
1.62636e+15 2.73633e+35 2.23843e+20 9.06709e+38 
1.6272e+15 2.73884e+35 2.23973e+20 9.07103e+38 
1.62804e+15 2.74135e+35 2.24103e+20 9.07497e+38 
1.62888e+15 2.74387e+35 2.24233e+20 9.07891e+38 
1.62972e+15 2.74639e+35 2.24364e+20 9.08285e+38 
1.63056e+15 2.74891e+35 2.24494e+20 9.0868e+38 
1.6314e+15 2.75143e+35 2.24624e+20 9.09075e+38 
1.63224e+15 2.75395e+35 2.24754e+20 9.09469e+38 
1.63308e+15 2.75647e+35 2.24884e+20 9.09864e+38 
1.63392e+15 2.75899e+35 2.25014e+20 9.1026e+38 
1.63477e+15 2.76152e+35 2.25144e+20 9.10655e+38 
1.63561e+15 2.76405e+35 2.25274e+20 9.1105e+38 
1.63645e+15 2.76657e+35 2.25404e+20 9.11446e+38 
1.6373e+15 2.7691e+35 2.25534e+20 9.11841e+38 
1.63814e+15 2.77163e+35 2.25664e+20 9.12237e+38 
1.63899e+15 2.77416e+35 2.25794e+20 9.12633e+38 
1.63983e+15 2.7767e+35 2.25924e+20 9.13029e+38 
1.64068e+15 2.77923e+35 2.26054e+20 9.13426e+38 
1.64153e+15 2.78177e+35 2.26184e+20 9.13822e+38 
1.64237e+15 2.7843e+35 2.26314e+20 9.14219e+38 
1.64322e+15 2.78684e+35 2.26444e+20 9.14616e+38 
1.64407e+15 2.78938e+35 2.26574e+20 9.15012e+38 
1.64492e+15 2.79192e+35 2.26704e+20 9.15409e+38 
1.64576e+15 2.79446e+35 2.26834e+20 9.15807e+38 
1.64661e+15 2.79701e+35 2.26964e+20 9.16204e+38 
1.64746e+15 2.79955e+35 2.27094e+20 9.16601e+38 
1.64831e+15 2.8021e+35 2.27224e+20 9.16999e+38 
1.64916e+15 2.80465e+35 2.27354e+20 9.17397e+38 
1.65001e+15 2.80719e+35 2.27484e+20 9.17795e+38 
1.65086e+15 2.80974e+35 2.27614e+20 9.18193e+38 
1.65172e+15 2.8123e+35 2.27744e+20 9.18591e+38 
1.65257e+15 2.81485e+35 2.27873e+20 9.18989e+38 
1.65342e+15 2.8174e+35 2.28003e+20 9.19388e+38 
1.65427e+15 2.81996e+35 2.28133e+20 9.19786e+38 
1.65513e+15 2.82251e+35 2.28263e+20 9.20185e+38 
1.65598e+15 2.82507e+35 2.28393e+20 9.20584e+38 
1.65684e+15 2.82763e+35 2.28523e+20 9.20983e+38 
1.65769e+15 2.83019e+35 2.28653e+20 9.21383e+38 
1.65855e+15 2.83275e+35 2.28782e+20 9.21782e+38 
1.6594e+15 2.83532e+35 2.28912e+20 9.22182e+38 
1.66026e+15 2.83788e+35 2.29042e+20 9.22581e+38 
1.66111e+15 2.84045e+35 2.29172e+20 9.22981e+38 
1.66197e+15 2.84301e+35 2.29302e+20 9.23381e+38 
1.66283e+15 2.84558e+35 2.29431e+20 9.23781e+38 
1.66369e+15 2.84815e+35 2.29561e+20 9.24181e+38 
1.66454e+15 2.85072e+35 2.29691e+20 9.24582e+38 
1.6654e+15 2.8533e+35 2.29821e+20 9.24982e+38 
1.66626e+15 2.85587e+35 2.29951e+20 9.25383e+38 
1.66712e+15 2.85844e+35 2.3008e+20 9.25784e+38 
1.66798e+15 2.86102e+35 2.3021e+20 9.26185e+38 
1.66884e+15 2.8636e+35 2.3034e+20 9.26586e+38 
1.6697e+15 2.86618e+35 2.3047e+20 9.26988e+38 
1.67056e+15 2.86876e+35 2.30599e+20 9.27389e+38 
1.67142e+15 2.87134e+35 2.30729e+20 9.27791e+38 
1.67229e+15 2.87392e+35 2.30859e+20 9.28192e+38 
1.67315e+15 2.87651e+35 2.30988e+20 9.28594e+38 
1.67401e+15 2.87909e+35 2.31118e+20 9.28996e+38 
1.67488e+15 2.88168e+35 2.31248e+20 9.29399e+38 
1.67574e+15 2.88427e+35 2.31377e+20 9.29801e+38 
1.6766e+15 2.88686e+35 2.31507e+20 9.30204e+38 
1.67747e+15 2.88945e+35 2.31637e+20 9.30606e+38 
1.67834e+15 2.89204e+35 2.31766e+20 9.31009e+38 
1.6792e+15 2.89464e+35 2.31896e+20 9.31412e+38 
1.68007e+15 2.89723e+35 2.32026e+20 9.31815e+38 
1.68093e+15 2.89983e+35 2.32155e+20 9.32218e+38 
1.6818e+15 2.90242e+35 2.32285e+20 9.32622e+38 
1.68267e+15 2.90502e+35 2.32415e+20 9.33025e+38 
1.68354e+15 2.90762e+35 2.32544e+20 9.33429e+38 
1.6844e+15 2.91023e+35 2.32674e+20 9.33833e+38 
1.68527e+15 2.91283e+35 2.32803e+20 9.34237e+38 
1.68614e+15 2.91543e+35 2.32933e+20 9.34641e+38 
1.68701e+15 2.91804e+35 2.33062e+20 9.35046e+38 
1.68788e+15 2.92065e+35 2.33192e+20 9.3545e+38 
1.68875e+15 2.92325e+35 2.33322e+20 9.35855e+38 
1.68963e+15 2.92586e+35 2.33451e+20 9.36259e+38 
1.6905e+15 2.92848e+35 2.33581e+20 9.36664e+38 
1.69137e+15 2.93109e+35 2.3371e+20 9.37069e+38 
1.69224e+15 2.9337e+35 2.3384e+20 9.37475e+38 
1.69311e+15 2.93632e+35 2.33969e+20 9.3788e+38 
1.69399e+15 2.93893e+35 2.34099e+20 9.38285e+38 
1.69486e+15 2.94155e+35 2.34228e+20 9.38691e+38 
1.69574e+15 2.94417e+35 2.34358e+20 9.39097e+38 
1.69661e+15 2.94679e+35 2.34487e+20 9.39503e+38 
1.69749e+15 2.94941e+35 2.34617e+20 9.39909e+38 
1.69836e+15 2.95204e+35 2.34746e+20 9.40315e+38 
1.69924e+15 2.95466e+35 2.34876e+20 9.40722e+38 
1.70011e+15 2.95729e+35 2.35005e+20 9.41128e+38 
1.70099e+15 2.95991e+35 2.35134e+20 9.41535e+38 
1.70187e+15 2.96254e+35 2.35264e+20 9.41942e+38 
1.70275e+15 2.96517e+35 2.35393e+20 9.42349e+38 
1.70362e+15 2.96781e+35 2.35523e+20 9.42756e+38 
1.7045e+15 2.97044e+35 2.35652e+20 9.43164e+38 
1.70538e+15 2.97307e+35 2.35782e+20 9.43571e+38 
1.70626e+15 2.97571e+35 2.35911e+20 9.43979e+38 
1.70714e+15 2.97834e+35 2.3604e+20 9.44386e+38 
1.70802e+15 2.98098e+35 2.3617e+20 9.44794e+38 
1.7089e+15 2.98362e+35 2.36299e+20 9.45202e+38 
1.70979e+15 2.98626e+35 2.36429e+20 9.45611e+38 
1.71067e+15 2.98891e+35 2.36558e+20 9.46019e+38 
1.71155e+15 2.99155e+35 2.36687e+20 9.46428e+38 
1.71243e+15 2.99419e+35 2.36817e+20 9.46836e+38 
1.71332e+15 2.99684e+35 2.36946e+20 9.47245e+38 
1.7142e+15 2.99949e+35 2.37075e+20 9.47654e+38 
1.71508e+15 3.00214e+35 2.37205e+20 9.48063e+38 
1.71597e+15 3.00479e+35 2.37334e+20 9.48473e+38 
1.71685e+15 3.00744e+35 2.37463e+20 9.48882e+38 
1.71774e+15 3.01009e+35 2.37592e+20 9.49292e+38 
1.71863e+15 3.01275e+35 2.37722e+20 9.49702e+38 
1.71951e+15 3.0154e+35 2.37851e+20 9.50111e+38 
1.7204e+15 3.01806e+35 2.3798e+20 9.50522e+38 
1.72129e+15 3.02072e+35 2.3811e+20 9.50932e+38 
1.72218e+15 3.02338e+35 2.38239e+20 9.51342e+38 
1.72306e+15 3.02604e+35 2.38368e+20 9.51753e+38 
1.72395e+15 3.0287e+35 2.38497e+20 9.52163e+38 
1.72484e+15 3.03137e+35 2.38627e+20 9.52574e+38 
1.72573e+15 3.03403e+35 2.38756e+20 9.52985e+38 
1.72662e+15 3.0367e+35 2.38885e+20 9.53396e+38 
1.72751e+15 3.03937e+35 2.39014e+20 9.53808e+38 
1.7284e+15 3.04204e+35 2.39143e+20 9.54219e+38 
1.7293e+15 3.04471e+35 2.39273e+20 9.54631e+38 
1.73019e+15 3.04738e+35 2.39402e+20 9.55042e+38 
1.73108e+15 3.05006e+35 2.39531e+20 9.55454e+38 
1.73197e+15 3.05273e+35 2.3966e+20 9.55866e+38 
1.73287e+15 3.05541e+35 2.39789e+20 9.56279e+38 
1.73376e+15 3.05809e+35 2.39918e+20 9.56691e+38 
1.73465e+15 3.06077e+35 2.40048e+20 9.57103e+38 
1.73555e+15 3.06345e+35 2.40177e+20 9.57516e+38 
1.73644e+15 3.06613e+35 2.40306e+20 9.57929e+38 
1.73734e+15 3.06881e+35 2.40435e+20 9.58342e+38 
1.73824e+15 3.0715e+35 2.40564e+20 9.58755e+38 
1.73913e+15 3.07418e+35 2.40693e+20 9.59168e+38 
1.74003e+15 3.07687e+35 2.40822e+20 9.59582e+38 
1.74093e+15 3.07956e+35 2.40951e+20 9.59995e+38 
1.74183e+15 3.08225e+35 2.41081e+20 9.60409e+38 
1.74272e+15 3.08494e+35 2.4121e+20 9.60823e+38 
1.74362e+15 3.08764e+35 2.41339e+20 9.61237e+38 
1.74452e+15 3.09033e+35 2.41468e+20 9.61651e+38 
1.74542e+15 3.09303e+35 2.41597e+20 9.62066e+38 
1.74632e+15 3.09572e+35 2.41726e+20 9.6248e+38 
1.74722e+15 3.09842e+35 2.41855e+20 9.62895e+38 
1.74813e+15 3.10112e+35 2.41984e+20 9.6331e+38 
1.74903e+15 3.10383e+35 2.42113e+20 9.63725e+38 
1.74993e+15 3.10653e+35 2.42242e+20 9.6414e+38 
1.75083e+15 3.10923e+35 2.42371e+20 9.64555e+38 
1.75174e+15 3.11194e+35 2.425e+20 9.64971e+38 
1.75264e+15 3.11465e+35 2.42629e+20 9.65386e+38 
1.75354e+15 3.11735e+35 2.42758e+20 9.65802e+38 
1.75445e+15 3.12006e+35 2.42887e+20 9.66218e+38 
1.75535e+15 3.12278e+35 2.43016e+20 9.66634e+38 
1.75626e+15 3.12549e+35 2.43145e+20 9.6705e+38 
1.75716e+15 3.1282e+35 2.43274e+20 9.67466e+38 
1.75807e+15 3.13092e+35 2.43403e+20 9.67883e+38 
1.75898e+15 3.13363e+35 2.43532e+20 9.683e+38 
1.75989e+15 3.13635e+35 2.43661e+20 9.68716e+38 
1.76079e+15 3.13907e+35 2.4379e+20 9.69133e+38 
1.7617e+15 3.14179e+35 2.43919e+20 9.69551e+38 
1.76261e+15 3.14452e+35 2.44048e+20 9.69968e+38 
1.76352e+15 3.14724e+35 2.44176e+20 9.70385e+38 
1.76443e+15 3.14997e+35 2.44305e+20 9.70803e+38 
1.76534e+15 3.15269e+35 2.44434e+20 9.71221e+38 
1.76625e+15 3.15542e+35 2.44563e+20 9.71639e+38 
1.76716e+15 3.15815e+35 2.44692e+20 9.72057e+38 
1.76807e+15 3.16088e+35 2.44821e+20 9.72475e+38 
1.76898e+15 3.16361e+35 2.4495e+20 9.72893e+38 
1.7699e+15 3.16635e+35 2.45079e+20 9.73312e+38 
1.77081e+15 3.16908e+35 2.45207e+20 9.73731e+38 
1.77172e+15 3.17182e+35 2.45336e+20 9.7415e+38 
1.77264e+15 3.17456e+35 2.45465e+20 9.74569e+38 
1.77355e+15 3.1773e+35 2.45594e+20 9.74988e+38 
1.77447e+15 3.18004e+35 2.45723e+20 9.75407e+38 
1.77538e+15 3.18278e+35 2.45852e+20 9.75827e+38 
1.7763e+15 3.18552e+35 2.4598e+20 9.76246e+38 
1.77721e+15 3.18827e+35 2.46109e+20 9.76666e+38 
1.77813e+15 3.19102e+35 2.46238e+20 9.77086e+38 
1.77905e+15 3.19376e+35 2.46367e+20 9.77506e+38 
1.77997e+15 3.19651e+35 2.46496e+20 9.77926e+38 
1.78088e+15 3.19926e+35 2.46624e+20 9.78347e+38 
1.7818e+15 3.20202e+35 2.46753e+20 9.78767e+38 
1.78272e+15 3.20477e+35 2.46882e+20 9.79188e+38 
1.78364e+15 3.20752e+35 2.47011e+20 9.79609e+38 
1.78456e+15 3.21028e+35 2.47139e+20 9.8003e+38 
1.78548e+15 3.21304e+35 2.47268e+20 9.80451e+38 
1.7864e+15 3.2158e+35 2.47397e+20 9.80873e+38 
1.78733e+15 3.21856e+35 2.47526e+20 9.81294e+38 
1.78825e+15 3.22132e+35 2.47654e+20 9.81716e+38 
1.78917e+15 3.22408e+35 2.47783e+20 9.82138e+38 
1.79009e+15 3.22685e+35 2.47912e+20 9.8256e+38 
1.79102e+15 3.22962e+35 2.4804e+20 9.82982e+38 
1.79194e+15 3.23238e+35 2.48169e+20 9.83404e+38 
1.79286e+15 3.23515e+35 2.48298e+20 9.83827e+38 
1.79379e+15 3.23792e+35 2.48426e+20 9.84249e+38 
1.79471e+15 3.2407e+35 2.48555e+20 9.84672e+38 
1.79564e+15 3.24347e+35 2.48684e+20 9.85095e+38 
1.79657e+15 3.24624e+35 2.48812e+20 9.85518e+38 
1.79749e+15 3.24902e+35 2.48941e+20 9.85941e+38 
1.79842e+15 3.2518e+35 2.4907e+20 9.86365e+38 
1.79935e+15 3.25458e+35 2.49198e+20 9.86788e+38 
1.80028e+15 3.25736e+35 2.49327e+20 9.87212e+38 
1.80121e+15 3.26014e+35 2.49455e+20 9.87636e+38 
1.80213e+15 3.26293e+35 2.49584e+20 9.8806e+38 
1.80306e+15 3.26571e+35 2.49713e+20 9.88484e+38 
1.80399e+15 3.2685e+35 2.49841e+20 9.88908e+38 
1.80492e+15 3.27128e+35 2.4997e+20 9.89333e+38 
1.80586e+15 3.27407e+35 2.50098e+20 9.89758e+38 
1.80679e+15 3.27686e+35 2.50227e+20 9.90182e+38 
1.80772e+15 3.27966e+35 2.50355e+20 9.90607e+38 
1.80865e+15 3.28245e+35 2.50484e+20 9.91033e+38 
1.80958e+15 3.28525e+35 2.50613e+20 9.91458e+38 
1.81052e+15 3.28804e+35 2.50741e+20 9.91883e+38 
1.81145e+15 3.29084e+35 2.5087e+20 9.92309e+38 
1.81239e+15 3.29364e+35 2.50998e+20 9.92735e+38 
1.81332e+15 3.29644e+35 2.51127e+20 9.93161e+38 
1.81426e+15 3.29924e+35 2.51255e+20 9.93587e+38 
1.81519e+15 3.30205e+35 2.51384e+20 9.94013e+38 
1.81613e+15 3.30485e+35 2.51512e+20 9.94439e+38 
1.81707e+15 3.30766e+35 2.51641e+20 9.94866e+38 
1.818e+15 3.31047e+35 2.51769e+20 9.95293e+38 
1.81894e+15 3.31328e+35 2.51898e+20 9.9572e+38 
1.81988e+15 3.31609e+35 2.52026e+20 9.96147e+38 
1.82082e+15 3.3189e+35 2.52154e+20 9.96574e+38 
1.82176e+15 3.32171e+35 2.52283e+20 9.97001e+38 
1.8227e+15 3.32453e+35 2.52411e+20 9.97429e+38 
1.82364e+15 3.32735e+35 2.5254e+20 9.97857e+38 
1.82458e+15 3.33016e+35 2.52668e+20 9.98284e+38 
1.82552e+15 3.33298e+35 2.52797e+20 9.98712e+38 
1.82646e+15 3.33581e+35 2.52925e+20 9.99141e+38 
1.8274e+15 3.33863e+35 2.53053e+20 9.99569e+38 
1.82835e+15 3.34145e+35 2.53182e+20 9.99997e+38 
1.82929e+15 3.34428e+35 2.5331e+20 1.00043e+39 
1.83023e+15 3.3471e+35 2.53439e+20 1.00085e+39 
1.83118e+15 3.34993e+35 2.53567e+20 1.00128e+39 
1.83212e+15 3.35276e+35 2.53695e+20 1.00171e+39 
1.83307e+15 3.35559e+35 2.53824e+20 1.00214e+39 
1.83401e+15 3.35843e+35 2.53952e+20 1.00257e+39 
1.83496e+15 3.36126e+35 2.5408e+20 1.003e+39 
1.83591e+15 3.3641e+35 2.54209e+20 1.00343e+39 
1.83685e+15 3.36693e+35 2.54337e+20 1.00386e+39 
1.8378e+15 3.36977e+35 2.54465e+20 1.00429e+39 
1.83875e+15 3.37261e+35 2.54594e+20 1.00472e+39 
1.8397e+15 3.37546e+35 2.54722e+20 1.00515e+39 
1.84065e+15 3.3783e+35 2.5485e+20 1.00558e+39 
1.84159e+15 3.38114e+35 2.54979e+20 1.00601e+39 
1.84254e+15 3.38399e+35 2.55107e+20 1.00644e+39 
1.8435e+15 3.38684e+35 2.55235e+20 1.00688e+39 
1.84445e+15 3.38969e+35 2.55363e+20 1.00731e+39 
1.8454e+15 3.39254e+35 2.55492e+20 1.00774e+39 
1.84635e+15 3.39539e+35 2.5562e+20 1.00817e+39 
1.8473e+15 3.39824e+35 2.55748e+20 1.0086e+39 
1.84826e+15 3.4011e+35 2.55877e+20 1.00903e+39 
1.84921e+15 3.40395e+35 2.56005e+20 1.00946e+39 
1.85016e+15 3.40681e+35 2.56133e+20 1.0099e+39 
1.85112e+15 3.40967e+35 2.56261e+20 1.01033e+39 
1.85207e+15 3.41253e+35 2.56389e+20 1.01076e+39 
1.85303e+15 3.41539e+35 2.56518e+20 1.01119e+39 
1.85398e+15 3.41826e+35 2.56646e+20 1.01163e+39 
1.85494e+15 3.42112e+35 2.56774e+20 1.01206e+39 
1.8559e+15 3.42399e+35 2.56902e+20 1.01249e+39 
1.85685e+15 3.42686e+35 2.5703e+20 1.01293e+39 
1.85781e+15 3.42973e+35 2.57159e+20 1.01336e+39 
1.85877e+15 3.4326e+35 2.57287e+20 1.01379e+39 
1.85973e+15 3.43547e+35 2.57415e+20 1.01423e+39 
1.86069e+15 3.43834e+35 2.57543e+20 1.01466e+39 
1.86165e+15 3.44122e+35 2.57671e+20 1.0151e+39 
1.86261e+15 3.4441e+35 2.57799e+20 1.01553e+39 
1.86357e+15 3.44697e+35 2.57928e+20 1.01596e+39 
1.86453e+15 3.44985e+35 2.58056e+20 1.0164e+39 
1.86549e+15 3.45274e+35 2.58184e+20 1.01683e+39 
1.86645e+15 3.45562e+35 2.58312e+20 1.01727e+39 
1.86742e+15 3.4585e+35 2.5844e+20 1.0177e+39 
1.86838e+15 3.46139e+35 2.58568e+20 1.01814e+39 
1.86934e+15 3.46428e+35 2.58696e+20 1.01857e+39 
1.87031e+15 3.46717e+35 2.58824e+20 1.01901e+39 
1.87127e+15 3.47006e+35 2.58952e+20 1.01945e+39 
1.87224e+15 3.47295e+35 2.5908e+20 1.01988e+39 
1.8732e+15 3.47584e+35 2.59209e+20 1.02032e+39 
1.87417e+15 3.47874e+35 2.59337e+20 1.02075e+39 
1.87514e+15 3.48163e+35 2.59465e+20 1.02119e+39 
1.87611e+15 3.48453e+35 2.59593e+20 1.02163e+39 
1.87707e+15 3.48743e+35 2.59721e+20 1.02206e+39 
1.87804e+15 3.49033e+35 2.59849e+20 1.0225e+39 
1.87901e+15 3.49323e+35 2.59977e+20 1.02294e+39 
1.87998e+15 3.49614e+35 2.60105e+20 1.02337e+39 
1.88095e+15 3.49904e+35 2.60233e+20 1.02381e+39 
1.88192e+15 3.50195e+35 2.60361e+20 1.02425e+39 
1.88289e+15 3.50486e+35 2.60489e+20 1.02469e+39 
1.88386e+15 3.50777e+35 2.60617e+20 1.02513e+39 
1.88483e+15 3.51068e+35 2.60745e+20 1.02556e+39 
1.88581e+15 3.51359e+35 2.60873e+20 1.026e+39 
1.88678e+15 3.51651e+35 2.61001e+20 1.02644e+39 
1.88775e+15 3.51942e+35 2.61129e+20 1.02688e+39 
1.88873e+15 3.52234e+35 2.61257e+20 1.02732e+39 
1.8897e+15 3.52526e+35 2.61385e+20 1.02776e+39 
1.89067e+15 3.52818e+35 2.61513e+20 1.02819e+39 
1.89165e+15 3.5311e+35 2.6164e+20 1.02863e+39 
1.89263e+15 3.53402e+35 2.61768e+20 1.02907e+39 
1.8936e+15 3.53695e+35 2.61896e+20 1.02951e+39 
1.89458e+15 3.53988e+35 2.62024e+20 1.02995e+39 
1.89556e+15 3.5428e+35 2.62152e+20 1.03039e+39 
1.89653e+15 3.54573e+35 2.6228e+20 1.03083e+39 
1.89751e+15 3.54866e+35 2.62408e+20 1.03127e+39 
1.89849e+15 3.5516e+35 2.62536e+20 1.03171e+39 
1.89947e+15 3.55453e+35 2.62664e+20 1.03215e+39 
1.90045e+15 3.55747e+35 2.62792e+20 1.03259e+39 
1.90143e+15 3.5604e+35 2.62919e+20 1.03303e+39 
1.90241e+15 3.56334e+35 2.63047e+20 1.03348e+39 
1.90339e+15 3.56628e+35 2.63175e+20 1.03392e+39 
1.90437e+15 3.56922e+35 2.63303e+20 1.03436e+39 
1.90536e+15 3.57217e+35 2.63431e+20 1.0348e+39 
1.90634e+15 3.57511e+35 2.63559e+20 1.03524e+39 
1.90732e+15 3.57806e+35 2.63686e+20 1.03568e+39 
1.90831e+15 3.581e+35 2.63814e+20 1.03613e+39 
1.90929e+15 3.58395e+35 2.63942e+20 1.03657e+39 
1.91028e+15 3.5869e+35 2.6407e+20 1.03701e+39 
1.91126e+15 3.58986e+35 2.64198e+20 1.03745e+39 
1.91225e+15 3.59281e+35 2.64325e+20 1.03789e+39 
1.91323e+15 3.59576e+35 2.64453e+20 1.03834e+39 
1.91422e+15 3.59872e+35 2.64581e+20 1.03878e+39 
1.91521e+15 3.60168e+35 2.64709e+20 1.03922e+39 
1.9162e+15 3.60464e+35 2.64837e+20 1.03967e+39 
1.91719e+15 3.6076e+35 2.64964e+20 1.04011e+39 
1.91817e+15 3.61056e+35 2.65092e+20 1.04055e+39 
1.91916e+15 3.61353e+35 2.6522e+20 1.041e+39 
1.92015e+15 3.61649e+35 2.65348e+20 1.04144e+39 
1.92114e+15 3.61946e+35 2.65475e+20 1.04189e+39 
1.92214e+15 3.62243e+35 2.65603e+20 1.04233e+39 
1.92313e+15 3.6254e+35 2.65731e+20 1.04277e+39 
1.92412e+15 3.62837e+35 2.65858e+20 1.04322e+39 
1.92511e+15 3.63135e+35 2.65986e+20 1.04366e+39 
1.9261e+15 3.63432e+35 2.66114e+20 1.04411e+39 
1.9271e+15 3.6373e+35 2.66242e+20 1.04455e+39 
1.92809e+15 3.64028e+35 2.66369e+20 1.045e+39 
1.92909e+15 3.64326e+35 2.66497e+20 1.04544e+39 
1.93008e+15 3.64624e+35 2.66625e+20 1.04589e+39 
1.93108e+15 3.64922e+35 2.66752e+20 1.04634e+39 
1.93207e+15 3.6522e+35 2.6688e+20 1.04678e+39 
1.93307e+15 3.65519e+35 2.67008e+20 1.04723e+39 
1.93407e+15 3.65818e+35 2.67135e+20 1.04767e+39 
1.93507e+15 3.66117e+35 2.67263e+20 1.04812e+39 
1.93606e+15 3.66416e+35 2.6739e+20 1.04857e+39 
1.93706e+15 3.66715e+35 2.67518e+20 1.04901e+39 
1.93806e+15 3.67014e+35 2.67646e+20 1.04946e+39 
1.93906e+15 3.67314e+35 2.67773e+20 1.04991e+39 
1.94006e+15 3.67613e+35 2.67901e+20 1.05036e+39 
1.94106e+15 3.67913e+35 2.68029e+20 1.0508e+39 
1.94206e+15 3.68213e+35 2.68156e+20 1.05125e+39 
1.94307e+15 3.68513e+35 2.68284e+20 1.0517e+39 
1.94407e+15 3.68814e+35 2.68411e+20 1.05215e+39 
1.94507e+15 3.69114e+35 2.68539e+20 1.05259e+39 
1.94607e+15 3.69415e+35 2.68666e+20 1.05304e+39 
1.94708e+15 3.69715e+35 2.68794e+20 1.05349e+39 
1.94808e+15 3.70016e+35 2.68922e+20 1.05394e+39 
1.94909e+15 3.70317e+35 2.69049e+20 1.05439e+39 
1.95009e+15 3.70619e+35 2.69177e+20 1.05484e+39 
1.9511e+15 3.7092e+35 2.69304e+20 1.05529e+39 
1.95211e+15 3.71222e+35 2.69432e+20 1.05574e+39 
1.95311e+15 3.71523e+35 2.69559e+20 1.05619e+39 
1.95412e+15 3.71825e+35 2.69687e+20 1.05664e+39 
1.95513e+15 3.72127e+35 2.69814e+20 1.05709e+39 
1.95614e+15 3.72429e+35 2.69942e+20 1.05754e+39 
1.95715e+15 3.72731e+35 2.70069e+20 1.05799e+39 
1.95815e+15 3.73034e+35 2.70197e+20 1.05844e+39 
1.95917e+15 3.73337e+35 2.70324e+20 1.05889e+39 
1.96018e+15 3.73639e+35 2.70452e+20 1.05934e+39 
1.96119e+15 3.73942e+35 2.70579e+20 1.05979e+39 
1.9622e+15 3.74245e+35 2.70707e+20 1.06024e+39 
1.96321e+15 3.74549e+35 2.70834e+20 1.06069e+39 
1.96422e+15 3.74852e+35 2.70961e+20 1.06114e+39 
1.96524e+15 3.75156e+35 2.71089e+20 1.06159e+39 
1.96625e+15 3.75459e+35 2.71216e+20 1.06204e+39 
1.96726e+15 3.75763e+35 2.71344e+20 1.0625e+39 
1.96828e+15 3.76067e+35 2.71471e+20 1.06295e+39 
1.96929e+15 3.76371e+35 2.71599e+20 1.0634e+39 
1.97031e+15 3.76676e+35 2.71726e+20 1.06385e+39 
1.97133e+15 3.7698e+35 2.71853e+20 1.06431e+39 
1.97234e+15 3.77285e+35 2.71981e+20 1.06476e+39 
1.97336e+15 3.7759e+35 2.72108e+20 1.06521e+39 
1.97438e+15 3.77895e+35 2.72235e+20 1.06566e+39 
1.9754e+15 3.782e+35 2.72363e+20 1.06612e+39 
1.97642e+15 3.78505e+35 2.7249e+20 1.06657e+39 
1.97744e+15 3.7881e+35 2.72618e+20 1.06702e+39 
1.97846e+15 3.79116e+35 2.72745e+20 1.06748e+39 
1.97948e+15 3.79422e+35 2.72872e+20 1.06793e+39 
1.9805e+15 3.79728e+35 2.73e+20 1.06839e+39 
1.98152e+15 3.80034e+35 2.73127e+20 1.06884e+39 
1.98254e+15 3.8034e+35 2.73254e+20 1.06929e+39 
1.98356e+15 3.80646e+35 2.73382e+20 1.06975e+39 
1.98459e+15 3.80953e+35 2.73509e+20 1.0702e+39 
1.98561e+15 3.8126e+35 2.73636e+20 1.07066e+39 
1.98664e+15 3.81567e+35 2.73764e+20 1.07111e+39 
1.98766e+15 3.81874e+35 2.73891e+20 1.07157e+39 
1.98869e+15 3.82181e+35 2.74018e+20 1.07202e+39 
1.98971e+15 3.82488e+35 2.74145e+20 1.07248e+39 
1.99074e+15 3.82796e+35 2.74273e+20 1.07293e+39 
1.99177e+15 3.83103e+35 2.744e+20 1.07339e+39 
1.99279e+15 3.83411e+35 2.74527e+20 1.07385e+39 
1.99382e+15 3.83719e+35 2.74654e+20 1.0743e+39 
1.99485e+15 3.84027e+35 2.74782e+20 1.07476e+39 
1.99588e+15 3.84335e+35 2.74909e+20 1.07522e+39 
1.99691e+15 3.84644e+35 2.75036e+20 1.07567e+39 
1.99794e+15 3.84952e+35 2.75163e+20 1.07613e+39 
1.99897e+15 3.85261e+35 2.75291e+20 1.07659e+39 
2e+15 3.8557e+35 2.75418e+20 1.07704e+39 
