2000
3.13743e+14 8.70893e+30 2.7759e+16 1.89002e+38 
3.13772e+14 1.74179e+31 5.55146e+16 1.89019e+38 
3.13801e+14 2.61268e+31 8.32668e+16 1.89037e+38 
3.1383e+14 3.48357e+31 1.11016e+17 1.89054e+38 
3.13859e+14 4.35446e+31 1.38761e+17 1.89072e+38 
3.13888e+14 5.22536e+31 1.66503e+17 1.89089e+38 
3.13917e+14 6.09625e+31 1.94241e+17 1.89107e+38 
3.13946e+14 6.96714e+31 2.21976e+17 1.89124e+38 
3.13976e+14 7.83804e+31 2.49708e+17 1.89142e+38 
3.14005e+14 8.70893e+31 2.77436e+17 1.89159e+38 
3.16926e+14 9.62433e+32 3.04711e+18 1.90916e+38 
3.1722e+14 1.05041e+33 3.32362e+18 1.91093e+38 
3.17514e+14 1.13848e+33 3.60003e+18 1.91269e+38 
3.17808e+14 1.22662e+33 3.87637e+18 1.91445e+38 
3.18103e+14 1.31485e+33 4.15262e+18 1.91622e+38 
3.18398e+14 1.40315e+33 4.42879e+18 1.91799e+38 
3.18693e+14 1.49154e+33 4.70487e+18 1.91976e+38 
3.18988e+14 1.58002e+33 4.98087e+18 1.92153e+38 
3.19284e+14 1.66857e+33 5.25678e+18 1.9233e+38 
3.19579e+14 1.7572e+33 5.53262e+18 1.92507e+38 
3.19876e+14 1.84592e+33 5.80837e+18 1.92684e+38 
3.20172e+14 1.93472e+33 6.08403e+18 1.92861e+38 
3.20469e+14 2.0236e+33 6.35962e+18 1.93039e+38 
3.20766e+14 2.11257e+33 6.63512e+18 1.93217e+38 
3.21063e+14 2.20162e+33 6.91054e+18 1.93394e+38 
3.2136e+14 2.29074e+33 7.18588e+18 1.93572e+38 
3.21658e+14 2.37996e+33 7.46113e+18 1.9375e+38 
3.21956e+14 2.46925e+33 7.7363e+18 1.93928e+38 
3.22254e+14 2.55863e+33 8.01139e+18 1.94106e+38 
3.22553e+14 2.64809e+33 8.2864e+18 1.94284e+38 
3.22852e+14 2.73763e+33 8.56133e+18 1.94463e+38 
3.23151e+14 2.82726e+33 8.83617e+18 1.94641e+38 
3.23451e+14 2.91697e+33 9.11093e+18 1.9482e+38 
3.2375e+14 3.00676e+33 9.38562e+18 1.94999e+38 
3.2405e+14 3.09664e+33 9.66022e+18 1.95177e+38 
3.24351e+14 3.18659e+33 9.93473e+18 1.95356e+38 
3.24651e+14 3.27664e+33 1.02092e+19 1.95535e+38 
3.24952e+14 3.36676e+33 1.04835e+19 1.95715e+38 
3.25253e+14 3.45697e+33 1.07578e+19 1.95894e+38 
3.25554e+14 3.54726e+33 1.1032e+19 1.96073e+38 
3.25856e+14 3.63764e+33 1.13061e+19 1.96253e+38 
3.26158e+14 3.7281e+33 1.15802e+19 1.96432e+38 
3.2646e+14 3.81864e+33 1.18541e+19 1.96612e+38 
3.26763e+14 3.90927e+33 1.2128e+19 1.96792e+38 
3.27066e+14 3.99998e+33 1.24018e+19 1.96972e+38 
3.27369e+14 4.09078e+33 1.26755e+19 1.97152e+38 
3.27672e+14 4.18166e+33 1.29491e+19 1.97332e+38 
3.27976e+14 4.27262e+33 1.32227e+19 1.97512e+38 
3.2828e+14 4.36367e+33 1.34961e+19 1.97693e+38 
3.28584e+14 4.4548e+33 1.37695e+19 1.97873e+38 
3.28888e+14 4.54602e+33 1.40429e+19 1.98054e+38 
3.29193e+14 4.63732e+33 1.43161e+19 1.98234e+38 
3.29498e+14 4.72871e+33 1.45893e+19 1.98415e+38 
3.29803e+14 4.82018e+33 1.48623e+19 1.98596e+38 
3.30109e+14 4.91174e+33 1.51353e+19 1.98777e+38 
3.30415e+14 5.00338e+33 1.54083e+19 1.98958e+38 
3.30721e+14 5.0951e+33 1.56811e+19 1.9914e+38 
3.31028e+14 5.18691e+33 1.59539e+19 1.99321e+38 
3.31334e+14 5.27881e+33 1.62265e+19 1.99503e+38 
3.31641e+14 5.37079e+33 1.64991e+19 1.99684e+38 
3.31949e+14 5.46286e+33 1.67717e+19 1.99866e+38 
3.32256e+14 5.55501e+33 1.70441e+19 2.00048e+38 
3.32564e+14 5.64724e+33 1.73165e+19 2.0023e+38 
3.32872e+14 5.73957e+33 1.75888e+19 2.00412e+38 
3.33181e+14 5.83197e+33 1.7861e+19 2.00594e+38 
3.33489e+14 5.92447e+33 1.81331e+19 2.00776e+38 
3.33799e+14 6.01705e+33 1.84052e+19 2.00959e+38 
3.34108e+14 6.10971e+33 1.86772e+19 2.01141e+38 
3.34417e+14 6.20246e+33 1.89491e+19 2.01324e+38 
3.34727e+14 6.2953e+33 1.92209e+19 2.01507e+38 
3.35037e+14 6.38822e+33 1.94927e+19 2.0169e+38 
3.35348e+14 6.48123e+33 1.97644e+19 2.01872e+38 
3.35659e+14 6.57433e+33 2.0036e+19 2.02056e+38 
3.3597e+14 6.66751e+33 2.03075e+19 2.02239e+38 
3.36281e+14 6.76078e+33 2.05789e+19 2.02422e+38 
3.36593e+14 6.85413e+33 2.08503e+19 2.02606e+38 
3.36905e+14 6.94757e+33 2.11216e+19 2.02789e+38 
3.37217e+14 7.0411e+33 2.13928e+19 2.02973e+38 
3.37529e+14 7.13471e+33 2.16639e+19 2.03157e+38 
3.37842e+14 7.22841e+33 2.1935e+19 2.0334e+38 
3.38155e+14 7.3222e+33 2.2206e+19 2.03524e+38 
3.38468e+14 7.41607e+33 2.24769e+19 2.03709e+38 
3.38782e+14 7.51003e+33 2.27478e+19 2.03893e+38 
3.39096e+14 7.60408e+33 2.30185e+19 2.04077e+38 
3.3941e+14 7.69822e+33 2.32892e+19 2.04262e+38 
3.39725e+14 7.79244e+33 2.35598e+19 2.04446e+38 
3.40039e+14 7.88675e+33 2.38303e+19 2.04631e+38 
3.40355e+14 7.98115e+33 2.41008e+19 2.04816e+38 
3.4067e+14 8.07563e+33 2.43712e+19 2.05001e+38 
3.40986e+14 8.17021e+33 2.46415e+19 2.05186e+38 
3.41302e+14 8.26487e+33 2.49117e+19 2.05371e+38 
3.41618e+14 8.35961e+33 2.51819e+19 2.05556e+38 
3.41934e+14 8.45445e+33 2.5452e+19 2.05742e+38 
3.42251e+14 8.54937e+33 2.5722e+19 2.05927e+38 
3.42568e+14 8.64439e+33 2.59919e+19 2.06113e+38 
3.42886e+14 8.73948e+33 2.62618e+19 2.06299e+38 
3.43204e+14 8.83467e+33 2.65316e+19 2.06484e+38 
3.43522e+14 8.92995e+33 2.68013e+19 2.0667e+38 
3.4384e+14 9.02531e+33 2.70709e+19 2.06857e+38 
3.44159e+14 9.12076e+33 2.73405e+19 2.07043e+38 
3.44477e+14 9.21631e+33 2.761e+19 2.07229e+38 
3.44797e+14 9.31194e+33 2.78794e+19 2.07415e+38 
3.45116e+14 9.40765e+33 2.81488e+19 2.07602e+38 
3.45436e+14 9.50346e+33 2.84181e+19 2.07789e+38 
3.45756e+14 9.59936e+33 2.86873e+19 2.07976e+38 
3.46076e+14 9.69534e+33 2.89564e+19 2.08162e+38 
3.46397e+14 9.79141e+33 2.92254e+19 2.08349e+38 
3.46718e+14 9.88758e+33 2.94944e+19 2.08537e+38 
3.47039e+14 9.98383e+33 2.97633e+19 2.08724e+38 
3.47361e+14 1.00802e+34 3.00322e+19 2.08911e+38 
3.47683e+14 1.01766e+34 3.03009e+19 2.09099e+38 
3.48005e+14 1.02731e+34 3.05696e+19 2.09286e+38 
3.48328e+14 1.03697e+34 3.08382e+19 2.09474e+38 
3.4865e+14 1.04664e+34 3.11068e+19 2.09662e+38 
3.48973e+14 1.05632e+34 3.13753e+19 2.0985e+38 
3.49297e+14 1.06601e+34 3.16437e+19 2.10038e+38 
3.4962e+14 1.07571e+34 3.1912e+19 2.10226e+38 
3.49944e+14 1.08541e+34 3.21802e+19 2.10415e+38 
3.50269e+14 1.09513e+34 3.24484e+19 2.10603e+38 
3.50593e+14 1.10485e+34 3.27165e+19 2.10792e+38 
3.50918e+14 1.11458e+34 3.29846e+19 2.1098e+38 
3.51243e+14 1.12432e+34 3.32526e+19 2.11169e+38 
3.51569e+14 1.13408e+34 3.35205e+19 2.11358e+38 
3.51895e+14 1.14383e+34 3.37883e+19 2.11547e+38 
3.52221e+14 1.1536e+34 3.40561e+19 2.11736e+38 
3.52547e+14 1.16338e+34 3.43237e+19 2.11925e+38 
3.52874e+14 1.17317e+34 3.45914e+19 2.12115e+38 
3.53201e+14 1.18296e+34 3.48589e+19 2.12304e+38 
3.53528e+14 1.19277e+34 3.51264e+19 2.12494e+38 
3.53856e+14 1.20258e+34 3.53938e+19 2.12684e+38 
3.54183e+14 1.21241e+34 3.56611e+19 2.12874e+38 
3.54512e+14 1.22224e+34 3.59284e+19 2.13064e+38 
3.5484e+14 1.23208e+34 3.61956e+19 2.13254e+38 
3.55169e+14 1.24193e+34 3.64627e+19 2.13444e+38 
3.55498e+14 1.25179e+34 3.67297e+19 2.13634e+38 
3.55828e+14 1.26166e+34 3.69967e+19 2.13825e+38 
3.56157e+14 1.27154e+34 3.72636e+19 2.14015e+38 
3.56487e+14 1.28143e+34 3.75305e+19 2.14206e+38 
3.56818e+14 1.29132e+34 3.77973e+19 2.14397e+38 
3.57148e+14 1.30123e+34 3.8064e+19 2.14588e+38 
3.57479e+14 1.31114e+34 3.83306e+19 2.14779e+38 
3.5781e+14 1.32107e+34 3.85972e+19 2.1497e+38 
3.58142e+14 1.331e+34 3.88636e+19 2.15161e+38 
3.58474e+14 1.34094e+34 3.91301e+19 2.15353e+38 
3.58806e+14 1.35089e+34 3.93964e+19 2.15544e+38 
3.59139e+14 1.36085e+34 3.96627e+19 2.15736e+38 
3.59471e+14 1.37082e+34 3.99289e+19 2.15928e+38 
3.59804e+14 1.3808e+34 4.01951e+19 2.1612e+38 
3.60138e+14 1.39079e+34 4.04612e+19 2.16312e+38 
3.60472e+14 1.40079e+34 4.07272e+19 2.16504e+38 
3.60806e+14 1.4108e+34 4.09931e+19 2.16696e+38 
3.6114e+14 1.42081e+34 4.1259e+19 2.16889e+38 
3.61475e+14 1.43084e+34 4.15248e+19 2.17081e+38 
3.6181e+14 1.44087e+34 4.17906e+19 2.17274e+38 
3.62145e+14 1.45092e+34 4.20562e+19 2.17467e+38 
3.6248e+14 1.46097e+34 4.23218e+19 2.1766e+38 
3.62816e+14 1.47103e+34 4.25874e+19 2.17853e+38 
3.63152e+14 1.4811e+34 4.28528e+19 2.18046e+38 
3.63489e+14 1.49119e+34 4.31182e+19 2.18239e+38 
3.63826e+14 1.50128e+34 4.33836e+19 2.18432e+38 
3.64163e+14 1.51138e+34 4.36488e+19 2.18626e+38 
3.645e+14 1.52149e+34 4.3914e+19 2.18819e+38 
3.64838e+14 1.53161e+34 4.41792e+19 2.19013e+38 
3.65176e+14 1.54173e+34 4.44442e+19 2.19207e+38 
3.65515e+14 1.55187e+34 4.47092e+19 2.19401e+38 
3.65853e+14 1.56202e+34 4.49741e+19 2.19595e+38 
3.66192e+14 1.57217e+34 4.5239e+19 2.19789e+38 
3.66532e+14 1.58234e+34 4.55038e+19 2.19984e+38 
3.66871e+14 1.59252e+34 4.57685e+19 2.20178e+38 
3.67211e+14 1.6027e+34 4.60332e+19 2.20373e+38 
3.67552e+14 1.61289e+34 4.62978e+19 2.20567e+38 
3.67892e+14 1.6231e+34 4.65623e+19 2.20762e+38 
3.68233e+14 1.63331e+34 4.68268e+19 2.20957e+38 
3.68574e+14 1.64353e+34 4.70912e+19 2.21152e+38 
3.68916e+14 1.65376e+34 4.73555e+19 2.21348e+38 
3.69258e+14 1.66401e+34 4.76198e+19 2.21543e+38 
3.696e+14 1.67426e+34 4.7884e+19 2.21738e+38 
3.69942e+14 1.68452e+34 4.81481e+19 2.21934e+38 
3.70285e+14 1.69479e+34 4.84122e+19 2.2213e+38 
3.70628e+14 1.70507e+34 4.86762e+19 2.22325e+38 
3.70972e+14 1.71536e+34 4.89401e+19 2.22521e+38 
3.71315e+14 1.72565e+34 4.9204e+19 2.22718e+38 
3.71659e+14 1.73596e+34 4.94678e+19 2.22914e+38 
3.72004e+14 1.74628e+34 4.97315e+19 2.2311e+38 
3.72349e+14 1.75661e+34 4.99952e+19 2.23306e+38 
3.72694e+14 1.76694e+34 5.02588e+19 2.23503e+38 
3.73039e+14 1.77729e+34 5.05223e+19 2.237e+38 
3.73385e+14 1.78765e+34 5.07858e+19 2.23897e+38 
3.73731e+14 1.79801e+34 5.10492e+19 2.24094e+38 
3.74077e+14 1.80839e+34 5.13126e+19 2.24291e+38 
3.74424e+14 1.81877e+34 5.15758e+19 2.24488e+38 
3.74771e+14 1.82916e+34 5.18391e+19 2.24685e+38 
3.75118e+14 1.83957e+34 5.21022e+19 2.24883e+38 
3.75465e+14 1.84998e+34 5.23653e+19 2.2508e+38 
3.75813e+14 1.86041e+34 5.26283e+19 2.25278e+38 
3.76162e+14 1.87084e+34 5.28913e+19 2.25476e+38 
3.7651e+14 1.88128e+34 5.31542e+19 2.25674e+38 
3.76859e+14 1.89173e+34 5.3417e+19 2.25872e+38 
3.77208e+14 1.90219e+34 5.36798e+19 2.2607e+38 
3.77558e+14 1.91267e+34 5.39425e+19 2.26268e+38 
3.77908e+14 1.92315e+34 5.42051e+19 2.26467e+38 
3.78258e+14 1.93364e+34 5.44677e+19 2.26665e+38 
3.78608e+14 1.94414e+34 5.47302e+19 2.26864e+38 
3.78959e+14 1.95465e+34 5.49927e+19 2.27063e+38 
3.7931e+14 1.96517e+34 5.52551e+19 2.27262e+38 
3.79662e+14 1.9757e+34 5.55174e+19 2.27461e+38 
3.80014e+14 1.98624e+34 5.57796e+19 2.2766e+38 
3.80366e+14 1.99679e+34 5.60418e+19 2.27859e+38 
3.80718e+14 2.00735e+34 5.6304e+19 2.28059e+38 
3.81071e+14 2.01792e+34 5.6566e+19 2.28258e+38 
3.81424e+14 2.0285e+34 5.68281e+19 2.28458e+38 
3.81778e+14 2.03908e+34 5.709e+19 2.28658e+38 
3.82131e+14 2.04968e+34 5.73519e+19 2.28858e+38 
3.82485e+14 2.06029e+34 5.76137e+19 2.29058e+38 
3.8284e+14 2.07091e+34 5.78755e+19 2.29258e+38 
3.83195e+14 2.08154e+34 5.81372e+19 2.29459e+38 
3.8355e+14 2.09218e+34 5.83988e+19 2.29659e+38 
3.83905e+14 2.10282e+34 5.86604e+19 2.2986e+38 
3.84261e+14 2.11348e+34 5.89219e+19 2.3006e+38 
3.84617e+14 2.12415e+34 5.91833e+19 2.30261e+38 
3.84973e+14 2.13482e+34 5.94447e+19 2.30462e+38 
3.8533e+14 2.14551e+34 5.9706e+19 2.30663e+38 
3.85687e+14 2.15621e+34 5.99673e+19 2.30865e+38 
3.86044e+14 2.16692e+34 6.02285e+19 2.31066e+38 
3.86402e+14 2.17763e+34 6.04896e+19 2.31268e+38 
3.8676e+14 2.18836e+34 6.07507e+19 2.31469e+38 
3.87119e+14 2.1991e+34 6.10117e+19 2.31671e+38 
3.87477e+14 2.20984e+34 6.12727e+19 2.31873e+38 
3.87836e+14 2.2206e+34 6.15336e+19 2.32075e+38 
3.88196e+14 2.23137e+34 6.17944e+19 2.32277e+38 
3.88556e+14 2.24214e+34 6.20551e+19 2.32479e+38 
3.88916e+14 2.25293e+34 6.23159e+19 2.32682e+38 
3.89276e+14 2.26373e+34 6.25765e+19 2.32884e+38 
3.89637e+14 2.27453e+34 6.28371e+19 2.33087e+38 
3.89998e+14 2.28535e+34 6.30976e+19 2.3329e+38 
3.90359e+14 2.29618e+34 6.33581e+19 2.33493e+38 
3.90721e+14 2.30701e+34 6.36185e+19 2.33696e+38 
3.91083e+14 2.31786e+34 6.38788e+19 2.33899e+38 
3.91445e+14 2.32872e+34 6.41391e+19 2.34102e+38 
3.91808e+14 2.33958e+34 6.43993e+19 2.34305e+38 
3.92171e+14 2.35046e+34 6.46595e+19 2.34509e+38 
3.92534e+14 2.36135e+34 6.49196e+19 2.34713e+38 
3.92898e+14 2.37224e+34 6.51796e+19 2.34917e+38 
3.93262e+14 2.38315e+34 6.54396e+19 2.3512e+38 
3.93627e+14 2.39407e+34 6.56995e+19 2.35325e+38 
3.93991e+14 2.405e+34 6.59594e+19 2.35529e+38 
3.94357e+14 2.41593e+34 6.62192e+19 2.35733e+38 
3.94722e+14 2.42688e+34 6.64789e+19 2.35938e+38 
3.95088e+14 2.43784e+34 6.67386e+19 2.36142e+38 
3.95454e+14 2.44881e+34 6.69982e+19 2.36347e+38 
3.9582e+14 2.45978e+34 6.72578e+19 2.36552e+38 
3.96187e+14 2.47077e+34 6.75173e+19 2.36757e+38 
3.96554e+14 2.48177e+34 6.77768e+19 2.36962e+38 
3.96922e+14 2.49278e+34 6.80361e+19 2.37167e+38 
3.97289e+14 2.5038e+34 6.82955e+19 2.37373e+38 
3.97658e+14 2.51483e+34 6.85547e+19 2.37578e+38 
3.98026e+14 2.52587e+34 6.88139e+19 2.37784e+38 
3.98395e+14 2.53692e+34 6.90731e+19 2.37989e+38 
3.98764e+14 2.54798e+34 6.93322e+19 2.38195e+38 
3.99134e+14 2.55905e+34 6.95912e+19 2.38401e+38 
3.99503e+14 2.57013e+34 6.98502e+19 2.38608e+38 
3.99874e+14 2.58122e+34 7.01091e+19 2.38814e+38 
4.00244e+14 2.59232e+34 7.0368e+19 2.3902e+38 
4.00615e+14 2.60343e+34 7.06268e+19 2.39227e+38 
4.00986e+14 2.61455e+34 7.08855e+19 2.39434e+38 
4.01358e+14 2.62568e+34 7.11442e+19 2.3964e+38 
4.0173e+14 2.63682e+34 7.14028e+19 2.39847e+38 
4.02102e+14 2.64798e+34 7.16614e+19 2.40054e+38 
4.02475e+14 2.65914e+34 7.19199e+19 2.40262e+38 
4.02848e+14 2.67031e+34 7.21783e+19 2.40469e+38 
4.03221e+14 2.6815e+34 7.24367e+19 2.40677e+38 
4.03595e+14 2.69269e+34 7.2695e+19 2.40884e+38 
4.03969e+14 2.70389e+34 7.29533e+19 2.41092e+38 
4.04343e+14 2.71511e+34 7.32115e+19 2.413e+38 
4.04718e+14 2.72633e+34 7.34697e+19 2.41508e+38 
4.05093e+14 2.73757e+34 7.37278e+19 2.41716e+38 
4.05468e+14 2.74881e+34 7.39858e+19 2.41924e+38 
4.05844e+14 2.76007e+34 7.42438e+19 2.42133e+38 
4.0622e+14 2.77134e+34 7.45018e+19 2.42341e+38 
4.06596e+14 2.78261e+34 7.47596e+19 2.4255e+38 
4.06973e+14 2.7939e+34 7.50175e+19 2.42759e+38 
4.0735e+14 2.8052e+34 7.52752e+19 2.42968e+38 
4.07727e+14 2.81651e+34 7.55329e+19 2.43177e+38 
4.08105e+14 2.82783e+34 7.57906e+19 2.43386e+38 
4.08483e+14 2.83915e+34 7.60481e+19 2.43595e+38 
4.08862e+14 2.85049e+34 7.63057e+19 2.43805e+38 
4.09241e+14 2.86184e+34 7.65632e+19 2.44015e+38 
4.0962e+14 2.87321e+34 7.68206e+19 2.44224e+38 
4.1e+14 2.88458e+34 7.70779e+19 2.44434e+38 
4.1038e+14 2.89596e+34 7.73352e+19 2.44644e+38 
4.1076e+14 2.90735e+34 7.75925e+19 2.44854e+38 
4.1114e+14 2.91875e+34 7.78497e+19 2.45065e+38 
4.11521e+14 2.93017e+34 7.81068e+19 2.45275e+38 
4.11903e+14 2.94159e+34 7.83639e+19 2.45486e+38 
4.12284e+14 2.95303e+34 7.86209e+19 2.45696e+38 
4.12666e+14 2.96447e+34 7.88779e+19 2.45907e+38 
4.13049e+14 2.97593e+34 7.91348e+19 2.46118e+38 
4.13432e+14 2.98739e+34 7.93917e+19 2.46329e+38 
4.13815e+14 2.99887e+34 7.96485e+19 2.46541e+38 
4.14198e+14 3.01036e+34 7.99052e+19 2.46752e+38 
4.14582e+14 3.02186e+34 8.01619e+19 2.46963e+38 
4.14966e+14 3.03337e+34 8.04185e+19 2.47175e+38 
4.15351e+14 3.04489e+34 8.06751e+19 2.47387e+38 
4.15736e+14 3.05642e+34 8.09317e+19 2.47599e+38 
4.16121e+14 3.06796e+34 8.11881e+19 2.47811e+38 
4.16506e+14 3.07951e+34 8.14445e+19 2.48023e+38 
4.16892e+14 3.09107e+34 8.17009e+19 2.48235e+38 
4.17279e+14 3.10265e+34 8.19572e+19 2.48448e+38 
4.17665e+14 3.11423e+34 8.22135e+19 2.4866e+38 
4.18052e+14 3.12582e+34 8.24696e+19 2.48873e+38 
4.1844e+14 3.13743e+34 8.27258e+19 2.49086e+38 
4.18827e+14 3.14905e+34 8.29819e+19 2.49299e+38 
4.19216e+14 3.16067e+34 8.32379e+19 2.49512e+38 
4.19604e+14 3.17231e+34 8.34939e+19 2.49725e+38 
4.19993e+14 3.18396e+34 8.37498e+19 2.49939e+38 
4.20382e+14 3.19562e+34 8.40057e+19 2.50152e+38 
4.20772e+14 3.20729e+34 8.42615e+19 2.50366e+38 
4.21162e+14 3.21897e+34 8.45172e+19 2.5058e+38 
4.21552e+14 3.23066e+34 8.47729e+19 2.50794e+38 
4.21942e+14 3.24236e+34 8.50286e+19 2.51008e+38 
4.22333e+14 3.25408e+34 8.52842e+19 2.51222e+38 
4.22725e+14 3.2658e+34 8.55397e+19 2.51437e+38 
4.23116e+14 3.27754e+34 8.57952e+19 2.51651e+38 
4.23509e+14 3.28928e+34 8.60507e+19 2.51866e+38 
4.23901e+14 3.30104e+34 8.6306e+19 2.52081e+38 
4.24294e+14 3.31281e+34 8.65614e+19 2.52296e+38 
4.24687e+14 3.32459e+34 8.68166e+19 2.52511e+38 
4.2508e+14 3.33638e+34 8.70719e+19 2.52726e+38 
4.25474e+14 3.34818e+34 8.7327e+19 2.52941e+38 
4.25869e+14 3.35999e+34 8.75821e+19 2.53157e+38 
4.26263e+14 3.37181e+34 8.78372e+19 2.53372e+38 
4.26658e+14 3.38364e+34 8.80922e+19 2.53588e+38 
4.27054e+14 3.39549e+34 8.83471e+19 2.53804e+38 
4.27449e+14 3.40734e+34 8.8602e+19 2.5402e+38 
4.27845e+14 3.41921e+34 8.88569e+19 2.54236e+38 
4.28242e+14 3.43109e+34 8.91117e+19 2.54453e+38 
4.28639e+14 3.44298e+34 8.93664e+19 2.54669e+38 
4.29036e+14 3.45487e+34 8.96211e+19 2.54886e+38 
4.29433e+14 3.46678e+34 8.98758e+19 2.55102e+38 
4.29831e+14 3.47871e+34 9.01303e+19 2.55319e+38 
4.3023e+14 3.49064e+34 9.03849e+19 2.55536e+38 
4.30628e+14 3.50258e+34 9.06393e+19 2.55753e+38 
4.31027e+14 3.51454e+34 9.08938e+19 2.55971e+38 
4.31427e+14 3.5265e+34 9.11481e+19 2.56188e+38 
4.31827e+14 3.53848e+34 9.14025e+19 2.56406e+38 
4.32227e+14 3.55047e+34 9.16567e+19 2.56623e+38 
4.32627e+14 3.56247e+34 9.19109e+19 2.56841e+38 
4.33028e+14 3.57448e+34 9.21651e+19 2.57059e+38 
4.33429e+14 3.5865e+34 9.24192e+19 2.57277e+38 
4.33831e+14 3.59853e+34 9.26733e+19 2.57496e+38 
4.34233e+14 3.61057e+34 9.29273e+19 2.57714e+38 
4.34635e+14 3.62263e+34 9.31812e+19 2.57933e+38 
4.35038e+14 3.63469e+34 9.34351e+19 2.58151e+38 
4.35441e+14 3.64677e+34 9.3689e+19 2.5837e+38 
4.35845e+14 3.65886e+34 9.39428e+19 2.58589e+38 
4.36249e+14 3.67096e+34 9.41965e+19 2.58808e+38 
4.36653e+14 3.68307e+34 9.44502e+19 2.59027e+38 
4.37058e+14 3.69519e+34 9.47039e+19 2.59247e+38 
4.37463e+14 3.70732e+34 9.49575e+19 2.59466e+38 
4.37868e+14 3.71947e+34 9.5211e+19 2.59686e+38 
4.38274e+14 3.73162e+34 9.54645e+19 2.59906e+38 
4.3868e+14 3.74379e+34 9.5718e+19 2.60126e+38 
4.39086e+14 3.75597e+34 9.59714e+19 2.60346e+38 
4.39493e+14 3.76816e+34 9.62247e+19 2.60566e+38 
4.399e+14 3.78036e+34 9.6478e+19 2.60787e+38 
4.40308e+14 3.79257e+34 9.67312e+19 2.61007e+38 
4.40716e+14 3.80479e+34 9.69844e+19 2.61228e+38 
4.41124e+14 3.81703e+34 9.72375e+19 2.61449e+38 
4.41533e+14 3.82927e+34 9.74906e+19 2.6167e+38 
4.41942e+14 3.84153e+34 9.77437e+19 2.61891e+38 
4.42352e+14 3.8538e+34 9.79966e+19 2.62112e+38 
4.42762e+14 3.86608e+34 9.82496e+19 2.62333e+38 
4.43172e+14 3.87837e+34 9.85025e+19 2.62555e+38 
4.43583e+14 3.89067e+34 9.87553e+19 2.62777e+38 
4.43994e+14 3.90299e+34 9.90081e+19 2.62998e+38 
4.44405e+14 3.91531e+34 9.92608e+19 2.6322e+38 
4.44817e+14 3.92765e+34 9.95135e+19 2.63442e+38 
4.45229e+14 3.94e+34 9.97661e+19 2.63665e+38 
4.45642e+14 3.95236e+34 1.00019e+20 2.63887e+38 
4.46055e+14 3.96473e+34 1.00271e+20 2.6411e+38 
4.46468e+14 3.97711e+34 1.00524e+20 2.64332e+38 
4.46882e+14 3.98951e+34 1.00776e+20 2.64555e+38 
4.47296e+14 4.00191e+34 1.01029e+20 2.64778e+38 
4.4771e+14 4.01433e+34 1.01281e+20 2.65001e+38 
4.48125e+14 4.02676e+34 1.01533e+20 2.65224e+38 
4.4854e+14 4.0392e+34 1.01785e+20 2.65448e+38 
4.48956e+14 4.05165e+34 1.02038e+20 2.65671e+38 
4.49372e+14 4.06411e+34 1.0229e+20 2.65895e+38 
4.49788e+14 4.07659e+34 1.02542e+20 2.66119e+38 
4.50205e+14 4.08908e+34 1.02794e+20 2.66343e+38 
4.50622e+14 4.10157e+34 1.03046e+20 2.66567e+38 
4.5104e+14 4.11408e+34 1.03298e+20 2.66791e+38 
4.51458e+14 4.1266e+34 1.0355e+20 2.67016e+38 
4.51876e+14 4.13914e+34 1.03801e+20 2.6724e+38 
4.52295e+14 4.15168e+34 1.04053e+20 2.67465e+38 
4.52714e+14 4.16424e+34 1.04305e+20 2.6769e+38 
4.53134e+14 4.17681e+34 1.04557e+20 2.67915e+38 
4.53553e+14 4.18939e+34 1.04808e+20 2.6814e+38 
4.53974e+14 4.20198e+34 1.0506e+20 2.68365e+38 
4.54394e+14 4.21458e+34 1.05311e+20 2.68591e+38 
4.54816e+14 4.22719e+34 1.05563e+20 2.68816e+38 
4.55237e+14 4.23982e+34 1.05814e+20 2.69042e+38 
4.55659e+14 4.25246e+34 1.06066e+20 2.69268e+38 
4.56081e+14 4.26511e+34 1.06317e+20 2.69494e+38 
4.56504e+14 4.27777e+34 1.06568e+20 2.6972e+38 
4.56927e+14 4.29044e+34 1.0682e+20 2.69946e+38 
4.5735e+14 4.30312e+34 1.07071e+20 2.70173e+38 
4.57774e+14 4.31582e+34 1.07322e+20 2.70399e+38 
4.58198e+14 4.32853e+34 1.07573e+20 2.70626e+38 
4.58623e+14 4.34125e+34 1.07824e+20 2.70853e+38 
4.59048e+14 4.35398e+34 1.08075e+20 2.7108e+38 
4.59473e+14 4.36672e+34 1.08326e+20 2.71307e+38 
4.59899e+14 4.37948e+34 1.08577e+20 2.71534e+38 
4.60325e+14 4.39225e+34 1.08828e+20 2.71762e+38 
4.60751e+14 4.40503e+34 1.09079e+20 2.7199e+38 
4.61178e+14 4.41782e+34 1.0933e+20 2.72217e+38 
4.61606e+14 4.43062e+34 1.0958e+20 2.72445e+38 
4.62034e+14 4.44343e+34 1.09831e+20 2.72673e+38 
4.62462e+14 4.45626e+34 1.10082e+20 2.72902e+38 
4.6289e+14 4.4691e+34 1.10332e+20 2.7313e+38 
4.63319e+14 4.48195e+34 1.10583e+20 2.73358e+38 
4.63748e+14 4.49481e+34 1.10833e+20 2.73587e+38 
4.64178e+14 4.50768e+34 1.11084e+20 2.73816e+38 
4.64608e+14 4.52057e+34 1.11334e+20 2.74045e+38 
4.65039e+14 4.53347e+34 1.11584e+20 2.74274e+38 
4.6547e+14 4.54638e+34 1.11835e+20 2.74503e+38 
4.65901e+14 4.5593e+34 1.12085e+20 2.74733e+38 
4.66333e+14 4.57223e+34 1.12335e+20 2.74962e+38 
4.66765e+14 4.58518e+34 1.12585e+20 2.75192e+38 
4.67197e+14 4.59814e+34 1.12836e+20 2.75422e+38 
4.6763e+14 4.61111e+34 1.13086e+20 2.75652e+38 
4.68064e+14 4.62409e+34 1.13336e+20 2.75882e+38 
4.68497e+14 4.63708e+34 1.13586e+20 2.76112e+38 
4.68932e+14 4.65009e+34 1.13836e+20 2.76343e+38 
4.69366e+14 4.66311e+34 1.14085e+20 2.76573e+38 
4.69801e+14 4.67614e+34 1.14335e+20 2.76804e+38 
4.70236e+14 4.68918e+34 1.14585e+20 2.77035e+38 
4.70672e+14 4.70223e+34 1.14835e+20 2.77266e+38 
4.71108e+14 4.7153e+34 1.15084e+20 2.77497e+38 
4.71545e+14 4.72838e+34 1.15334e+20 2.77728e+38 
4.71982e+14 4.74147e+34 1.15584e+20 2.7796e+38 
4.72419e+14 4.75457e+34 1.15833e+20 2.78191e+38 
4.72857e+14 4.76768e+34 1.16083e+20 2.78423e+38 
4.73295e+14 4.78081e+34 1.16332e+20 2.78655e+38 
4.73734e+14 4.79395e+34 1.16582e+20 2.78887e+38 
4.74173e+14 4.8071e+34 1.16831e+20 2.7912e+38 
4.74612e+14 4.82027e+34 1.1708e+20 2.79352e+38 
4.75052e+14 4.83344e+34 1.1733e+20 2.79584e+38 
4.75492e+14 4.84663e+34 1.17579e+20 2.79817e+38 
4.75933e+14 4.85983e+34 1.17828e+20 2.8005e+38 
4.76374e+14 4.87304e+34 1.18077e+20 2.80283e+38 
4.76815e+14 4.88627e+34 1.18326e+20 2.80516e+38 
4.77257e+14 4.8995e+34 1.18575e+20 2.80749e+38 
4.77699e+14 4.91275e+34 1.18824e+20 2.80983e+38 
4.78142e+14 4.92601e+34 1.19073e+20 2.81217e+38 
4.78585e+14 4.93929e+34 1.19322e+20 2.8145e+38 
4.79028e+14 4.95257e+34 1.19571e+20 2.81684e+38 
4.79472e+14 4.96587e+34 1.1982e+20 2.81918e+38 
4.79916e+14 4.97918e+34 1.20069e+20 2.82152e+38 
4.80361e+14 4.9925e+34 1.20318e+20 2.82387e+38 
4.80806e+14 5.00584e+34 1.20566e+20 2.82621e+38 
4.81252e+14 5.01919e+34 1.20815e+20 2.82856e+38 
4.81698e+14 5.03255e+34 1.21063e+20 2.83091e+38 
4.82144e+14 5.04592e+34 1.21312e+20 2.83326e+38 
4.82591e+14 5.0593e+34 1.21561e+20 2.83561e+38 
4.83038e+14 5.0727e+34 1.21809e+20 2.83796e+38 
4.83486e+14 5.08611e+34 1.22057e+20 2.84032e+38 
4.83934e+14 5.09953e+34 1.22306e+20 2.84267e+38 
4.84382e+14 5.11297e+34 1.22554e+20 2.84503e+38 
4.84831e+14 5.12641e+34 1.22802e+20 2.84739e+38 
4.8528e+14 5.13987e+34 1.23051e+20 2.84975e+38 
4.8573e+14 5.15334e+34 1.23299e+20 2.85211e+38 
4.8618e+14 5.16683e+34 1.23547e+20 2.85447e+38 
4.86631e+14 5.18032e+34 1.23795e+20 2.85684e+38 
4.87081e+14 5.19383e+34 1.24043e+20 2.85921e+38 
4.87533e+14 5.20736e+34 1.24291e+20 2.86157e+38 
4.87985e+14 5.22089e+34 1.24539e+20 2.86394e+38 
4.88437e+14 5.23444e+34 1.24787e+20 2.86631e+38 
4.88889e+14 5.248e+34 1.25035e+20 2.86869e+38 
4.89342e+14 5.26157e+34 1.25283e+20 2.87106e+38 
4.89796e+14 5.27515e+34 1.25531e+20 2.87344e+38 
4.9025e+14 5.28875e+34 1.25779e+20 2.87582e+38 
4.90704e+14 5.30236e+34 1.26026e+20 2.87819e+38 
4.91159e+14 5.31598e+34 1.26274e+20 2.88057e+38 
4.91614e+14 5.32962e+34 1.26522e+20 2.88296e+38 
4.92069e+14 5.34326e+34 1.26769e+20 2.88534e+38 
4.92525e+14 5.35692e+34 1.27017e+20 2.88773e+38 
4.92982e+14 5.3706e+34 1.27264e+20 2.89011e+38 
4.93439e+14 5.38428e+34 1.27512e+20 2.8925e+38 
4.93896e+14 5.39798e+34 1.27759e+20 2.89489e+38 
4.94353e+14 5.41169e+34 1.28006e+20 2.89728e+38 
4.94812e+14 5.42542e+34 1.28254e+20 2.89967e+38 
4.9527e+14 5.43915e+34 1.28501e+20 2.90207e+38 
4.95729e+14 5.4529e+34 1.28748e+20 2.90446e+38 
4.96188e+14 5.46666e+34 1.28996e+20 2.90686e+38 
4.96648e+14 5.48044e+34 1.29243e+20 2.90926e+38 
4.97108e+14 5.49422e+34 1.2949e+20 2.91166e+38 
4.97569e+14 5.50802e+34 1.29737e+20 2.91406e+38 
4.9803e+14 5.52184e+34 1.29984e+20 2.91647e+38 
4.98492e+14 5.53566e+34 1.30231e+20 2.91887e+38 
4.98954e+14 5.5495e+34 1.30478e+20 2.92128e+38 
4.99416e+14 5.56335e+34 1.30725e+20 2.92369e+38 
4.99879e+14 5.57722e+34 1.30972e+20 2.9261e+38 
5.00342e+14 5.59109e+34 1.31218e+20 2.92851e+38 
5.00805e+14 5.60498e+34 1.31465e+20 2.93092e+38 
5.0127e+14 5.61889e+34 1.31712e+20 2.93334e+38 
5.01734e+14 5.6328e+34 1.31959e+20 2.93576e+38 
5.02199e+14 5.64673e+34 1.32205e+20 2.93817e+38 
5.02664e+14 5.66067e+34 1.32452e+20 2.94059e+38 
5.0313e+14 5.67463e+34 1.32698e+20 2.94301e+38 
5.03596e+14 5.68859e+34 1.32945e+20 2.94544e+38 
5.04063e+14 5.70257e+34 1.33191e+20 2.94786e+38 
5.0453e+14 5.71657e+34 1.33438e+20 2.95029e+38 
5.04998e+14 5.73057e+34 1.33684e+20 2.95271e+38 
5.05466e+14 5.74459e+34 1.33931e+20 2.95514e+38 
5.05934e+14 5.75862e+34 1.34177e+20 2.95757e+38 
5.06403e+14 5.77267e+34 1.34423e+20 2.96001e+38 
5.06872e+14 5.78673e+34 1.34669e+20 2.96244e+38 
5.07342e+14 5.8008e+34 1.34916e+20 2.96488e+38 
5.07812e+14 5.81488e+34 1.35162e+20 2.96731e+38 
5.08282e+14 5.82898e+34 1.35408e+20 2.96975e+38 
5.08753e+14 5.84309e+34 1.35654e+20 2.97219e+38 
5.09225e+14 5.85721e+34 1.359e+20 2.97463e+38 
5.09697e+14 5.87135e+34 1.36146e+20 2.97708e+38 
5.10169e+14 5.8855e+34 1.36392e+20 2.97952e+38 
5.10642e+14 5.89966e+34 1.36638e+20 2.98197e+38 
5.11115e+14 5.91384e+34 1.36884e+20 2.98442e+38 
5.11589e+14 5.92803e+34 1.37129e+20 2.98687e+38 
5.12063e+14 5.94223e+34 1.37375e+20 2.98932e+38 
5.12537e+14 5.95644e+34 1.37621e+20 2.99177e+38 
5.13012e+14 5.97067e+34 1.37867e+20 2.99422e+38 
5.13487e+14 5.98491e+34 1.38112e+20 2.99668e+38 
5.13963e+14 5.99917e+34 1.38358e+20 2.99914e+38 
5.14439e+14 6.01344e+34 1.38603e+20 3.0016e+38 
5.14916e+14 6.02772e+34 1.38849e+20 3.00406e+38 
5.15393e+14 6.04201e+34 1.39094e+20 3.00652e+38 
5.15871e+14 6.05632e+34 1.3934e+20 3.00899e+38 
5.16349e+14 6.07064e+34 1.39585e+20 3.01145e+38 
5.16827e+14 6.08498e+34 1.39831e+20 3.01392e+38 
5.17306e+14 6.09932e+34 1.40076e+20 3.01639e+38 
5.17786e+14 6.11368e+34 1.40321e+20 3.01886e+38 
5.18265e+14 6.12806e+34 1.40566e+20 3.02133e+38 
5.18746e+14 6.14245e+34 1.40812e+20 3.0238e+38 
5.19226e+14 6.15685e+34 1.41057e+20 3.02628e+38 
5.19708e+14 6.17126e+34 1.41302e+20 3.02876e+38 
5.20189e+14 6.18569e+34 1.41547e+20 3.03124e+38 
5.20671e+14 6.20013e+34 1.41792e+20 3.03372e+38 
5.21154e+14 6.21458e+34 1.42037e+20 3.0362e+38 
5.21637e+14 6.22905e+34 1.42282e+20 3.03868e+38 
5.2212e+14 6.24353e+34 1.42527e+20 3.04117e+38 
5.22604e+14 6.25803e+34 1.42772e+20 3.04365e+38 
5.23088e+14 6.27253e+34 1.43017e+20 3.04614e+38 
5.23573e+14 6.28706e+34 1.43261e+20 3.04863e+38 
5.24058e+14 6.30159e+34 1.43506e+20 3.05112e+38 
5.24543e+14 6.31614e+34 1.43751e+20 3.05362e+38 
5.2503e+14 6.3307e+34 1.43995e+20 3.05611e+38 
5.25516e+14 6.34528e+34 1.4424e+20 3.05861e+38 
5.26003e+14 6.35986e+34 1.44485e+20 3.06111e+38 
5.2649e+14 6.37447e+34 1.44729e+20 3.06361e+38 
5.26978e+14 6.38908e+34 1.44974e+20 3.06611e+38 
5.27467e+14 6.40371e+34 1.45218e+20 3.06861e+38 
5.27955e+14 6.41835e+34 1.45463e+20 3.07112e+38 
5.28445e+14 6.43301e+34 1.45707e+20 3.07362e+38 
5.28934e+14 6.44768e+34 1.45951e+20 3.07613e+38 
5.29424e+14 6.46236e+34 1.46196e+20 3.07864e+38 
5.29915e+14 6.47706e+34 1.4644e+20 3.08115e+38 
5.30406e+14 6.49177e+34 1.46684e+20 3.08366e+38 
5.30898e+14 6.5065e+34 1.46928e+20 3.08618e+38 
5.31389e+14 6.52123e+34 1.47173e+20 3.08869e+38 
5.31882e+14 6.53599e+34 1.47417e+20 3.09121e+38 
5.32375e+14 6.55075e+34 1.47661e+20 3.09373e+38 
5.32868e+14 6.56553e+34 1.47905e+20 3.09625e+38 
5.33362e+14 6.58032e+34 1.48149e+20 3.09878e+38 
5.33856e+14 6.59513e+34 1.48393e+20 3.1013e+38 
5.34351e+14 6.60995e+34 1.48637e+20 3.10383e+38 
5.34846e+14 6.62478e+34 1.48881e+20 3.10635e+38 
5.35342e+14 6.63963e+34 1.49125e+20 3.10888e+38 
5.35838e+14 6.65449e+34 1.49368e+20 3.11142e+38 
5.36334e+14 6.66937e+34 1.49612e+20 3.11395e+38 
5.36831e+14 6.68426e+34 1.49856e+20 3.11648e+38 
5.37329e+14 6.69916e+34 1.501e+20 3.11902e+38 
5.37826e+14 6.71408e+34 1.50343e+20 3.12156e+38 
5.38325e+14 6.72901e+34 1.50587e+20 3.1241e+38 
5.38824e+14 6.74395e+34 1.5083e+20 3.12664e+38 
5.39323e+14 6.75891e+34 1.51074e+20 3.12918e+38 
5.39823e+14 6.77388e+34 1.51317e+20 3.13172e+38 
5.40323e+14 6.78887e+34 1.51561e+20 3.13427e+38 
5.40824e+14 6.80387e+34 1.51804e+20 3.13682e+38 
5.41325e+14 6.81888e+34 1.52048e+20 3.13937e+38 
5.41826e+14 6.83391e+34 1.52291e+20 3.14192e+38 
5.42328e+14 6.84895e+34 1.52534e+20 3.14447e+38 
5.42831e+14 6.86401e+34 1.52778e+20 3.14703e+38 
5.43334e+14 6.87908e+34 1.53021e+20 3.14958e+38 
5.43838e+14 6.89416e+34 1.53264e+20 3.15214e+38 
5.44341e+14 6.90926e+34 1.53507e+20 3.1547e+38 
5.44846e+14 6.92437e+34 1.5375e+20 3.15726e+38 
5.45351e+14 6.93949e+34 1.53993e+20 3.15982e+38 
5.45856e+14 6.95463e+34 1.54237e+20 3.16239e+38 
5.46362e+14 6.96979e+34 1.5448e+20 3.16495e+38 
5.46868e+14 6.98495e+34 1.54722e+20 3.16752e+38 
5.47375e+14 7.00013e+34 1.54965e+20 3.17009e+38 
5.47882e+14 7.01533e+34 1.55208e+20 3.17266e+38 
5.4839e+14 7.03054e+34 1.55451e+20 3.17524e+38 
5.48898e+14 7.04576e+34 1.55694e+20 3.17781e+38 
5.49407e+14 7.061e+34 1.55937e+20 3.18039e+38 
5.49916e+14 7.07625e+34 1.5618e+20 3.18296e+38 
5.50425e+14 7.09152e+34 1.56422e+20 3.18554e+38 
5.50935e+14 7.1068e+34 1.56665e+20 3.18813e+38 
5.51446e+14 7.12209e+34 1.56908e+20 3.19071e+38 
5.51957e+14 7.1374e+34 1.5715e+20 3.19329e+38 
5.52468e+14 7.15273e+34 1.57393e+20 3.19588e+38 
5.5298e+14 7.16806e+34 1.57635e+20 3.19847e+38 
5.53493e+14 7.18341e+34 1.57878e+20 3.20106e+38 
5.54006e+14 7.19878e+34 1.5812e+20 3.20365e+38 
5.54519e+14 7.21416e+34 1.58363e+20 3.20624e+38 
5.55033e+14 7.22955e+34 1.58605e+20 3.20884e+38 
5.55547e+14 7.24496e+34 1.58847e+20 3.21144e+38 
5.56062e+14 7.26038e+34 1.5909e+20 3.21403e+38 
5.56577e+14 7.27582e+34 1.59332e+20 3.21663e+38 
5.57093e+14 7.29127e+34 1.59574e+20 3.21924e+38 
5.57609e+14 7.30674e+34 1.59816e+20 3.22184e+38 
5.58126e+14 7.32222e+34 1.60058e+20 3.22444e+38 
5.58643e+14 7.33771e+34 1.60301e+20 3.22705e+38 
5.59161e+14 7.35322e+34 1.60543e+20 3.22966e+38 
5.59679e+14 7.36874e+34 1.60785e+20 3.23227e+38 
5.60197e+14 7.38428e+34 1.61027e+20 3.23488e+38 
5.60717e+14 7.39983e+34 1.61269e+20 3.2375e+38 
5.61236e+14 7.41539e+34 1.61511e+20 3.24011e+38 
5.61756e+14 7.43097e+34 1.61752e+20 3.24273e+38 
5.62277e+14 7.44657e+34 1.61994e+20 3.24535e+38 
5.62798e+14 7.46218e+34 1.62236e+20 3.24797e+38 
5.63319e+14 7.4778e+34 1.62478e+20 3.25059e+38 
5.63841e+14 7.49344e+34 1.6272e+20 3.25322e+38 
5.64364e+14 7.50909e+34 1.62961e+20 3.25584e+38 
5.64887e+14 7.52476e+34 1.63203e+20 3.25847e+38 
5.6541e+14 7.54044e+34 1.63445e+20 3.2611e+38 
5.65934e+14 7.55614e+34 1.63686e+20 3.26373e+38 
5.66458e+14 7.57185e+34 1.63928e+20 3.26636e+38 
5.66983e+14 7.58757e+34 1.64169e+20 3.269e+38 
5.67509e+14 7.60331e+34 1.64411e+20 3.27163e+38 
5.68035e+14 7.61907e+34 1.64652e+20 3.27427e+38 
5.68561e+14 7.63484e+34 1.64894e+20 3.27691e+38 
5.69088e+14 7.65062e+34 1.65135e+20 3.27955e+38 
5.69615e+14 7.66642e+34 1.65377e+20 3.28219e+38 
5.70143e+14 7.68223e+34 1.65618e+20 3.28484e+38 
5.70671e+14 7.69806e+34 1.65859e+20 3.28749e+38 
5.712e+14 7.7139e+34 1.661e+20 3.29013e+38 
5.71729e+14 7.72976e+34 1.66342e+20 3.29279e+38 
5.72259e+14 7.74563e+34 1.66583e+20 3.29544e+38 
5.72789e+14 7.76152e+34 1.66824e+20 3.29809e+38 
5.7332e+14 7.77742e+34 1.67065e+20 3.30075e+38 
5.73852e+14 7.79333e+34 1.67306e+20 3.3034e+38 
5.74383e+14 7.80926e+34 1.67547e+20 3.30606e+38 
5.74916e+14 7.82521e+34 1.67788e+20 3.30872e+38 
5.75448e+14 7.84117e+34 1.68029e+20 3.31138e+38 
5.75982e+14 7.85715e+34 1.6827e+20 3.31405e+38 
5.76515e+14 7.87313e+34 1.68511e+20 3.31671e+38 
5.77049e+14 7.88914e+34 1.68752e+20 3.31938e+38 
5.77584e+14 7.90516e+34 1.68993e+20 3.32205e+38 
5.78119e+14 7.92119e+34 1.69233e+20 3.32472e+38 
5.78655e+14 7.93724e+34 1.69474e+20 3.3274e+38 
5.79191e+14 7.95331e+34 1.69715e+20 3.33007e+38 
5.79728e+14 7.96938e+34 1.69956e+20 3.33275e+38 
5.80265e+14 7.98548e+34 1.70196e+20 3.33543e+38 
5.80803e+14 8.00159e+34 1.70437e+20 3.33811e+38 
5.81341e+14 8.01771e+34 1.70677e+20 3.34079e+38 
5.8188e+14 8.03385e+34 1.70918e+20 3.34347e+38 
5.82419e+14 8.05e+34 1.71158e+20 3.34616e+38 
5.82959e+14 8.06617e+34 1.71399e+20 3.34884e+38 
5.83499e+14 8.08235e+34 1.71639e+20 3.35153e+38 
5.8404e+14 8.09855e+34 1.7188e+20 3.35422e+38 
5.84581e+14 8.11477e+34 1.7212e+20 3.35691e+38 
5.85122e+14 8.13099e+34 1.72361e+20 3.35961e+38 
5.85665e+14 8.14724e+34 1.72601e+20 3.3623e+38 
5.86207e+14 8.1635e+34 1.72841e+20 3.365e+38 
5.86751e+14 8.17977e+34 1.73081e+20 3.3677e+38 
5.87294e+14 8.19606e+34 1.73322e+20 3.3704e+38 
5.87838e+14 8.21236e+34 1.73562e+20 3.37311e+38 
5.88383e+14 8.22868e+34 1.73802e+20 3.37581e+38 
5.88928e+14 8.24501e+34 1.74042e+20 3.37852e+38 
5.89474e+14 8.26136e+34 1.74282e+20 3.38123e+38 
5.9002e+14 8.27773e+34 1.74522e+20 3.38394e+38 
5.90567e+14 8.29411e+34 1.74762e+20 3.38665e+38 
5.91114e+14 8.3105e+34 1.75002e+20 3.38936e+38 
5.91662e+14 8.32691e+34 1.75242e+20 3.39208e+38 
5.9221e+14 8.34334e+34 1.75482e+20 3.39479e+38 
5.92759e+14 8.35978e+34 1.75722e+20 3.39751e+38 
5.93308e+14 8.37623e+34 1.75961e+20 3.40023e+38 
5.93858e+14 8.3927e+34 1.76201e+20 3.40296e+38 
5.94408e+14 8.40919e+34 1.76441e+20 3.40568e+38 
5.94959e+14 8.42569e+34 1.76681e+20 3.40841e+38 
5.95511e+14 8.44221e+34 1.7692e+20 3.41114e+38 
5.96062e+14 8.45874e+34 1.7716e+20 3.41387e+38 
5.96615e+14 8.47529e+34 1.774e+20 3.4166e+38 
5.97168e+14 8.49185e+34 1.77639e+20 3.41933e+38 
5.97721e+14 8.50843e+34 1.77879e+20 3.42207e+38 
5.98275e+14 8.52502e+34 1.78118e+20 3.4248e+38 
5.98829e+14 8.54163e+34 1.78358e+20 3.42754e+38 
5.99384e+14 8.55825e+34 1.78597e+20 3.43028e+38 
5.99939e+14 8.57489e+34 1.78837e+20 3.43303e+38 
6.00495e+14 8.59155e+34 1.79076e+20 3.43577e+38 
6.01052e+14 8.60822e+34 1.79316e+20 3.43852e+38 
6.01609e+14 8.6249e+34 1.79555e+20 3.44126e+38 
6.02166e+14 8.6416e+34 1.79794e+20 3.44401e+38 
6.02724e+14 8.65832e+34 1.80033e+20 3.44677e+38 
6.03283e+14 8.67505e+34 1.80273e+20 3.44952e+38 
6.03842e+14 8.6918e+34 1.80512e+20 3.45227e+38 
6.04401e+14 8.70856e+34 1.80751e+20 3.45503e+38 
6.04961e+14 8.72534e+34 1.8099e+20 3.45779e+38 
6.05522e+14 8.74213e+34 1.81229e+20 3.46055e+38 
6.06083e+14 8.75894e+34 1.81468e+20 3.46331e+38 
6.06645e+14 8.77577e+34 1.81707e+20 3.46608e+38 
6.07207e+14 8.79261e+34 1.81946e+20 3.46884e+38 
6.0777e+14 8.80947e+34 1.82185e+20 3.47161e+38 
6.08333e+14 8.82634e+34 1.82424e+20 3.47438e+38 
6.08896e+14 8.84323e+34 1.82663e+20 3.47715e+38 
6.09461e+14 8.86013e+34 1.82902e+20 3.47993e+38 
6.10025e+14 8.87705e+34 1.83141e+20 3.4827e+38 
6.10591e+14 8.89398e+34 1.8338e+20 3.48548e+38 
6.11156e+14 8.91093e+34 1.83618e+20 3.48826e+38 
6.11723e+14 8.9279e+34 1.83857e+20 3.49104e+38 
6.1229e+14 8.94488e+34 1.84096e+20 3.49382e+38 
6.12857e+14 8.96188e+34 1.84334e+20 3.49661e+38 
6.13425e+14 8.97889e+34 1.84573e+20 3.49939e+38 
6.13993e+14 8.99592e+34 1.84812e+20 3.50218e+38 
6.14562e+14 9.01297e+34 1.8505e+20 3.50497e+38 
6.15132e+14 9.03003e+34 1.85289e+20 3.50776e+38 
6.15702e+14 9.0471e+34 1.85527e+20 3.51056e+38 
6.16272e+14 9.0642e+34 1.85766e+20 3.51335e+38 
6.16843e+14 9.08131e+34 1.86004e+20 3.51615e+38 
6.17415e+14 9.09843e+34 1.86243e+20 3.51895e+38 
6.17987e+14 9.11557e+34 1.86481e+20 3.52175e+38 
6.1856e+14 9.13273e+34 1.86719e+20 3.52455e+38 
6.19133e+14 9.1499e+34 1.86958e+20 3.52736e+38 
6.19707e+14 9.16708e+34 1.87196e+20 3.53016e+38 
6.20281e+14 9.18429e+34 1.87434e+20 3.53297e+38 
6.20856e+14 9.20151e+34 1.87672e+20 3.53578e+38 
6.21431e+14 9.21874e+34 1.8791e+20 3.53859e+38 
6.22007e+14 9.23599e+34 1.88149e+20 3.54141e+38 
6.22583e+14 9.25326e+34 1.88387e+20 3.54422e+38 
6.2316e+14 9.27054e+34 1.88625e+20 3.54704e+38 
6.23738e+14 9.28784e+34 1.88863e+20 3.54986e+38 
6.24316e+14 9.30516e+34 1.89101e+20 3.55268e+38 
6.24894e+14 9.32249e+34 1.89339e+20 3.55551e+38 
6.25473e+14 9.33984e+34 1.89577e+20 3.55833e+38 
6.26053e+14 9.3572e+34 1.89815e+20 3.56116e+38 
6.26633e+14 9.37458e+34 1.90053e+20 3.56399e+38 
6.27213e+14 9.39198e+34 1.90291e+20 3.56682e+38 
6.27795e+14 9.40939e+34 1.90528e+20 3.56965e+38 
6.28376e+14 9.42682e+34 1.90766e+20 3.57249e+38 
6.28959e+14 9.44426e+34 1.91004e+20 3.57532e+38 
6.29541e+14 9.46172e+34 1.91242e+20 3.57816e+38 
6.30125e+14 9.4792e+34 1.91479e+20 3.581e+38 
6.30709e+14 9.49669e+34 1.91717e+20 3.58384e+38 
6.31293e+14 9.5142e+34 1.91955e+20 3.58669e+38 
6.31878e+14 9.53173e+34 1.92192e+20 3.58953e+38 
6.32464e+14 9.54927e+34 1.9243e+20 3.59238e+38 
6.3305e+14 9.56682e+34 1.92668e+20 3.59523e+38 
6.33636e+14 9.5844e+34 1.92905e+20 3.59808e+38 
6.34224e+14 9.60199e+34 1.93143e+20 3.60094e+38 
6.34811e+14 9.6196e+34 1.9338e+20 3.60379e+38 
6.35399e+14 9.63722e+34 1.93617e+20 3.60665e+38 
6.35988e+14 9.65486e+34 1.93855e+20 3.60951e+38 
6.36578e+14 9.67251e+34 1.94092e+20 3.61237e+38 
6.37167e+14 9.69018e+34 1.9433e+20 3.61523e+38 
6.37758e+14 9.70787e+34 1.94567e+20 3.6181e+38 
6.38349e+14 9.72558e+34 1.94804e+20 3.62096e+38 
6.3894e+14 9.7433e+34 1.95041e+20 3.62383e+38 
6.39532e+14 9.76104e+34 1.95279e+20 3.6267e+38 
6.40125e+14 9.77879e+34 1.95516e+20 3.62957e+38 
6.40718e+14 9.79656e+34 1.95753e+20 3.63245e+38 
6.41312e+14 9.81435e+34 1.9599e+20 3.63533e+38 
6.41906e+14 9.83215e+34 1.96227e+20 3.6382e+38 
6.42501e+14 9.84997e+34 1.96464e+20 3.64108e+38 
6.43096e+14 9.86781e+34 1.96701e+20 3.64397e+38 
6.43692e+14 9.88566e+34 1.96938e+20 3.64685e+38 
6.44289e+14 9.90353e+34 1.97175e+20 3.64973e+38 
6.44886e+14 9.92141e+34 1.97412e+20 3.65262e+38 
6.45483e+14 9.93932e+34 1.97649e+20 3.65551e+38 
6.46081e+14 9.95724e+34 1.97886e+20 3.6584e+38 
6.4668e+14 9.97517e+34 1.98123e+20 3.6613e+38 
6.47279e+14 9.99312e+34 1.9836e+20 3.66419e+38 
6.47879e+14 1.00111e+35 1.98596e+20 3.66709e+38 
6.4848e+14 1.00291e+35 1.98833e+20 3.66999e+38 
6.4908e+14 1.00471e+35 1.9907e+20 3.67289e+38 
6.49682e+14 1.00651e+35 1.99307e+20 3.67579e+38 
6.50284e+14 1.00831e+35 1.99543e+20 3.6787e+38 
6.50887e+14 1.01012e+35 1.9978e+20 3.6816e+38 
6.5149e+14 1.01193e+35 2.00016e+20 3.68451e+38 
6.52093e+14 1.01373e+35 2.00253e+20 3.68742e+38 
6.52698e+14 1.01554e+35 2.0049e+20 3.69034e+38 
6.53302e+14 1.01736e+35 2.00726e+20 3.69325e+38 
6.53908e+14 1.01917e+35 2.00963e+20 3.69617e+38 
6.54514e+14 1.02099e+35 2.01199e+20 3.69909e+38 
6.5512e+14 1.0228e+35 2.01435e+20 3.70201e+38 
6.55727e+14 1.02462e+35 2.01672e+20 3.70493e+38 
6.56335e+14 1.02644e+35 2.01908e+20 3.70785e+38 
6.56943e+14 1.02826e+35 2.02145e+20 3.71078e+38 
6.57552e+14 1.03009e+35 2.02381e+20 3.71371e+38 
6.58161e+14 1.03191e+35 2.02617e+20 3.71664e+38 
6.58771e+14 1.03374e+35 2.02853e+20 3.71957e+38 
6.59382e+14 1.03557e+35 2.0309e+20 3.7225e+38 
6.59993e+14 1.0374e+35 2.03326e+20 3.72544e+38 
6.60604e+14 1.03923e+35 2.03562e+20 3.72838e+38 
6.61216e+14 1.04107e+35 2.03798e+20 3.73132e+38 
6.61829e+14 1.0429e+35 2.04034e+20 3.73426e+38 
6.62442e+14 1.04474e+35 2.0427e+20 3.7372e+38 
6.63056e+14 1.04658e+35 2.04506e+20 3.74015e+38 
6.6367e+14 1.04842e+35 2.04742e+20 3.7431e+38 
6.64285e+14 1.05026e+35 2.04978e+20 3.74605e+38 
6.64901e+14 1.0521e+35 2.05214e+20 3.749e+38 
6.65517e+14 1.05395e+35 2.0545e+20 3.75195e+38 
6.66134e+14 1.0558e+35 2.05686e+20 3.75491e+38 
6.66751e+14 1.05765e+35 2.05922e+20 3.75786e+38 
6.67369e+14 1.0595e+35 2.06158e+20 3.76082e+38 
6.67987e+14 1.06135e+35 2.06394e+20 3.76378e+38 
6.68606e+14 1.0632e+35 2.06629e+20 3.76675e+38 
6.69226e+14 1.06506e+35 2.06865e+20 3.76971e+38 
6.69846e+14 1.06692e+35 2.07101e+20 3.77268e+38 
6.70467e+14 1.06878e+35 2.07336e+20 3.77565e+38 
6.71088e+14 1.07064e+35 2.07572e+20 3.77862e+38 
6.7171e+14 1.0725e+35 2.07808e+20 3.78159e+38 
6.72332e+14 1.07437e+35 2.08043e+20 3.78457e+38 
6.72955e+14 1.07623e+35 2.08279e+20 3.78755e+38 
6.73579e+14 1.0781e+35 2.08515e+20 3.79053e+38 
6.74203e+14 1.07997e+35 2.0875e+20 3.79351e+38 
6.74828e+14 1.08184e+35 2.08986e+20 3.79649e+38 
6.75453e+14 1.08372e+35 2.09221e+20 3.79948e+38 
6.76079e+14 1.08559e+35 2.09456e+20 3.80246e+38 
6.76705e+14 1.08747e+35 2.09692e+20 3.80545e+38 
6.77333e+14 1.08935e+35 2.09927e+20 3.80844e+38 
6.7796e+14 1.09123e+35 2.10163e+20 3.81144e+38 
6.78588e+14 1.09311e+35 2.10398e+20 3.81443e+38 
6.79217e+14 1.09499e+35 2.10633e+20 3.81743e+38 
6.79847e+14 1.09688e+35 2.10868e+20 3.82043e+38 
6.80477e+14 1.09877e+35 2.11104e+20 3.82343e+38 
6.81107e+14 1.10066e+35 2.11339e+20 3.82643e+38 
6.81738e+14 1.10255e+35 2.11574e+20 3.82944e+38 
6.8237e+14 1.10444e+35 2.11809e+20 3.83244e+38 
6.83002e+14 1.10633e+35 2.12044e+20 3.83545e+38 
6.83635e+14 1.10823e+35 2.12279e+20 3.83846e+38 
6.84269e+14 1.11013e+35 2.12514e+20 3.84147e+38 
6.84903e+14 1.11203e+35 2.1275e+20 3.84449e+38 
6.85537e+14 1.11393e+35 2.12985e+20 3.84751e+38 
6.86173e+14 1.11583e+35 2.13219e+20 3.85053e+38 
6.86809e+14 1.11774e+35 2.13454e+20 3.85355e+38 
6.87445e+14 1.11964e+35 2.13689e+20 3.85657e+38 
6.88082e+14 1.12155e+35 2.13924e+20 3.85959e+38 
6.8872e+14 1.12346e+35 2.14159e+20 3.86262e+38 
6.89358e+14 1.12537e+35 2.14394e+20 3.86565e+38 
6.89997e+14 1.12729e+35 2.14629e+20 3.86868e+38 
6.90636e+14 1.1292e+35 2.14864e+20 3.87171e+38 
6.91276e+14 1.13112e+35 2.15098e+20 3.87475e+38 
6.91916e+14 1.13304e+35 2.15333e+20 3.87779e+38 
6.92558e+14 1.13496e+35 2.15568e+20 3.88083e+38 
6.93199e+14 1.13688e+35 2.15802e+20 3.88387e+38 
6.93842e+14 1.13881e+35 2.16037e+20 3.88691e+38 
6.94485e+14 1.14073e+35 2.16272e+20 3.88996e+38 
6.95128e+14 1.14266e+35 2.16506e+20 3.893e+38 
6.95772e+14 1.14459e+35 2.16741e+20 3.89605e+38 
6.96417e+14 1.14652e+35 2.16975e+20 3.8991e+38 
6.97062e+14 1.14845e+35 2.1721e+20 3.90216e+38 
6.97708e+14 1.15039e+35 2.17444e+20 3.90521e+38 
6.98355e+14 1.15233e+35 2.17679e+20 3.90827e+38 
6.99002e+14 1.15427e+35 2.17913e+20 3.91133e+38 
6.9965e+14 1.15621e+35 2.18148e+20 3.91439e+38 
7.00298e+14 1.15815e+35 2.18382e+20 3.91745e+38 
7.00947e+14 1.16009e+35 2.18616e+20 3.92052e+38 
7.01596e+14 1.16204e+35 2.18851e+20 3.92359e+38 
7.02247e+14 1.16399e+35 2.19085e+20 3.92666e+38 
7.02897e+14 1.16594e+35 2.19319e+20 3.92973e+38 
7.03549e+14 1.16789e+35 2.19553e+20 3.9328e+38 
7.04201e+14 1.16984e+35 2.19788e+20 3.93588e+38 
7.04853e+14 1.17179e+35 2.20022e+20 3.93896e+38 
7.05506e+14 1.17375e+35 2.20256e+20 3.94203e+38 
7.0616e+14 1.17571e+35 2.2049e+20 3.94512e+38 
7.06814e+14 1.17767e+35 2.20724e+20 3.9482e+38 
7.07469e+14 1.17963e+35 2.20958e+20 3.95129e+38 
7.08125e+14 1.1816e+35 2.21192e+20 3.95437e+38 
7.08781e+14 1.18356e+35 2.21426e+20 3.95746e+38 
7.09438e+14 1.18553e+35 2.2166e+20 3.96056e+38 
7.10095e+14 1.1875e+35 2.21894e+20 3.96365e+38 
7.10753e+14 1.18947e+35 2.22128e+20 3.96675e+38 
7.11412e+14 1.19144e+35 2.22362e+20 3.96985e+38 
7.12071e+14 1.19342e+35 2.22596e+20 3.97295e+38 
7.12731e+14 1.1954e+35 2.2283e+20 3.97605e+38 
7.13391e+14 1.19737e+35 2.23064e+20 3.97915e+38 
7.14052e+14 1.19935e+35 2.23297e+20 3.98226e+38 
7.14714e+14 1.20134e+35 2.23531e+20 3.98537e+38 
7.15376e+14 1.20332e+35 2.23765e+20 3.98848e+38 
7.16039e+14 1.20531e+35 2.23999e+20 3.99159e+38 
7.16703e+14 1.20729e+35 2.24232e+20 3.99471e+38 
7.17367e+14 1.20928e+35 2.24466e+20 3.99782e+38 
7.18032e+14 1.21128e+35 2.247e+20 4.00094e+38 
7.18697e+14 1.21327e+35 2.24933e+20 4.00406e+38 
7.19363e+14 1.21526e+35 2.25167e+20 4.00719e+38 
7.2003e+14 1.21726e+35 2.254e+20 4.01031e+38 
7.20697e+14 1.21926e+35 2.25634e+20 4.01344e+38 
7.21365e+14 1.22126e+35 2.25868e+20 4.01657e+38 
7.22033e+14 1.22326e+35 2.26101e+20 4.0197e+38 
7.22702e+14 1.22527e+35 2.26334e+20 4.02283e+38 
7.23372e+14 1.22727e+35 2.26568e+20 4.02597e+38 
7.24042e+14 1.22928e+35 2.26801e+20 4.02911e+38 
7.24713e+14 1.23129e+35 2.27035e+20 4.03225e+38 
7.25385e+14 1.2333e+35 2.27268e+20 4.03539e+38 
7.26057e+14 1.23532e+35 2.27501e+20 4.03853e+38 
7.2673e+14 1.23733e+35 2.27735e+20 4.04168e+38 
7.27403e+14 1.23935e+35 2.27968e+20 4.04483e+38 
7.28077e+14 1.24137e+35 2.28201e+20 4.04798e+38 
7.28752e+14 1.24339e+35 2.28434e+20 4.05113e+38 
7.29427e+14 1.24541e+35 2.28668e+20 4.05429e+38 
7.30103e+14 1.24744e+35 2.28901e+20 4.05744e+38 
7.30779e+14 1.24947e+35 2.29134e+20 4.0606e+38 
7.31457e+14 1.25149e+35 2.29367e+20 4.06376e+38 
7.32134e+14 1.25353e+35 2.296e+20 4.06693e+38 
7.32813e+14 1.25556e+35 2.29833e+20 4.07009e+38 
7.33492e+14 1.25759e+35 2.30066e+20 4.07326e+38 
7.34172e+14 1.25963e+35 2.30299e+20 4.07643e+38 
7.34852e+14 1.26167e+35 2.30532e+20 4.0796e+38 
7.35533e+14 1.26371e+35 2.30765e+20 4.08277e+38 
7.36214e+14 1.26575e+35 2.30998e+20 4.08595e+38 
7.36897e+14 1.26779e+35 2.31231e+20 4.08913e+38 
7.37579e+14 1.26984e+35 2.31464e+20 4.09231e+38 
7.38263e+14 1.27189e+35 2.31697e+20 4.09549e+38 
7.38947e+14 1.27393e+35 2.3193e+20 4.09867e+38 
7.39632e+14 1.27599e+35 2.32162e+20 4.10186e+38 
7.40317e+14 1.27804e+35 2.32395e+20 4.10505e+38 
7.41003e+14 1.28009e+35 2.32628e+20 4.10824e+38 
7.4169e+14 1.28215e+35 2.32861e+20 4.11143e+38 
7.42377e+14 1.28421e+35 2.33093e+20 4.11462e+38 
7.43065e+14 1.28627e+35 2.33326e+20 4.11782e+38 
7.43753e+14 1.28833e+35 2.33559e+20 4.12102e+38 
7.44443e+14 1.2904e+35 2.33791e+20 4.12422e+38 
7.45133e+14 1.29247e+35 2.34024e+20 4.12743e+38 
7.45823e+14 1.29453e+35 2.34256e+20 4.13063e+38 
7.46514e+14 1.2966e+35 2.34489e+20 4.13384e+38 
7.47206e+14 1.29868e+35 2.34722e+20 4.13705e+38 
7.47898e+14 1.30075e+35 2.34954e+20 4.14026e+38 
7.48591e+14 1.30283e+35 2.35187e+20 4.14347e+38 
7.49285e+14 1.30491e+35 2.35419e+20 4.14669e+38 
7.49979e+14 1.30699e+35 2.35651e+20 4.14991e+38 
7.50674e+14 1.30907e+35 2.35884e+20 4.15313e+38 
7.5137e+14 1.31115e+35 2.36116e+20 4.15635e+38 
7.52066e+14 1.31324e+35 2.36349e+20 4.15958e+38 
7.52763e+14 1.31533e+35 2.36581e+20 4.1628e+38 
7.5346e+14 1.31742e+35 2.36813e+20 4.16603e+38 
7.54159e+14 1.31951e+35 2.37045e+20 4.16926e+38 
7.54858e+14 1.3216e+35 2.37278e+20 4.1725e+38 
7.55557e+14 1.3237e+35 2.3751e+20 4.17573e+38 
7.56257e+14 1.32579e+35 2.37742e+20 4.17897e+38 
7.56958e+14 1.32789e+35 2.37974e+20 4.18221e+38 
7.57659e+14 1.32999e+35 2.38206e+20 4.18545e+38 
7.58361e+14 1.3321e+35 2.38439e+20 4.1887e+38 
7.59064e+14 1.3342e+35 2.38671e+20 4.19194e+38 
7.59768e+14 1.33631e+35 2.38903e+20 4.19519e+38 
7.60472e+14 1.33842e+35 2.39135e+20 4.19844e+38 
7.61176e+14 1.34053e+35 2.39367e+20 4.2017e+38 
7.61882e+14 1.34264e+35 2.39599e+20 4.20495e+38 
7.62588e+14 1.34476e+35 2.39831e+20 4.20821e+38 
7.63294e+14 1.34688e+35 2.40063e+20 4.21147e+38 
7.64001e+14 1.34899e+35 2.40295e+20 4.21473e+38 
7.64709e+14 1.35112e+35 2.40527e+20 4.21799e+38 
7.65418e+14 1.35324e+35 2.40758e+20 4.22126e+38 
7.66127e+14 1.35536e+35 2.4099e+20 4.22453e+38 
7.66837e+14 1.35749e+35 2.41222e+20 4.2278e+38 
7.67548e+14 1.35962e+35 2.41454e+20 4.23107e+38 
7.68259e+14 1.36175e+35 2.41686e+20 4.23435e+38 
7.68971e+14 1.36388e+35 2.41918e+20 4.23762e+38 
7.69684e+14 1.36602e+35 2.42149e+20 4.2409e+38 
7.70397e+14 1.36815e+35 2.42381e+20 4.24418e+38 
7.71111e+14 1.37029e+35 2.42613e+20 4.24747e+38 
7.71825e+14 1.37243e+35 2.42844e+20 4.25075e+38 
7.7254e+14 1.37458e+35 2.43076e+20 4.25404e+38 
7.73256e+14 1.37672e+35 2.43308e+20 4.25733e+38 
7.73973e+14 1.37887e+35 2.43539e+20 4.26062e+38 
7.7469e+14 1.38102e+35 2.43771e+20 4.26392e+38 
7.75408e+14 1.38317e+35 2.44002e+20 4.26721e+38 
7.76126e+14 1.38532e+35 2.44234e+20 4.27051e+38 
7.76846e+14 1.38747e+35 2.44465e+20 4.27381e+38 
7.77565e+14 1.38963e+35 2.44697e+20 4.27712e+38 
7.78286e+14 1.39179e+35 2.44928e+20 4.28042e+38 
7.79007e+14 1.39395e+35 2.4516e+20 4.28373e+38 
7.79729e+14 1.39611e+35 2.45391e+20 4.28704e+38 
7.80451e+14 1.39828e+35 2.45622e+20 4.29035e+38 
7.81175e+14 1.40044e+35 2.45854e+20 4.29367e+38 
7.81899e+14 1.40261e+35 2.46085e+20 4.29698e+38 
7.82623e+14 1.40478e+35 2.46316e+20 4.3003e+38 
7.83348e+14 1.40695e+35 2.46548e+20 4.30362e+38 
7.84074e+14 1.40913e+35 2.46779e+20 4.30695e+38 
7.84801e+14 1.41131e+35 2.4701e+20 4.31027e+38 
7.85528e+14 1.41348e+35 2.47241e+20 4.3136e+38 
7.86256e+14 1.41567e+35 2.47472e+20 4.31693e+38 
7.86984e+14 1.41785e+35 2.47704e+20 4.32026e+38 
7.87714e+14 1.42003e+35 2.47935e+20 4.3236e+38 
7.88444e+14 1.42222e+35 2.48166e+20 4.32693e+38 
7.89174e+14 1.42441e+35 2.48397e+20 4.33027e+38 
7.89906e+14 1.4266e+35 2.48628e+20 4.33361e+38 
7.90637e+14 1.42879e+35 2.48859e+20 4.33696e+38 
7.9137e+14 1.43099e+35 2.4909e+20 4.3403e+38 
7.92103e+14 1.43318e+35 2.49321e+20 4.34365e+38 
7.92837e+14 1.43538e+35 2.49552e+20 4.347e+38 
7.93572e+14 1.43758e+35 2.49783e+20 4.35035e+38 
7.94307e+14 1.43979e+35 2.50014e+20 4.35371e+38 
7.95043e+14 1.44199e+35 2.50245e+20 4.35706e+38 
7.9578e+14 1.4442e+35 2.50476e+20 4.36042e+38 
7.96518e+14 1.44641e+35 2.50706e+20 4.36378e+38 
7.97256e+14 1.44862e+35 2.50937e+20 4.36715e+38 
7.97994e+14 1.45083e+35 2.51168e+20 4.37051e+38 
7.98734e+14 1.45305e+35 2.51399e+20 4.37388e+38 
7.99474e+14 1.45526e+35 2.5163e+20 4.37725e+38 
8.00215e+14 1.45748e+35 2.5186e+20 4.38062e+38 
8.00956e+14 1.45971e+35 2.52091e+20 4.384e+38 
8.01699e+14 1.46193e+35 2.52322e+20 4.38738e+38 
8.02441e+14 1.46415e+35 2.52552e+20 4.39075e+38 
8.03185e+14 1.46638e+35 2.52783e+20 4.39414e+38 
8.03929e+14 1.46861e+35 2.53014e+20 4.39752e+38 
8.04674e+14 1.47084e+35 2.53244e+20 4.40091e+38 
8.0542e+14 1.47308e+35 2.53475e+20 4.40429e+38 
8.06166e+14 1.47531e+35 2.53705e+20 4.40769e+38 
8.06913e+14 1.47755e+35 2.53936e+20 4.41108e+38 
8.07661e+14 1.47979e+35 2.54166e+20 4.41447e+38 
8.08409e+14 1.48203e+35 2.54397e+20 4.41787e+38 
8.09158e+14 1.48428e+35 2.54627e+20 4.42127e+38 
8.09908e+14 1.48652e+35 2.54858e+20 4.42467e+38 
8.10659e+14 1.48877e+35 2.55088e+20 4.42808e+38 
8.1141e+14 1.49102e+35 2.55319e+20 4.43148e+38 
8.12162e+14 1.49328e+35 2.55549e+20 4.43489e+38 
8.12914e+14 1.49553e+35 2.55779e+20 4.4383e+38 
8.13668e+14 1.49779e+35 2.5601e+20 4.44172e+38 
8.14422e+14 1.50005e+35 2.5624e+20 4.44513e+38 
8.15176e+14 1.50231e+35 2.5647e+20 4.44855e+38 
8.15932e+14 1.50457e+35 2.567e+20 4.45197e+38 
8.16688e+14 1.50683e+35 2.56931e+20 4.45539e+38 
8.17445e+14 1.5091e+35 2.57161e+20 4.45882e+38 
8.18202e+14 1.51137e+35 2.57391e+20 4.46225e+38 
8.1896e+14 1.51364e+35 2.57621e+20 4.46568e+38 
8.19719e+14 1.51592e+35 2.57851e+20 4.46911e+38 
8.20479e+14 1.51819e+35 2.58081e+20 4.47254e+38 
8.21239e+14 1.52047e+35 2.58312e+20 4.47598e+38 
8.22e+14 1.52275e+35 2.58542e+20 4.47942e+38 
8.22762e+14 1.52503e+35 2.58772e+20 4.48286e+38 
8.23524e+14 1.52732e+35 2.59002e+20 4.4863e+38 
8.24287e+14 1.5296e+35 2.59232e+20 4.48975e+38 
8.25051e+14 1.53189e+35 2.59462e+20 4.49319e+38 
8.25816e+14 1.53418e+35 2.59692e+20 4.49664e+38 
8.26581e+14 1.53647e+35 2.59922e+20 4.5001e+38 
8.27347e+14 1.53877e+35 2.60152e+20 4.50355e+38 
8.28113e+14 1.54106e+35 2.60381e+20 4.50701e+38 
8.28881e+14 1.54336e+35 2.60611e+20 4.51047e+38 
8.29649e+14 1.54566e+35 2.60841e+20 4.51393e+38 
8.30418e+14 1.54797e+35 2.61071e+20 4.5174e+38 
8.31187e+14 1.55027e+35 2.61301e+20 4.52086e+38 
8.31957e+14 1.55258e+35 2.61531e+20 4.52433e+38 
8.32728e+14 1.55489e+35 2.6176e+20 4.5278e+38 
8.335e+14 1.5572e+35 2.6199e+20 4.53127e+38 
8.34272e+14 1.55951e+35 2.6222e+20 4.53475e+38 
8.35045e+14 1.56183e+35 2.62449e+20 4.53823e+38 
8.35819e+14 1.56415e+35 2.62679e+20 4.54171e+38 
8.36594e+14 1.56647e+35 2.62909e+20 4.54519e+38 
8.37369e+14 1.56879e+35 2.63138e+20 4.54868e+38 
8.38145e+14 1.57112e+35 2.63368e+20 4.55216e+38 
8.38921e+14 1.57344e+35 2.63598e+20 4.55565e+38 
8.39699e+14 1.57577e+35 2.63827e+20 4.55915e+38 
8.40477e+14 1.5781e+35 2.64057e+20 4.56264e+38 
8.41256e+14 1.58044e+35 2.64286e+20 4.56614e+38 
8.42035e+14 1.58277e+35 2.64516e+20 4.56964e+38 
8.42815e+14 1.58511e+35 2.64745e+20 4.57314e+38 
8.43596e+14 1.58745e+35 2.64975e+20 4.57664e+38 
8.44378e+14 1.58979e+35 2.65204e+20 4.58015e+38 
8.45161e+14 1.59213e+35 2.65433e+20 4.58366e+38 
8.45944e+14 1.59448e+35 2.65663e+20 4.58717e+38 
8.46728e+14 1.59683e+35 2.65892e+20 4.59068e+38 
8.47512e+14 1.59918e+35 2.66122e+20 4.5942e+38 
8.48298e+14 1.60153e+35 2.66351e+20 4.59772e+38 
8.49084e+14 1.60389e+35 2.6658e+20 4.60124e+38 
8.4987e+14 1.60624e+35 2.66809e+20 4.60476e+38 
8.50658e+14 1.6086e+35 2.67039e+20 4.60828e+38 
8.51446e+14 1.61097e+35 2.67268e+20 4.61181e+38 
8.52235e+14 1.61333e+35 2.67497e+20 4.61534e+38 
8.53025e+14 1.6157e+35 2.67726e+20 4.61887e+38 
8.53815e+14 1.61806e+35 2.67955e+20 4.62241e+38 
8.54607e+14 1.62043e+35 2.68185e+20 4.62594e+38 
8.55398e+14 1.62281e+35 2.68414e+20 4.62948e+38 
8.56191e+14 1.62518e+35 2.68643e+20 4.63303e+38 
8.56985e+14 1.62756e+35 2.68872e+20 4.63657e+38 
8.57779e+14 1.62994e+35 2.69101e+20 4.64012e+38 
8.58573e+14 1.63232e+35 2.6933e+20 4.64367e+38 
8.59369e+14 1.6347e+35 2.69559e+20 4.64722e+38 
8.60165e+14 1.63709e+35 2.69788e+20 4.65077e+38 
8.60962e+14 1.63947e+35 2.70017e+20 4.65433e+38 
8.6176e+14 1.64186e+35 2.70246e+20 4.65788e+38 
8.62559e+14 1.64426e+35 2.70475e+20 4.66145e+38 
8.63358e+14 1.64665e+35 2.70704e+20 4.66501e+38 
8.64158e+14 1.64905e+35 2.70933e+20 4.66857e+38 
8.64959e+14 1.65145e+35 2.71162e+20 4.67214e+38 
8.6576e+14 1.65385e+35 2.7139e+20 4.67571e+38 
8.66563e+14 1.65625e+35 2.71619e+20 4.67929e+38 
8.67366e+14 1.65866e+35 2.71848e+20 4.68286e+38 
8.68169e+14 1.66107e+35 2.72077e+20 4.68644e+38 
8.68974e+14 1.66348e+35 2.72306e+20 4.69002e+38 
8.69779e+14 1.66589e+35 2.72534e+20 4.6936e+38 
8.70585e+14 1.6683e+35 2.72763e+20 4.69719e+38 
8.71392e+14 1.67072e+35 2.72992e+20 4.70077e+38 
8.72199e+14 1.67314e+35 2.73221e+20 4.70436e+38 
8.73007e+14 1.67556e+35 2.73449e+20 4.70795e+38 
8.73816e+14 1.67798e+35 2.73678e+20 4.71155e+38 
8.74626e+14 1.68041e+35 2.73906e+20 4.71515e+38 
8.75437e+14 1.68284e+35 2.74135e+20 4.71874e+38 
8.76248e+14 1.68527e+35 2.74364e+20 4.72235e+38 
8.7706e+14 1.6877e+35 2.74592e+20 4.72595e+38 
8.77872e+14 1.69013e+35 2.74821e+20 4.72956e+38 
8.78686e+14 1.69257e+35 2.75049e+20 4.73317e+38 
8.795e+14 1.69501e+35 2.75278e+20 4.73678e+38 
8.80315e+14 1.69745e+35 2.75506e+20 4.74039e+38 
8.81131e+14 1.6999e+35 2.75735e+20 4.74401e+38 
8.81947e+14 1.70234e+35 2.75963e+20 4.74763e+38 
8.82765e+14 1.70479e+35 2.76191e+20 4.75125e+38 
8.83583e+14 1.70724e+35 2.7642e+20 4.75487e+38 
8.84401e+14 1.70969e+35 2.76648e+20 4.7585e+38 
8.85221e+14 1.71215e+35 2.76877e+20 4.76212e+38 
8.86041e+14 1.71461e+35 2.77105e+20 4.76576e+38 
8.86862e+14 1.71707e+35 2.77333e+20 4.76939e+38 
8.87684e+14 1.71953e+35 2.77562e+20 4.77302e+38 
8.88507e+14 1.72199e+35 2.7779e+20 4.77666e+38 
8.8933e+14 1.72446e+35 2.78018e+20 4.7803e+38 
8.90154e+14 1.72693e+35 2.78246e+20 4.78395e+38 
8.90979e+14 1.7294e+35 2.78474e+20 4.78759e+38 
8.91804e+14 1.73187e+35 2.78703e+20 4.79124e+38 
8.92631e+14 1.73435e+35 2.78931e+20 4.79489e+38 
8.93458e+14 1.73683e+35 2.79159e+20 4.79854e+38 
8.94286e+14 1.73931e+35 2.79387e+20 4.8022e+38 
8.95115e+14 1.74179e+35 2.79615e+20 4.80586e+38 
8.95944e+14 1.74427e+35 2.79843e+20 4.80952e+38 
8.96774e+14 1.74676e+35 2.80071e+20 4.81318e+38 
8.97605e+14 1.74925e+35 2.80299e+20 4.81684e+38 
8.98437e+14 1.75174e+35 2.80527e+20 4.82051e+38 
8.9927e+14 1.75424e+35 2.80755e+20 4.82418e+38 
9.00103e+14 1.75673e+35 2.80983e+20 4.82785e+38 
9.00937e+14 1.75923e+35 2.81211e+20 4.83153e+38 
9.01772e+14 1.76173e+35 2.81439e+20 4.83521e+38 
9.02607e+14 1.76424e+35 2.81667e+20 4.83889e+38 
9.03444e+14 1.76674e+35 2.81895e+20 4.84257e+38 
9.04281e+14 1.76925e+35 2.82123e+20 4.84625e+38 
9.05119e+14 1.77176e+35 2.82351e+20 4.84994e+38 
9.05958e+14 1.77427e+35 2.82579e+20 4.85363e+38 
9.06797e+14 1.77679e+35 2.82807e+20 4.85732e+38 
9.07637e+14 1.77931e+35 2.83034e+20 4.86102e+38 
9.08478e+14 1.78183e+35 2.83262e+20 4.86472e+38 
9.0932e+14 1.78435e+35 2.8349e+20 4.86842e+38 
9.10163e+14 1.78687e+35 2.83718e+20 4.87212e+38 
9.11006e+14 1.7894e+35 2.83945e+20 4.87582e+38 
9.1185e+14 1.79193e+35 2.84173e+20 4.87953e+38 
9.12695e+14 1.79446e+35 2.84401e+20 4.88324e+38 
9.13541e+14 1.79699e+35 2.84628e+20 4.88695e+38 
9.14388e+14 1.79953e+35 2.84856e+20 4.89067e+38 
9.15235e+14 1.80207e+35 2.85084e+20 4.89439e+38 
9.16083e+14 1.80461e+35 2.85311e+20 4.89811e+38 
9.16932e+14 1.80715e+35 2.85539e+20 4.90183e+38 
9.17782e+14 1.8097e+35 2.85766e+20 4.90555e+38 
9.18632e+14 1.81224e+35 2.85994e+20 4.90928e+38 
9.19483e+14 1.81479e+35 2.86221e+20 4.91301e+38 
9.20335e+14 1.81735e+35 2.86449e+20 4.91674e+38 
9.21188e+14 1.8199e+35 2.86676e+20 4.92048e+38 
9.22042e+14 1.82246e+35 2.86904e+20 4.92421e+38 
9.22896e+14 1.82502e+35 2.87131e+20 4.92795e+38 
9.23751e+14 1.82758e+35 2.87359e+20 4.9317e+38 
9.24607e+14 1.83015e+35 2.87586e+20 4.93544e+38 
9.25464e+14 1.83271e+35 2.87814e+20 4.93919e+38 
9.26322e+14 1.83528e+35 2.88041e+20 4.94294e+38 
9.2718e+14 1.83785e+35 2.88268e+20 4.94669e+38 
9.28039e+14 1.84043e+35 2.88496e+20 4.95045e+38 
9.28899e+14 1.843e+35 2.88723e+20 4.9542e+38 
9.2976e+14 1.84558e+35 2.8895e+20 4.95796e+38 
9.30621e+14 1.84816e+35 2.89178e+20 4.96173e+38 
9.31484e+14 1.85075e+35 2.89405e+20 4.96549e+38 
9.32347e+14 1.85333e+35 2.89632e+20 4.96926e+38 
9.33211e+14 1.85592e+35 2.89859e+20 4.97303e+38 
9.34076e+14 1.85851e+35 2.90086e+20 4.9768e+38 
9.34941e+14 1.8611e+35 2.90314e+20 4.98058e+38 
9.35808e+14 1.8637e+35 2.90541e+20 4.98436e+38 
9.36675e+14 1.8663e+35 2.90768e+20 4.98814e+38 
9.37543e+14 1.8689e+35 2.90995e+20 4.99192e+38 
9.38411e+14 1.8715e+35 2.91222e+20 4.99571e+38 
9.39281e+14 1.87411e+35 2.91449e+20 4.99949e+38 
9.40151e+14 1.87671e+35 2.91676e+20 5.00328e+38 
9.41023e+14 1.87932e+35 2.91903e+20 5.00708e+38 
9.41895e+14 1.88194e+35 2.9213e+20 5.01087e+38 
9.42767e+14 1.88455e+35 2.92357e+20 5.01467e+38 
9.43641e+14 1.88717e+35 2.92584e+20 5.01847e+38 
9.44515e+14 1.88979e+35 2.92811e+20 5.02228e+38 
9.45391e+14 1.89241e+35 2.93038e+20 5.02608e+38 
9.46267e+14 1.89503e+35 2.93265e+20 5.02989e+38 
9.47143e+14 1.89766e+35 2.93492e+20 5.0337e+38 
9.48021e+14 1.90029e+35 2.93719e+20 5.03751e+38 
9.489e+14 1.90292e+35 2.93946e+20 5.04133e+38 
9.49779e+14 1.90556e+35 2.94173e+20 5.04515e+38 
9.50659e+14 1.90819e+35 2.94399e+20 5.04897e+38 
9.5154e+14 1.91083e+35 2.94626e+20 5.05279e+38 
9.52422e+14 1.91347e+35 2.94853e+20 5.05662e+38 
9.53304e+14 1.91612e+35 2.9508e+20 5.06045e+38 
9.54188e+14 1.91876e+35 2.95307e+20 5.06428e+38 
9.55072e+14 1.92141e+35 2.95533e+20 5.06812e+38 
9.55957e+14 1.92406e+35 2.9576e+20 5.07195e+38 
9.56843e+14 1.92672e+35 2.95987e+20 5.07579e+38 
9.57729e+14 1.92937e+35 2.96213e+20 5.07963e+38 
9.58617e+14 1.93203e+35 2.9644e+20 5.08348e+38 
9.59505e+14 1.93469e+35 2.96667e+20 5.08733e+38 
9.60394e+14 1.93736e+35 2.96893e+20 5.09118e+38 
9.61284e+14 1.94002e+35 2.9712e+20 5.09503e+38 
9.62175e+14 1.94269e+35 2.97347e+20 5.09888e+38 
9.63066e+14 1.94536e+35 2.97573e+20 5.10274e+38 
9.63959e+14 1.94804e+35 2.978e+20 5.1066e+38 
9.64852e+14 1.95071e+35 2.98026e+20 5.11046e+38 
9.65746e+14 1.95339e+35 2.98253e+20 5.11433e+38 
9.66641e+14 1.95607e+35 2.98479e+20 5.1182e+38 
9.67537e+14 1.95876e+35 2.98706e+20 5.12207e+38 
9.68433e+14 1.96144e+35 2.98932e+20 5.12594e+38 
9.69331e+14 1.96413e+35 2.99159e+20 5.12982e+38 
9.70229e+14 1.96682e+35 2.99385e+20 5.1337e+38 
9.71128e+14 1.96951e+35 2.99611e+20 5.13758e+38 
9.72028e+14 1.97221e+35 2.99838e+20 5.14146e+38 
9.72929e+14 1.97491e+35 3.00064e+20 5.14535e+38 
9.7383e+14 1.97761e+35 3.00291e+20 5.14924e+38 
9.74733e+14 1.98031e+35 3.00517e+20 5.15313e+38 
9.75636e+14 1.98302e+35 3.00743e+20 5.15702e+38 
9.7654e+14 1.98573e+35 3.00969e+20 5.16092e+38 
9.77445e+14 1.98844e+35 3.01196e+20 5.16482e+38 
9.7835e+14 1.99115e+35 3.01422e+20 5.16872e+38 
9.79257e+14 1.99387e+35 3.01648e+20 5.17263e+38 
9.80164e+14 1.99659e+35 3.01874e+20 5.17653e+38 
9.81073e+14 1.99931e+35 3.02101e+20 5.18044e+38 
9.81982e+14 2.00203e+35 3.02327e+20 5.18436e+38 
9.82892e+14 2.00476e+35 3.02553e+20 5.18827e+38 
9.83803e+14 2.00749e+35 3.02779e+20 5.19219e+38 
9.84714e+14 2.01022e+35 3.03005e+20 5.19611e+38 
9.85627e+14 2.01295e+35 3.03231e+20 5.20003e+38 
9.8654e+14 2.01569e+35 3.03457e+20 5.20396e+38 
9.87454e+14 2.01843e+35 3.03684e+20 5.20789e+38 
9.88369e+14 2.02117e+35 3.0391e+20 5.21182e+38 
9.89285e+14 2.02391e+35 3.04136e+20 5.21575e+38 
9.90202e+14 2.02666e+35 3.04362e+20 5.21969e+38 
9.91119e+14 2.02941e+35 3.04588e+20 5.22363e+38 
9.92038e+14 2.03216e+35 3.04814e+20 5.22757e+38 
9.92957e+14 2.03491e+35 3.0504e+20 5.23151e+38 
9.93877e+14 2.03767e+35 3.05266e+20 5.23546e+38 
9.94798e+14 2.04043e+35 3.05491e+20 5.23941e+38 
9.9572e+14 2.04319e+35 3.05717e+20 5.24336e+38 
9.96643e+14 2.04595e+35 3.05943e+20 5.24732e+38 
9.97566e+14 2.04872e+35 3.06169e+20 5.25128e+38 
9.9849e+14 2.05149e+35 3.06395e+20 5.25524e+38 
9.99416e+14 2.05426e+35 3.06621e+20 5.2592e+38 
1.00034e+15 2.05703e+35 3.06847e+20 5.26316e+38 
1.00127e+15 2.05981e+35 3.07072e+20 5.26713e+38 
1.0022e+15 2.06259e+35 3.07298e+20 5.2711e+38 
1.00313e+15 2.06537e+35 3.07524e+20 5.27508e+38 
1.00405e+15 2.06816e+35 3.0775e+20 5.27905e+38 
1.00499e+15 2.07095e+35 3.07976e+20 5.28303e+38 
1.00592e+15 2.07374e+35 3.08201e+20 5.28702e+38 
1.00685e+15 2.07653e+35 3.08427e+20 5.291e+38 
1.00778e+15 2.07932e+35 3.08653e+20 5.29499e+38 
1.00872e+15 2.08212e+35 3.08878e+20 5.29898e+38 
1.00965e+15 2.08492e+35 3.09104e+20 5.30297e+38 
1.01059e+15 2.08772e+35 3.0933e+20 5.30697e+38 
1.01152e+15 2.09053e+35 3.09555e+20 5.31096e+38 
1.01246e+15 2.09334e+35 3.09781e+20 5.31496e+38 
1.0134e+15 2.09615e+35 3.10006e+20 5.31897e+38 
1.01434e+15 2.09896e+35 3.10232e+20 5.32297e+38 
1.01528e+15 2.10178e+35 3.10457e+20 5.32698e+38 
1.01622e+15 2.1046e+35 3.10683e+20 5.33099e+38 
1.01716e+15 2.10742e+35 3.10908e+20 5.33501e+38 
1.0181e+15 2.11024e+35 3.11134e+20 5.33903e+38 
1.01905e+15 2.11307e+35 3.11359e+20 5.34305e+38 
1.01999e+15 2.1159e+35 3.11585e+20 5.34707e+38 
1.02093e+15 2.11873e+35 3.1181e+20 5.35109e+38 
1.02188e+15 2.12156e+35 3.12036e+20 5.35512e+38 
1.02283e+15 2.1244e+35 3.12261e+20 5.35915e+38 
1.02378e+15 2.12724e+35 3.12486e+20 5.36318e+38 
1.02472e+15 2.13008e+35 3.12712e+20 5.36722e+38 
1.02567e+15 2.13292e+35 3.12937e+20 5.37126e+38 
1.02662e+15 2.13577e+35 3.13163e+20 5.3753e+38 
1.02758e+15 2.13862e+35 3.13388e+20 5.37935e+38 
1.02853e+15 2.14147e+35 3.13613e+20 5.38339e+38 
1.02948e+15 2.14433e+35 3.13838e+20 5.38744e+38 
1.03043e+15 2.14719e+35 3.14064e+20 5.39149e+38 
1.03139e+15 2.15005e+35 3.14289e+20 5.39555e+38 
1.03234e+15 2.15291e+35 3.14514e+20 5.39961e+38 
1.0333e+15 2.15578e+35 3.14739e+20 5.40367e+38 
1.03426e+15 2.15865e+35 3.14965e+20 5.40773e+38 
1.03522e+15 2.16152e+35 3.1519e+20 5.4118e+38 
1.03618e+15 2.16439e+35 3.15415e+20 5.41587e+38 
1.03714e+15 2.16727e+35 3.1564e+20 5.41994e+38 
1.0381e+15 2.17015e+35 3.15865e+20 5.42401e+38 
1.03906e+15 2.17303e+35 3.1609e+20 5.42809e+38 
1.04002e+15 2.17591e+35 3.16315e+20 5.43217e+38 
1.04099e+15 2.1788e+35 3.1654e+20 5.43625e+38 
1.04195e+15 2.18169e+35 3.16765e+20 5.44034e+38 
1.04292e+15 2.18458e+35 3.16991e+20 5.44443e+38 
1.04388e+15 2.18748e+35 3.17216e+20 5.44852e+38 
1.04485e+15 2.19038e+35 3.17441e+20 5.45261e+38 
1.04582e+15 2.19328e+35 3.17666e+20 5.45671e+38 
1.04679e+15 2.19618e+35 3.17891e+20 5.46081e+38 
1.04776e+15 2.19909e+35 3.18115e+20 5.46491e+38 
1.04873e+15 2.20199e+35 3.1834e+20 5.46901e+38 
1.0497e+15 2.20491e+35 3.18565e+20 5.47312e+38 
1.05067e+15 2.20782e+35 3.1879e+20 5.47723e+38 
1.05165e+15 2.21074e+35 3.19015e+20 5.48134e+38 
1.05262e+15 2.21366e+35 3.1924e+20 5.48546e+38 
1.0536e+15 2.21658e+35 3.19465e+20 5.48958e+38 
1.05457e+15 2.2195e+35 3.1969e+20 5.4937e+38 
1.05555e+15 2.22243e+35 3.19915e+20 5.49782e+38 
1.05653e+15 2.22536e+35 3.20139e+20 5.50195e+38 
1.05751e+15 2.22829e+35 3.20364e+20 5.50608e+38 
1.05849e+15 2.23123e+35 3.20589e+20 5.51021e+38 
1.05947e+15 2.23417e+35 3.20814e+20 5.51435e+38 
1.06045e+15 2.23711e+35 3.21038e+20 5.51849e+38 
1.06143e+15 2.24005e+35 3.21263e+20 5.52263e+38 
1.06242e+15 2.243e+35 3.21488e+20 5.52677e+38 
1.0634e+15 2.24595e+35 3.21712e+20 5.53092e+38 
1.06439e+15 2.2489e+35 3.21937e+20 5.53507e+38 
1.06537e+15 2.25186e+35 3.22162e+20 5.53922e+38 
1.06636e+15 2.25481e+35 3.22386e+20 5.54338e+38 
1.06735e+15 2.25777e+35 3.22611e+20 5.54753e+38 
1.06834e+15 2.26074e+35 3.22836e+20 5.55169e+38 
1.06933e+15 2.2637e+35 3.2306e+20 5.55586e+38 
1.07032e+15 2.26667e+35 3.23285e+20 5.56002e+38 
1.07131e+15 2.26964e+35 3.23509e+20 5.56419e+38 
1.0723e+15 2.27262e+35 3.23734e+20 5.56836e+38 
1.0733e+15 2.27559e+35 3.23958e+20 5.57254e+38 
1.07429e+15 2.27857e+35 3.24183e+20 5.57672e+38 
1.07529e+15 2.28155e+35 3.24407e+20 5.5809e+38 
1.07628e+15 2.28454e+35 3.24632e+20 5.58508e+38 
1.07728e+15 2.28753e+35 3.24856e+20 5.58927e+38 
1.07828e+15 2.29052e+35 3.25081e+20 5.59346e+38 
1.07928e+15 2.29351e+35 3.25305e+20 5.59765e+38 
1.08028e+15 2.29651e+35 3.2553e+20 5.60184e+38 
1.08128e+15 2.29951e+35 3.25754e+20 5.60604e+38 
1.08228e+15 2.30251e+35 3.25978e+20 5.61024e+38 
1.08328e+15 2.30551e+35 3.26203e+20 5.61444e+38 
1.08429e+15 2.30852e+35 3.26427e+20 5.61865e+38 
1.08529e+15 2.31153e+35 3.26651e+20 5.62286e+38 
1.0863e+15 2.31454e+35 3.26876e+20 5.62707e+38 
1.0873e+15 2.31756e+35 3.271e+20 5.63128e+38 
1.08831e+15 2.32058e+35 3.27324e+20 5.6355e+38 
1.08932e+15 2.3236e+35 3.27549e+20 5.63972e+38 
1.09033e+15 2.32662e+35 3.27773e+20 5.64394e+38 
1.09134e+15 2.32965e+35 3.27997e+20 5.64817e+38 
1.09235e+15 2.33268e+35 3.28221e+20 5.6524e+38 
1.09336e+15 2.33571e+35 3.28446e+20 5.65663e+38 
1.09438e+15 2.33875e+35 3.2867e+20 5.66086e+38 
1.09539e+15 2.34178e+35 3.28894e+20 5.6651e+38 
1.0964e+15 2.34483e+35 3.29118e+20 5.66934e+38 
1.09742e+15 2.34787e+35 3.29342e+20 5.67359e+38 
1.09844e+15 2.35092e+35 3.29566e+20 5.67783e+38 
1.09946e+15 2.35396e+35 3.2979e+20 5.68208e+38 
1.10047e+15 2.35702e+35 3.30014e+20 5.68633e+38 
1.10149e+15 2.36007e+35 3.30239e+20 5.69059e+38 
1.10251e+15 2.36313e+35 3.30463e+20 5.69484e+38 
1.10354e+15 2.36619e+35 3.30687e+20 5.6991e+38 
1.10456e+15 2.36925e+35 3.30911e+20 5.70337e+38 
1.10558e+15 2.37232e+35 3.31135e+20 5.70763e+38 
1.10661e+15 2.37539e+35 3.31359e+20 5.7119e+38 
1.10763e+15 2.37846e+35 3.31583e+20 5.71618e+38 
1.10866e+15 2.38154e+35 3.31807e+20 5.72045e+38 
1.10969e+15 2.38461e+35 3.32031e+20 5.72473e+38 
1.11071e+15 2.38769e+35 3.32254e+20 5.72901e+38 
1.11174e+15 2.39078e+35 3.32478e+20 5.73329e+38 
1.11277e+15 2.39386e+35 3.32702e+20 5.73758e+38 
1.11381e+15 2.39695e+35 3.32926e+20 5.74187e+38 
1.11484e+15 2.40005e+35 3.3315e+20 5.74616e+38 
1.11587e+15 2.40314e+35 3.33374e+20 5.75045e+38 
1.1169e+15 2.40624e+35 3.33598e+20 5.75475e+38 
1.11794e+15 2.40934e+35 3.33821e+20 5.75905e+38 
1.11898e+15 2.41244e+35 3.34045e+20 5.76336e+38 
1.12001e+15 2.41555e+35 3.34269e+20 5.76766e+38 
1.12105e+15 2.41866e+35 3.34493e+20 5.77197e+38 
1.12209e+15 2.42177e+35 3.34717e+20 5.77629e+38 
1.12313e+15 2.42488e+35 3.3494e+20 5.7806e+38 
1.12417e+15 2.428e+35 3.35164e+20 5.78492e+38 
1.12521e+15 2.43112e+35 3.35388e+20 5.78924e+38 
1.12625e+15 2.43425e+35 3.35611e+20 5.79357e+38 
1.1273e+15 2.43737e+35 3.35835e+20 5.79789e+38 
1.12834e+15 2.4405e+35 3.36059e+20 5.80222e+38 
1.12939e+15 2.44364e+35 3.36282e+20 5.80656e+38 
1.13043e+15 2.44677e+35 3.36506e+20 5.81089e+38 
1.13148e+15 2.44991e+35 3.3673e+20 5.81523e+38 
1.13253e+15 2.45305e+35 3.36953e+20 5.81957e+38 
1.13358e+15 2.45619e+35 3.37177e+20 5.82392e+38 
1.13463e+15 2.45934e+35 3.374e+20 5.82827e+38 
1.13568e+15 2.46249e+35 3.37624e+20 5.83262e+38 
1.13673e+15 2.46564e+35 3.37848e+20 5.83697e+38 
1.13779e+15 2.4688e+35 3.38071e+20 5.84133e+38 
1.13884e+15 2.47196e+35 3.38295e+20 5.84569e+38 
1.1399e+15 2.47512e+35 3.38518e+20 5.85005e+38 
1.14095e+15 2.47828e+35 3.38742e+20 5.85442e+38 
1.14201e+15 2.48145e+35 3.38965e+20 5.85878e+38 
1.14307e+15 2.48462e+35 3.39188e+20 5.86316e+38 
1.14413e+15 2.48779e+35 3.39412e+20 5.86753e+38 
1.14519e+15 2.49097e+35 3.39635e+20 5.87191e+38 
1.14625e+15 2.49415e+35 3.39859e+20 5.87629e+38 
1.14731e+15 2.49733e+35 3.40082e+20 5.88067e+38 
1.14837e+15 2.50052e+35 3.40305e+20 5.88506e+38 
1.14944e+15 2.50371e+35 3.40529e+20 5.88945e+38 
1.1505e+15 2.5069e+35 3.40752e+20 5.89384e+38 
1.15157e+15 2.51009e+35 3.40976e+20 5.89823e+38 
1.15264e+15 2.51329e+35 3.41199e+20 5.90263e+38 
1.1537e+15 2.51649e+35 3.41422e+20 5.90703e+38 
1.15477e+15 2.51969e+35 3.41645e+20 5.91144e+38 
1.15584e+15 2.5229e+35 3.41869e+20 5.91584e+38 
1.15691e+15 2.5261e+35 3.42092e+20 5.92025e+38 
1.15799e+15 2.52932e+35 3.42315e+20 5.92467e+38 
1.15906e+15 2.53253e+35 3.42538e+20 5.92908e+38 
1.16013e+15 2.53575e+35 3.42762e+20 5.9335e+38 
1.16121e+15 2.53897e+35 3.42985e+20 5.93792e+38 
1.16228e+15 2.54219e+35 3.43208e+20 5.94235e+38 
1.16336e+15 2.54542e+35 3.43431e+20 5.94678e+38 
1.16444e+15 2.54865e+35 3.43654e+20 5.95121e+38 
1.16552e+15 2.55188e+35 3.43877e+20 5.95564e+38 
1.1666e+15 2.55512e+35 3.441e+20 5.96008e+38 
1.16768e+15 2.55835e+35 3.44324e+20 5.96452e+38 
1.16876e+15 2.5616e+35 3.44547e+20 5.96896e+38 
1.16985e+15 2.56484e+35 3.4477e+20 5.97341e+38 
1.17093e+15 2.56809e+35 3.44993e+20 5.97786e+38 
1.17201e+15 2.57134e+35 3.45216e+20 5.98231e+38 
1.1731e+15 2.57459e+35 3.45439e+20 5.98677e+38 
1.17419e+15 2.57785e+35 3.45662e+20 5.99122e+38 
1.17528e+15 2.58111e+35 3.45885e+20 5.99569e+38 
1.17636e+15 2.58437e+35 3.46108e+20 6.00015e+38 
1.17745e+15 2.58764e+35 3.46331e+20 6.00462e+38 
1.17855e+15 2.59091e+35 3.46554e+20 6.00909e+38 
1.17964e+15 2.59418e+35 3.46777e+20 6.01356e+38 
1.18073e+15 2.59745e+35 3.47e+20 6.01804e+38 
1.18182e+15 2.60073e+35 3.47223e+20 6.02252e+38 
1.18292e+15 2.60401e+35 3.47445e+20 6.027e+38 
1.18402e+15 2.60729e+35 3.47668e+20 6.03148e+38 
1.18511e+15 2.61058e+35 3.47891e+20 6.03597e+38 
1.18621e+15 2.61387e+35 3.48114e+20 6.04047e+38 
1.18731e+15 2.61716e+35 3.48337e+20 6.04496e+38 
1.18841e+15 2.62046e+35 3.4856e+20 6.04946e+38 
1.18951e+15 2.62376e+35 3.48783e+20 6.05396e+38 
1.19061e+15 2.62706e+35 3.49005e+20 6.05846e+38 
1.19172e+15 2.63037e+35 3.49228e+20 6.06297e+38 
1.19282e+15 2.63368e+35 3.49451e+20 6.06748e+38 
1.19393e+15 2.63699e+35 3.49674e+20 6.07199e+38 
1.19503e+15 2.6403e+35 3.49896e+20 6.07651e+38 
1.19614e+15 2.64362e+35 3.50119e+20 6.08103e+38 
1.19725e+15 2.64694e+35 3.50342e+20 6.08555e+38 
1.19836e+15 2.65026e+35 3.50564e+20 6.09007e+38 
1.19947e+15 2.65359e+35 3.50787e+20 6.0946e+38 
1.20058e+15 2.65692e+35 3.5101e+20 6.09913e+38 
1.20169e+15 2.66025e+35 3.51232e+20 6.10367e+38 
1.20281e+15 2.66359e+35 3.51455e+20 6.10821e+38 
1.20392e+15 2.66693e+35 3.51678e+20 6.11275e+38 
1.20504e+15 2.67027e+35 3.519e+20 6.11729e+38 
1.20615e+15 2.67362e+35 3.52123e+20 6.12184e+38 
1.20727e+15 2.67696e+35 3.52345e+20 6.12639e+38 
1.20839e+15 2.68032e+35 3.52568e+20 6.13094e+38 
1.20951e+15 2.68367e+35 3.52791e+20 6.1355e+38 
1.21063e+15 2.68703e+35 3.53013e+20 6.14006e+38 
1.21175e+15 2.69039e+35 3.53236e+20 6.14462e+38 
1.21287e+15 2.69375e+35 3.53458e+20 6.14918e+38 
1.214e+15 2.69712e+35 3.53681e+20 6.15375e+38 
1.21512e+15 2.70049e+35 3.53903e+20 6.15832e+38 
1.21625e+15 2.70386e+35 3.54126e+20 6.1629e+38 
1.21738e+15 2.70724e+35 3.54348e+20 6.16748e+38 
1.2185e+15 2.71062e+35 3.5457e+20 6.17206e+38 
1.21963e+15 2.714e+35 3.54793e+20 6.17664e+38 
1.22076e+15 2.71739e+35 3.55015e+20 6.18123e+38 
1.2219e+15 2.72078e+35 3.55238e+20 6.18582e+38 
1.22303e+15 2.72417e+35 3.5546e+20 6.19041e+38 
1.22416e+15 2.72756e+35 3.55682e+20 6.19501e+38 
1.2253e+15 2.73096e+35 3.55905e+20 6.19961e+38 
1.22643e+15 2.73436e+35 3.56127e+20 6.20421e+38 
1.22757e+15 2.73777e+35 3.56349e+20 6.20882e+38 
1.2287e+15 2.74118e+35 3.56572e+20 6.21342e+38 
1.22984e+15 2.74459e+35 3.56794e+20 6.21804e+38 
1.23098e+15 2.748e+35 3.57016e+20 6.22265e+38 
1.23212e+15 2.75142e+35 3.57238e+20 6.22727e+38 
1.23327e+15 2.75484e+35 3.57461e+20 6.23189e+38 
1.23441e+15 2.75826e+35 3.57683e+20 6.23652e+38 
1.23555e+15 2.76169e+35 3.57905e+20 6.24114e+38 
1.2367e+15 2.76512e+35 3.58127e+20 6.24577e+38 
1.23784e+15 2.76855e+35 3.5835e+20 6.25041e+38 
1.23899e+15 2.77199e+35 3.58572e+20 6.25505e+38 
1.24014e+15 2.77543e+35 3.58794e+20 6.25969e+38 
1.24129e+15 2.77887e+35 3.59016e+20 6.26433e+38 
1.24244e+15 2.78232e+35 3.59238e+20 6.26898e+38 
1.24359e+15 2.78577e+35 3.5946e+20 6.27363e+38 
1.24474e+15 2.78922e+35 3.59682e+20 6.27828e+38 
1.24589e+15 2.79267e+35 3.59905e+20 6.28293e+38 
1.24705e+15 2.79613e+35 3.60127e+20 6.28759e+38 
1.2482e+15 2.79959e+35 3.60349e+20 6.29226e+38 
1.24936e+15 2.80306e+35 3.60571e+20 6.29692e+38 
1.25052e+15 2.80653e+35 3.60793e+20 6.30159e+38 
1.25168e+15 2.81e+35 3.61015e+20 6.30626e+38 
1.25284e+15 2.81347e+35 3.61237e+20 6.31094e+38 
1.254e+15 2.81695e+35 3.61459e+20 6.31562e+38 
1.25516e+15 2.82043e+35 3.61681e+20 6.3203e+38 
1.25632e+15 2.82392e+35 3.61903e+20 6.32498e+38 
1.25749e+15 2.8274e+35 3.62125e+20 6.32967e+38 
1.25865e+15 2.8309e+35 3.62347e+20 6.33436e+38 
1.25982e+15 2.83439e+35 3.62569e+20 6.33906e+38 
1.26099e+15 2.83789e+35 3.62791e+20 6.34375e+38 
1.26215e+15 2.84139e+35 3.63012e+20 6.34845e+38 
1.26332e+15 2.84489e+35 3.63234e+20 6.35316e+38 
1.2645e+15 2.8484e+35 3.63456e+20 6.35786e+38 
1.26567e+15 2.85191e+35 3.63678e+20 6.36257e+38 
1.26684e+15 2.85542e+35 3.639e+20 6.36729e+38 
1.26801e+15 2.85894e+35 3.64122e+20 6.372e+38 
1.26919e+15 2.86246e+35 3.64344e+20 6.37672e+38 
1.27036e+15 2.86598e+35 3.64565e+20 6.38145e+38 
1.27154e+15 2.86951e+35 3.64787e+20 6.38617e+38 
1.27272e+15 2.87304e+35 3.65009e+20 6.3909e+38 
1.2739e+15 2.87657e+35 3.65231e+20 6.39564e+38 
1.27508e+15 2.88011e+35 3.65453e+20 6.40037e+38 
1.27626e+15 2.88365e+35 3.65674e+20 6.40511e+38 
1.27744e+15 2.88719e+35 3.65896e+20 6.40985e+38 
1.27863e+15 2.89074e+35 3.66118e+20 6.4146e+38 
1.27981e+15 2.89429e+35 3.66339e+20 6.41935e+38 
1.281e+15 2.89784e+35 3.66561e+20 6.4241e+38 
1.28219e+15 2.9014e+35 3.66783e+20 6.42885e+38 
1.28337e+15 2.90496e+35 3.67004e+20 6.43361e+38 
1.28456e+15 2.90852e+35 3.67226e+20 6.43837e+38 
1.28575e+15 2.91208e+35 3.67448e+20 6.44314e+38 
1.28694e+15 2.91565e+35 3.67669e+20 6.44791e+38 
1.28814e+15 2.91923e+35 3.67891e+20 6.45268e+38 
1.28933e+15 2.9228e+35 3.68113e+20 6.45745e+38 
1.29053e+15 2.92638e+35 3.68334e+20 6.46223e+38 
1.29172e+15 2.92996e+35 3.68556e+20 6.46701e+38 
1.29292e+15 2.93355e+35 3.68777e+20 6.4718e+38 
1.29412e+15 2.93714e+35 3.68999e+20 6.47658e+38 
1.29532e+15 2.94073e+35 3.6922e+20 6.48138e+38 
1.29652e+15 2.94433e+35 3.69442e+20 6.48617e+38 
1.29772e+15 2.94793e+35 3.69663e+20 6.49097e+38 
1.29892e+15 2.95153e+35 3.69885e+20 6.49577e+38 
1.30012e+15 2.95514e+35 3.70106e+20 6.50057e+38 
1.30133e+15 2.95875e+35 3.70328e+20 6.50538e+38 
1.30253e+15 2.96236e+35 3.70549e+20 6.51019e+38 
1.30374e+15 2.96597e+35 3.70771e+20 6.515e+38 
1.30495e+15 2.96959e+35 3.70992e+20 6.51982e+38 
1.30616e+15 2.97322e+35 3.71213e+20 6.52464e+38 
1.30737e+15 2.97684e+35 3.71435e+20 6.52946e+38 
1.30858e+15 2.98047e+35 3.71656e+20 6.53429e+38 
1.30979e+15 2.9841e+35 3.71878e+20 6.53912e+38 
1.31101e+15 2.98774e+35 3.72099e+20 6.54395e+38 
1.31222e+15 2.99138e+35 3.7232e+20 6.54879e+38 
1.31344e+15 2.99502e+35 3.72542e+20 6.55363e+38 
1.31465e+15 2.99867e+35 3.72763e+20 6.55847e+38 
1.31587e+15 3.00232e+35 3.72984e+20 6.56332e+38 
1.31709e+15 3.00597e+35 3.73206e+20 6.56817e+38 
1.31831e+15 3.00963e+35 3.73427e+20 6.57302e+38 
1.31953e+15 3.01329e+35 3.73648e+20 6.57788e+38 
1.32076e+15 3.01695e+35 3.73869e+20 6.58274e+38 
1.32198e+15 3.02062e+35 3.74091e+20 6.5876e+38 
1.32321e+15 3.02429e+35 3.74312e+20 6.59247e+38 
1.32443e+15 3.02796e+35 3.74533e+20 6.59734e+38 
1.32566e+15 3.03164e+35 3.74754e+20 6.60221e+38 
1.32689e+15 3.03532e+35 3.74975e+20 6.60709e+38 
1.32812e+15 3.039e+35 3.75197e+20 6.61197e+38 
1.32935e+15 3.04269e+35 3.75418e+20 6.61685e+38 
1.33058e+15 3.04638e+35 3.75639e+20 6.62174e+38 
1.33181e+15 3.05007e+35 3.7586e+20 6.62663e+38 
1.33305e+15 3.05377e+35 3.76081e+20 6.63152e+38 
1.33428e+15 3.05747e+35 3.76302e+20 6.63642e+38 
1.33552e+15 3.06117e+35 3.76523e+20 6.64132e+38 
1.33676e+15 3.06488e+35 3.76745e+20 6.64622e+38 
1.33799e+15 3.06859e+35 3.76966e+20 6.65112e+38 
1.33923e+15 3.07231e+35 3.77187e+20 6.65603e+38 
1.34048e+15 3.07602e+35 3.77408e+20 6.66095e+38 
1.34172e+15 3.07974e+35 3.77629e+20 6.66586e+38 
1.34296e+15 3.08347e+35 3.7785e+20 6.67078e+38 
1.34421e+15 3.0872e+35 3.78071e+20 6.67571e+38 
1.34545e+15 3.09093e+35 3.78292e+20 6.68063e+38 
1.3467e+15 3.09466e+35 3.78513e+20 6.68556e+38 
1.34795e+15 3.0984e+35 3.78734e+20 6.6905e+38 
1.34919e+15 3.10215e+35 3.78955e+20 6.69543e+38 
1.35044e+15 3.10589e+35 3.79176e+20 6.70037e+38 
1.3517e+15 3.10964e+35 3.79397e+20 6.70531e+38 
1.35295e+15 3.11339e+35 3.79617e+20 6.71026e+38 
1.3542e+15 3.11715e+35 3.79838e+20 6.71521e+38 
1.35546e+15 3.12091e+35 3.80059e+20 6.72016e+38 
1.35671e+15 3.12467e+35 3.8028e+20 6.72512e+38 
1.35797e+15 3.12844e+35 3.80501e+20 6.73008e+38 
1.35923e+15 3.13221e+35 3.80722e+20 6.73504e+38 
1.36049e+15 3.13598e+35 3.80943e+20 6.74001e+38 
1.36175e+15 3.13976e+35 3.81164e+20 6.74498e+38 
1.36301e+15 3.14354e+35 3.81384e+20 6.74995e+38 
1.36427e+15 3.14732e+35 3.81605e+20 6.75493e+38 
1.36554e+15 3.15111e+35 3.81826e+20 6.75991e+38 
1.3668e+15 3.1549e+35 3.82047e+20 6.7649e+38 
1.36807e+15 3.15869e+35 3.82268e+20 6.76988e+38 
1.36934e+15 3.16249e+35 3.82488e+20 6.77487e+38 
1.37061e+15 3.16629e+35 3.82709e+20 6.77987e+38 
1.37188e+15 3.1701e+35 3.8293e+20 6.78486e+38 
1.37315e+15 3.17391e+35 3.83151e+20 6.78986e+38 
1.37442e+15 3.17772e+35 3.83371e+20 6.79487e+38 
1.37569e+15 3.18153e+35 3.83592e+20 6.79988e+38 
1.37697e+15 3.18535e+35 3.83813e+20 6.80489e+38 
1.37824e+15 3.18917e+35 3.84033e+20 6.8099e+38 
1.37952e+15 3.193e+35 3.84254e+20 6.81492e+38 
1.3808e+15 3.19683e+35 3.84475e+20 6.81994e+38 
1.38208e+15 3.20066e+35 3.84695e+20 6.82496e+38 
1.38336e+15 3.2045e+35 3.84916e+20 6.82999e+38 
1.38464e+15 3.20834e+35 3.85136e+20 6.83502e+38 
1.38593e+15 3.21218e+35 3.85357e+20 6.84006e+38 
1.38721e+15 3.21603e+35 3.85578e+20 6.8451e+38 
1.38849e+15 3.21988e+35 3.85798e+20 6.85014e+38 
1.38978e+15 3.22374e+35 3.86019e+20 6.85518e+38 
1.39107e+15 3.2276e+35 3.86239e+20 6.86023e+38 
1.39236e+15 3.23146e+35 3.8646e+20 6.86528e+38 
1.39365e+15 3.23532e+35 3.8668e+20 6.87034e+38 
1.39494e+15 3.23919e+35 3.86901e+20 6.8754e+38 
1.39623e+15 3.24306e+35 3.87121e+20 6.88046e+38 
1.39753e+15 3.24694e+35 3.87342e+20 6.88553e+38 
1.39882e+15 3.25082e+35 3.87562e+20 6.8906e+38 
1.40012e+15 3.2547e+35 3.87783e+20 6.89567e+38 
1.40141e+15 3.25859e+35 3.88003e+20 6.90074e+38 
1.40271e+15 3.26248e+35 3.88224e+20 6.90582e+38 
1.40401e+15 3.26637e+35 3.88444e+20 6.91091e+38 
1.40531e+15 3.27027e+35 3.88665e+20 6.91599e+38 
1.40662e+15 3.27417e+35 3.88885e+20 6.92108e+38 
1.40792e+15 3.27808e+35 3.89105e+20 6.92618e+38 
1.40922e+15 3.28199e+35 3.89326e+20 6.93127e+38 
1.41053e+15 3.2859e+35 3.89546e+20 6.93637e+38 
1.41184e+15 3.28981e+35 3.89766e+20 6.94148e+38 
1.41315e+15 3.29373e+35 3.89987e+20 6.94659e+38 
1.41446e+15 3.29766e+35 3.90207e+20 6.9517e+38 
1.41577e+15 3.30158e+35 3.90427e+20 6.95681e+38 
1.41708e+15 3.30551e+35 3.90648e+20 6.96193e+38 
1.41839e+15 3.30945e+35 3.90868e+20 6.96705e+38 
1.41971e+15 3.31338e+35 3.91088e+20 6.97217e+38 
1.42102e+15 3.31733e+35 3.91309e+20 6.9773e+38 
1.42234e+15 3.32127e+35 3.91529e+20 6.98243e+38 
1.42366e+15 3.32522e+35 3.91749e+20 6.98757e+38 
1.42497e+15 3.32917e+35 3.91969e+20 6.99271e+38 
1.4263e+15 3.33313e+35 3.9219e+20 6.99785e+38 
1.42762e+15 3.33709e+35 3.9241e+20 7.003e+38 
1.42894e+15 3.34105e+35 3.9263e+20 7.00815e+38 
1.43026e+15 3.34502e+35 3.9285e+20 7.0133e+38 
1.43159e+15 3.34899e+35 3.9307e+20 7.01845e+38 
1.43292e+15 3.35296e+35 3.93291e+20 7.02361e+38 
1.43424e+15 3.35694e+35 3.93511e+20 7.02878e+38 
1.43557e+15 3.36092e+35 3.93731e+20 7.03394e+38 
1.4369e+15 3.36491e+35 3.93951e+20 7.03911e+38 
1.43823e+15 3.3689e+35 3.94171e+20 7.04429e+38 
1.43957e+15 3.37289e+35 3.94391e+20 7.04947e+38 
1.4409e+15 3.37688e+35 3.94611e+20 7.05465e+38 
1.44224e+15 3.38088e+35 3.94831e+20 7.05983e+38 
1.44357e+15 3.38489e+35 3.95051e+20 7.06502e+38 
1.44491e+15 3.3889e+35 3.95271e+20 7.07021e+38 
1.44625e+15 3.39291e+35 3.95492e+20 7.07541e+38 
1.44759e+15 3.39692e+35 3.95712e+20 7.0806e+38 
1.44893e+15 3.40094e+35 3.95932e+20 7.08581e+38 
1.45027e+15 3.40496e+35 3.96152e+20 7.09101e+38 
1.45162e+15 3.40899e+35 3.96372e+20 7.09622e+38 
1.45296e+15 3.41302e+35 3.96592e+20 7.10143e+38 
1.45431e+15 3.41705e+35 3.96812e+20 7.10665e+38 
1.45566e+15 3.42109e+35 3.97032e+20 7.11187e+38 
1.45701e+15 3.42513e+35 3.97251e+20 7.11709e+38 
1.45836e+15 3.42918e+35 3.97471e+20 7.12232e+38 
1.45971e+15 3.43322e+35 3.97691e+20 7.12755e+38 
1.46106e+15 3.43728e+35 3.97911e+20 7.13278e+38 
1.46241e+15 3.44133e+35 3.98131e+20 7.13802e+38 
1.46377e+15 3.44539e+35 3.98351e+20 7.14326e+38 
1.46512e+15 3.44946e+35 3.98571e+20 7.14851e+38 
1.46648e+15 3.45352e+35 3.98791e+20 7.15376e+38 
1.46784e+15 3.45759e+35 3.99011e+20 7.15901e+38 
1.4692e+15 3.46167e+35 3.99231e+20 7.16426e+38 
1.47056e+15 3.46575e+35 3.9945e+20 7.16952e+38 
1.47193e+15 3.46983e+35 3.9967e+20 7.17479e+38 
1.47329e+15 3.47392e+35 3.9989e+20 7.18005e+38 
1.47465e+15 3.47801e+35 4.0011e+20 7.18532e+38 
1.47602e+15 3.4821e+35 4.0033e+20 7.1906e+38 
1.47739e+15 3.4862e+35 4.00549e+20 7.19587e+38 
1.47876e+15 3.4903e+35 4.00769e+20 7.20115e+38 
1.48013e+15 3.4944e+35 4.00989e+20 7.20644e+38 
1.4815e+15 3.49851e+35 4.01209e+20 7.21173e+38 
1.48287e+15 3.50262e+35 4.01428e+20 7.21702e+38 
1.48425e+15 3.50674e+35 4.01648e+20 7.22231e+38 
1.48562e+15 3.51086e+35 4.01868e+20 7.22761e+38 
1.487e+15 3.51499e+35 4.02088e+20 7.23291e+38 
1.48838e+15 3.51911e+35 4.02307e+20 7.23822e+38 
1.48976e+15 3.52325e+35 4.02527e+20 7.24353e+38 
1.49114e+15 3.52738e+35 4.02747e+20 7.24884e+38 
1.49252e+15 3.53152e+35 4.02966e+20 7.25416e+38 
1.4939e+15 3.53566e+35 4.03186e+20 7.25948e+38 
1.49529e+15 3.53981e+35 4.03406e+20 7.2648e+38 
1.49667e+15 3.54396e+35 4.03625e+20 7.27013e+38 
1.49806e+15 3.54812e+35 4.03845e+20 7.27546e+38 
1.49945e+15 3.55228e+35 4.04064e+20 7.2808e+38 
1.50084e+15 3.55644e+35 4.04284e+20 7.28614e+38 
1.50223e+15 3.56061e+35 4.04504e+20 7.29148e+38 
1.50362e+15 3.56478e+35 4.04723e+20 7.29682e+38 
1.50501e+15 3.56895e+35 4.04943e+20 7.30217e+38 
1.50641e+15 3.57313e+35 4.05162e+20 7.30753e+38 
1.5078e+15 3.57731e+35 4.05382e+20 7.31288e+38 
1.5092e+15 3.5815e+35 4.05601e+20 7.31824e+38 
1.5106e+15 3.58569e+35 4.05821e+20 7.32361e+38 
1.512e+15 3.58988e+35 4.0604e+20 7.32898e+38 
1.5134e+15 3.59408e+35 4.0626e+20 7.33435e+38 
1.5148e+15 3.59828e+35 4.06479e+20 7.33972e+38 
1.5162e+15 3.60248e+35 4.06699e+20 7.3451e+38 
1.51761e+15 3.60669e+35 4.06918e+20 7.35048e+38 
1.51902e+15 3.6109e+35 4.07138e+20 7.35587e+38 
1.52042e+15 3.61512e+35 4.07357e+20 7.36126e+38 
1.52183e+15 3.61934e+35 4.07576e+20 7.36665e+38 
1.52324e+15 3.62357e+35 4.07796e+20 7.37205e+38 
1.52465e+15 3.6278e+35 4.08015e+20 7.37745e+38 
1.52607e+15 3.63203e+35 4.08235e+20 7.38286e+38 
1.52748e+15 3.63626e+35 4.08454e+20 7.38827e+38 
1.5289e+15 3.64051e+35 4.08673e+20 7.39368e+38 
1.53031e+15 3.64475e+35 4.08893e+20 7.39909e+38 
1.53173e+15 3.649e+35 4.09112e+20 7.40451e+38 
1.53315e+15 3.65325e+35 4.09331e+20 7.40994e+38 
1.53457e+15 3.65751e+35 4.09551e+20 7.41536e+38 
1.53599e+15 3.66177e+35 4.0977e+20 7.42079e+38 
1.53742e+15 3.66603e+35 4.09989e+20 7.42623e+38 
1.53884e+15 3.6703e+35 4.10209e+20 7.43166e+38 
1.54027e+15 3.67457e+35 4.10428e+20 7.43711e+38 
1.54169e+15 3.67885e+35 4.10647e+20 7.44255e+38 
1.54312e+15 3.68313e+35 4.10867e+20 7.448e+38 
1.54455e+15 3.68741e+35 4.11086e+20 7.45345e+38 
1.54598e+15 3.6917e+35 4.11305e+20 7.45891e+38 
1.54742e+15 3.69599e+35 4.11524e+20 7.46437e+38 
1.54885e+15 3.70028e+35 4.11743e+20 7.46983e+38 
1.55029e+15 3.70458e+35 4.11963e+20 7.4753e+38 
1.55172e+15 3.70889e+35 4.12182e+20 7.48077e+38 
1.55316e+15 3.7132e+35 4.12401e+20 7.48625e+38 
1.5546e+15 3.71751e+35 4.1262e+20 7.49173e+38 
1.55604e+15 3.72182e+35 4.12839e+20 7.49721e+38 
1.55748e+15 3.72614e+35 4.13058e+20 7.5027e+38 
1.55893e+15 3.73047e+35 4.13278e+20 7.50819e+38 
1.56037e+15 3.73479e+35 4.13497e+20 7.51368e+38 
1.56182e+15 3.73913e+35 4.13716e+20 7.51918e+38 
1.56326e+15 3.74346e+35 4.13935e+20 7.52468e+38 
1.56471e+15 3.7478e+35 4.14154e+20 7.53018e+38 
1.56616e+15 3.75215e+35 4.14373e+20 7.53569e+38 
1.56761e+15 3.75649e+35 4.14592e+20 7.5412e+38 
1.56907e+15 3.76084e+35 4.14811e+20 7.54672e+38 
1.57052e+15 3.7652e+35 4.1503e+20 7.55224e+38 
1.57197e+15 3.76956e+35 4.15249e+20 7.55776e+38 
1.57343e+15 3.77392e+35 4.15468e+20 7.56329e+38 
1.57489e+15 3.77829e+35 4.15687e+20 7.56882e+38 
1.57635e+15 3.78266e+35 4.15906e+20 7.57436e+38 
1.57781e+15 3.78704e+35 4.16125e+20 7.5799e+38 
1.57927e+15 3.79142e+35 4.16344e+20 7.58544e+38 
1.58073e+15 3.7958e+35 4.16563e+20 7.59099e+38 
1.5822e+15 3.80019e+35 4.16782e+20 7.59654e+38 
1.58367e+15 3.80459e+35 4.17001e+20 7.60209e+38 
1.58513e+15 3.80898e+35 4.1722e+20 7.60765e+38 
1.5866e+15 3.81338e+35 4.17439e+20 7.61321e+38 
1.58807e+15 3.81779e+35 4.17658e+20 7.61878e+38 
1.58954e+15 3.8222e+35 4.17877e+20 7.62435e+38 
1.59102e+15 3.82661e+35 4.18096e+20 7.62992e+38 
1.59249e+15 3.83102e+35 4.18315e+20 7.6355e+38 
1.59397e+15 3.83545e+35 4.18534e+20 7.64108e+38 
1.59544e+15 3.83987e+35 4.18753e+20 7.64666e+38 
1.59692e+15 3.8443e+35 4.18971e+20 7.65225e+38 
1.5984e+15 3.84873e+35 4.1919e+20 7.65784e+38 
1.59988e+15 3.85317e+35 4.19409e+20 7.66344e+38 
1.60137e+15 3.85761e+35 4.19628e+20 7.66904e+38 
1.60285e+15 3.86206e+35 4.19847e+20 7.67464e+38 
1.60433e+15 3.86651e+35 4.20066e+20 7.68025e+38 
1.60582e+15 3.87096e+35 4.20284e+20 7.68586e+38 
1.60731e+15 3.87542e+35 4.20503e+20 7.69147e+38 
1.6088e+15 3.87988e+35 4.20722e+20 7.69709e+38 
1.61029e+15 3.88435e+35 4.20941e+20 7.70272e+38 
1.61178e+15 3.88882e+35 4.2116e+20 7.70834e+38 
1.61328e+15 3.89329e+35 4.21378e+20 7.71397e+38 
1.61477e+15 3.89777e+35 4.21597e+20 7.71961e+38 
1.61627e+15 3.90225e+35 4.21816e+20 7.72525e+38 
1.61776e+15 3.90674e+35 4.22034e+20 7.73089e+38 
1.61926e+15 3.91123e+35 4.22253e+20 7.73653e+38 
1.62076e+15 3.91573e+35 4.22472e+20 7.74218e+38 
1.62227e+15 3.92022e+35 4.22691e+20 7.74784e+38 
1.62377e+15 3.92473e+35 4.22909e+20 7.75349e+38 
1.62527e+15 3.92924e+35 4.23128e+20 7.75916e+38 
1.62678e+15 3.93375e+35 4.23347e+20 7.76482e+38 
1.62829e+15 3.93826e+35 4.23565e+20 7.77049e+38 
1.6298e+15 3.94278e+35 4.23784e+20 7.77616e+38 
1.63131e+15 3.94731e+35 4.24002e+20 7.78184e+38 
1.63282e+15 3.95184e+35 4.24221e+20 7.78752e+38 
1.63433e+15 3.95637e+35 4.2444e+20 7.79321e+38 
1.63585e+15 3.96091e+35 4.24658e+20 7.79889e+38 
1.63736e+15 3.96545e+35 4.24877e+20 7.80459e+38 
1.63888e+15 3.96999e+35 4.25095e+20 7.81028e+38 
1.6404e+15 3.97454e+35 4.25314e+20 7.81598e+38 
1.64192e+15 3.9791e+35 4.25533e+20 7.82169e+38 
1.64344e+15 3.98366e+35 4.25751e+20 7.82739e+38 
1.64496e+15 3.98822e+35 4.2597e+20 7.83311e+38 
1.64649e+15 3.99278e+35 4.26188e+20 7.83882e+38 
1.64801e+15 3.99736e+35 4.26407e+20 7.84454e+38 
1.64954e+15 4.00193e+35 4.26625e+20 7.85026e+38 
1.65107e+15 4.00651e+35 4.26844e+20 7.85599e+38 
1.6526e+15 4.01109e+35 4.27062e+20 7.86172e+38 
1.65413e+15 4.01568e+35 4.27281e+20 7.86746e+38 
1.65566e+15 4.02027e+35 4.27499e+20 7.8732e+38 
1.6572e+15 4.02487e+35 4.27718e+20 7.87894e+38 
1.65873e+15 4.02947e+35 4.27936e+20 7.88469e+38 
1.66027e+15 4.03407e+35 4.28154e+20 7.89044e+38 
1.66181e+15 4.03868e+35 4.28373e+20 7.89619e+38 
1.66335e+15 4.0433e+35 4.28591e+20 7.90195e+38 
1.66489e+15 4.04791e+35 4.2881e+20 7.90772e+38 
1.66643e+15 4.05254e+35 4.29028e+20 7.91348e+38 
1.66797e+15 4.05716e+35 4.29246e+20 7.91925e+38 
1.66952e+15 4.06179e+35 4.29465e+20 7.92503e+38 
1.67107e+15 4.06643e+35 4.29683e+20 7.93081e+38 
1.67262e+15 4.07107e+35 4.29902e+20 7.93659e+38 
1.67417e+15 4.07571e+35 4.3012e+20 7.94237e+38 
1.67572e+15 4.08036e+35 4.30338e+20 7.94817e+38 
1.67727e+15 4.08501e+35 4.30557e+20 7.95396e+38 
1.67882e+15 4.08967e+35 4.30775e+20 7.95976e+38 
1.68038e+15 4.09433e+35 4.30993e+20 7.96556e+38 
1.68194e+15 4.09899e+35 4.31211e+20 7.97137e+38 
1.6835e+15 4.10366e+35 4.3143e+20 7.97718e+38 
1.68506e+15 4.10833e+35 4.31648e+20 7.98299e+38 
1.68662e+15 4.11301e+35 4.31866e+20 7.98881e+38 
1.68818e+15 4.11769e+35 4.32084e+20 7.99463e+38 
1.68974e+15 4.12238e+35 4.32303e+20 8.00046e+38 
1.69131e+15 4.12707e+35 4.32521e+20 8.00629e+38 
1.69288e+15 4.13177e+35 4.32739e+20 8.01212e+38 
1.69445e+15 4.13647e+35 4.32957e+20 8.01796e+38 
1.69602e+15 4.14117e+35 4.33176e+20 8.0238e+38 
1.69759e+15 4.14588e+35 4.33394e+20 8.02965e+38 
1.69916e+15 4.15059e+35 4.33612e+20 8.0355e+38 
1.70073e+15 4.15531e+35 4.3383e+20 8.04135e+38 
1.70231e+15 4.16003e+35 4.34048e+20 8.04721e+38 
1.70389e+15 4.16475e+35 4.34266e+20 8.05307e+38 
1.70547e+15 4.16948e+35 4.34485e+20 8.05894e+38 
1.70705e+15 4.17422e+35 4.34703e+20 8.06481e+38 
1.70863e+15 4.17896e+35 4.34921e+20 8.07068e+38 
1.71021e+15 4.1837e+35 4.35139e+20 8.07656e+38 
1.7118e+15 4.18845e+35 4.35357e+20 8.08244e+38 
1.71338e+15 4.1932e+35 4.35575e+20 8.08833e+38 
1.71497e+15 4.19796e+35 4.35793e+20 8.09422e+38 
1.71656e+15 4.20272e+35 4.36011e+20 8.10011e+38 
1.71815e+15 4.20748e+35 4.36229e+20 8.10601e+38 
1.71974e+15 4.21225e+35 4.36448e+20 8.11191e+38 
1.72134e+15 4.21703e+35 4.36666e+20 8.11782e+38 
1.72293e+15 4.22181e+35 4.36884e+20 8.12373e+38 
1.72453e+15 4.22659e+35 4.37102e+20 8.12964e+38 
1.72613e+15 4.23138e+35 4.3732e+20 8.13556e+38 
1.72773e+15 4.23617e+35 4.37538e+20 8.14148e+38 
1.72933e+15 4.24096e+35 4.37756e+20 8.14741e+38 
1.73093e+15 4.24577e+35 4.37974e+20 8.15334e+38 
1.73253e+15 4.25057e+35 4.38192e+20 8.15928e+38 
1.73414e+15 4.25538e+35 4.3841e+20 8.16521e+38 
1.73575e+15 4.26019e+35 4.38628e+20 8.17116e+38 
1.73735e+15 4.26501e+35 4.38846e+20 8.1771e+38 
1.73896e+15 4.26984e+35 4.39063e+20 8.18306e+38 
1.74058e+15 4.27466e+35 4.39281e+20 8.18901e+38 
1.74219e+15 4.2795e+35 4.39499e+20 8.19497e+38 
1.7438e+15 4.28433e+35 4.39717e+20 8.20093e+38 
1.74542e+15 4.28917e+35 4.39935e+20 8.2069e+38 
1.74704e+15 4.29402e+35 4.40153e+20 8.21287e+38 
1.74865e+15 4.29887e+35 4.40371e+20 8.21885e+38 
1.75027e+15 4.30372e+35 4.40589e+20 8.22483e+38 
1.7519e+15 4.30858e+35 4.40807e+20 8.23081e+38 
1.75352e+15 4.31344e+35 4.41025e+20 8.2368e+38 
1.75515e+15 4.31831e+35 4.41242e+20 8.24279e+38 
1.75677e+15 4.32318e+35 4.4146e+20 8.24878e+38 
1.7584e+15 4.32806e+35 4.41678e+20 8.25478e+38 
1.76003e+15 4.33294e+35 4.41896e+20 8.26079e+38 
1.76166e+15 4.33783e+35 4.42114e+20 8.2668e+38 
1.76329e+15 4.34272e+35 4.42331e+20 8.27281e+38 
1.76493e+15 4.34761e+35 4.42549e+20 8.27882e+38 
1.76656e+15 4.35251e+35 4.42767e+20 8.28485e+38 
1.7682e+15 4.35742e+35 4.42985e+20 8.29087e+38 
1.76984e+15 4.36233e+35 4.43203e+20 8.2969e+38 
1.77148e+15 4.36724e+35 4.4342e+20 8.30293e+38 
1.77312e+15 4.37216e+35 4.43638e+20 8.30897e+38 
1.77476e+15 4.37708e+35 4.43856e+20 8.31501e+38 
1.77641e+15 4.38201e+35 4.44074e+20 8.32105e+38 
1.77805e+15 4.38694e+35 4.44291e+20 8.3271e+38 
1.7797e+15 4.39187e+35 4.44509e+20 8.33316e+38 
1.78135e+15 4.39682e+35 4.44727e+20 8.33921e+38 
1.783e+15 4.40176e+35 4.44944e+20 8.34528e+38 
1.78465e+15 4.40671e+35 4.45162e+20 8.35134e+38 
1.78631e+15 4.41166e+35 4.4538e+20 8.35741e+38 
1.78796e+15 4.41662e+35 4.45597e+20 8.36349e+38 
1.78962e+15 4.42159e+35 4.45815e+20 8.36957e+38 
1.79128e+15 4.42655e+35 4.46033e+20 8.37565e+38 
1.79294e+15 4.43153e+35 4.4625e+20 8.38173e+38 
1.7946e+15 4.4365e+35 4.46468e+20 8.38783e+38 
1.79626e+15 4.44149e+35 4.46686e+20 8.39392e+38 
1.79792e+15 4.44647e+35 4.46903e+20 8.40002e+38 
1.79959e+15 4.45146e+35 4.47121e+20 8.40612e+38 
1.80126e+15 4.45646e+35 4.47338e+20 8.41223e+38 
1.80293e+15 4.46146e+35 4.47556e+20 8.41834e+38 
1.8046e+15 4.46647e+35 4.47773e+20 8.42446e+38 
1.80627e+15 4.47148e+35 4.47991e+20 8.43058e+38 
1.80794e+15 4.47649e+35 4.48209e+20 8.4367e+38 
1.80962e+15 4.48151e+35 4.48426e+20 8.44283e+38 
1.8113e+15 4.48653e+35 4.48644e+20 8.44896e+38 
1.81297e+15 4.49156e+35 4.48861e+20 8.4551e+38 
1.81465e+15 4.49659e+35 4.49079e+20 8.46124e+38 
1.81634e+15 4.50163e+35 4.49296e+20 8.46739e+38 
1.81802e+15 4.50667e+35 4.49514e+20 8.47354e+38 
1.8197e+15 4.51172e+35 4.49731e+20 8.47969e+38 
1.82139e+15 4.51677e+35 4.49949e+20 8.48585e+38 
1.82308e+15 4.52183e+35 4.50166e+20 8.49201e+38 
1.82477e+15 4.52689e+35 4.50384e+20 8.49818e+38 
1.82646e+15 4.53196e+35 4.50601e+20 8.50435e+38 
1.82815e+15 4.53703e+35 4.50818e+20 8.51052e+38 
1.82984e+15 4.5421e+35 4.51036e+20 8.5167e+38 
1.83154e+15 4.54718e+35 4.51253e+20 8.52288e+38 
1.83324e+15 4.55226e+35 4.51471e+20 8.52907e+38 
1.83494e+15 4.55735e+35 4.51688e+20 8.53526e+38 
1.83664e+15 4.56245e+35 4.51906e+20 8.54146e+38 
1.83834e+15 4.56755e+35 4.52123e+20 8.54766e+38 
1.84004e+15 4.57265e+35 4.5234e+20 8.55386e+38 
1.84175e+15 4.57776e+35 4.52558e+20 8.56007e+38 
1.84345e+15 4.58287e+35 4.52775e+20 8.56629e+38 
1.84516e+15 4.58799e+35 4.52992e+20 8.5725e+38 
1.84687e+15 4.59311e+35 4.5321e+20 8.57872e+38 
1.84858e+15 4.59824e+35 4.53427e+20 8.58495e+38 
1.8503e+15 4.60337e+35 4.53644e+20 8.59118e+38 
1.85201e+15 4.60851e+35 4.53862e+20 8.59741e+38 
1.85373e+15 4.61365e+35 4.54079e+20 8.60365e+38 
1.85544e+15 4.61879e+35 4.54296e+20 8.6099e+38 
1.85716e+15 4.62394e+35 4.54514e+20 8.61614e+38 
1.85888e+15 4.6291e+35 4.54731e+20 8.62239e+38 
1.86061e+15 4.63426e+35 4.54948e+20 8.62865e+38 
1.86233e+15 4.63943e+35 4.55165e+20 8.63491e+38 
1.86406e+15 4.6446e+35 4.55383e+20 8.64117e+38 
1.86578e+15 4.64977e+35 4.556e+20 8.64744e+38 
1.86751e+15 4.65495e+35 4.55817e+20 8.65371e+38 
1.86924e+15 4.66013e+35 4.56034e+20 8.65999e+38 
1.87098e+15 4.66532e+35 4.56252e+20 8.66627e+38 
1.87271e+15 4.67052e+35 4.56469e+20 8.67256e+38 
1.87444e+15 4.67572e+35 4.56686e+20 8.67885e+38 
1.87618e+15 4.68092e+35 4.56903e+20 8.68514e+38 
1.87792e+15 4.68613e+35 4.5712e+20 8.69144e+38 
1.87966e+15 4.69134e+35 4.57338e+20 8.69774e+38 
1.8814e+15 4.69656e+35 4.57555e+20 8.70405e+38 
1.88315e+15 4.70178e+35 4.57772e+20 8.71036e+38 
1.88489e+15 4.70701e+35 4.57989e+20 8.71668e+38 
1.88664e+15 4.71224e+35 4.58206e+20 8.723e+38 
1.88839e+15 4.71748e+35 4.58423e+20 8.72932e+38 
1.89014e+15 4.72272e+35 4.5864e+20 8.73565e+38 
1.89189e+15 4.72797e+35 4.58858e+20 8.74199e+38 
1.89364e+15 4.73322e+35 4.59075e+20 8.74832e+38 
1.89539e+15 4.73848e+35 4.59292e+20 8.75466e+38 
1.89715e+15 4.74374e+35 4.59509e+20 8.76101e+38 
1.89891e+15 4.74901e+35 4.59726e+20 8.76736e+38 
1.90067e+15 4.75428e+35 4.59943e+20 8.77372e+38 
1.90243e+15 4.75955e+35 4.6016e+20 8.78008e+38 
1.90419e+15 4.76484e+35 4.60377e+20 8.78644e+38 
1.90596e+15 4.77012e+35 4.60594e+20 8.79281e+38 
1.90772e+15 4.77541e+35 4.60811e+20 8.79918e+38 
1.90949e+15 4.78071e+35 4.61028e+20 8.80556e+38 
1.91126e+15 4.78601e+35 4.61245e+20 8.81194e+38 
1.91303e+15 4.79132e+35 4.61462e+20 8.81832e+38 
1.9148e+15 4.79663e+35 4.61679e+20 8.82471e+38 
1.91658e+15 4.80194e+35 4.61896e+20 8.83111e+38 
1.91835e+15 4.80726e+35 4.62113e+20 8.8375e+38 
1.92013e+15 4.81259e+35 4.6233e+20 8.84391e+38 
1.92191e+15 4.81792e+35 4.62547e+20 8.85031e+38 
1.92369e+15 4.82325e+35 4.62764e+20 8.85673e+38 
1.92547e+15 4.82859e+35 4.62981e+20 8.86314e+38 
1.92726e+15 4.83394e+35 4.63198e+20 8.86956e+38 
1.92904e+15 4.83929e+35 4.63415e+20 8.87599e+38 
1.93083e+15 4.84465e+35 4.63632e+20 8.88242e+38 
1.93262e+15 4.85001e+35 4.63849e+20 8.88885e+38 
1.93441e+15 4.85537e+35 4.64066e+20 8.89529e+38 
1.9362e+15 4.86074e+35 4.64283e+20 8.90173e+38 
1.938e+15 4.86612e+35 4.64499e+20 8.90818e+38 
1.93979e+15 4.8715e+35 4.64716e+20 8.91463e+38 
1.94159e+15 4.87688e+35 4.64933e+20 8.92109e+38 
1.94339e+15 4.88227e+35 4.6515e+20 8.92755e+38 
1.94519e+15 4.88767e+35 4.65367e+20 8.93401e+38 
1.94699e+15 4.89307e+35 4.65584e+20 8.94048e+38 
1.9488e+15 4.89847e+35 4.65801e+20 8.94695e+38 
1.9506e+15 4.90388e+35 4.66017e+20 8.95343e+38 
1.95241e+15 4.9093e+35 4.66234e+20 8.95991e+38 
1.95422e+15 4.91472e+35 4.66451e+20 8.9664e+38 
1.95603e+15 4.92014e+35 4.66668e+20 8.97289e+38 
1.95784e+15 4.92557e+35 4.66885e+20 8.97939e+38 
1.95966e+15 4.93101e+35 4.67102e+20 8.98589e+38 
1.96148e+15 4.93645e+35 4.67318e+20 8.99239e+38 
1.96329e+15 4.94189e+35 4.67535e+20 8.9989e+38 
1.96511e+15 4.94734e+35 4.67752e+20 9.00541e+38 
1.96693e+15 4.9528e+35 4.67969e+20 9.01193e+38 
1.96876e+15 4.95826e+35 4.68185e+20 9.01845e+38 
1.97058e+15 4.96372e+35 4.68402e+20 9.02498e+38 
1.97241e+15 4.96919e+35 4.68619e+20 9.03151e+38 
1.97423e+15 4.97467e+35 4.68836e+20 9.03805e+38 
1.97606e+15 4.98015e+35 4.69052e+20 9.04459e+38 
1.97789e+15 4.98563e+35 4.69269e+20 9.05113e+38 
1.97973e+15 4.99113e+35 4.69486e+20 9.05768e+38 
1.98156e+15 4.99662e+35 4.69702e+20 9.06424e+38 
1.9834e+15 5.00212e+35 4.69919e+20 9.07079e+38 
1.98524e+15 5.00763e+35 4.70136e+20 9.07736e+38 
1.98707e+15 5.01314e+35 4.70352e+20 9.08392e+38 
1.98892e+15 5.01866e+35 4.70569e+20 9.0905e+38 
1.99076e+15 5.02418e+35 4.70786e+20 9.09707e+38 
1.9926e+15 5.0297e+35 4.71002e+20 9.10365e+38 
1.99445e+15 5.03524e+35 4.71219e+20 9.11024e+38 
1.9963e+15 5.04077e+35 4.71436e+20 9.11683e+38 
1.99815e+15 5.04631e+35 4.71652e+20 9.12342e+38 
2e+15 5.05186e+35 4.71869e+20 9.13002e+38 
