2000
6.41724e+14 1.093e+31 1.70326e+16 3.86581e+38 
6.41761e+14 2.18601e+31 3.4064e+16 3.86603e+38 
6.41797e+14 3.27901e+31 5.1094e+16 3.86625e+38 
6.41833e+14 4.37201e+31 6.81228e+16 3.86647e+38 
6.4187e+14 5.46502e+31 8.51502e+16 3.86669e+38 
6.41906e+14 6.55802e+31 1.02176e+17 3.86691e+38 
6.41943e+14 7.65103e+31 1.19201e+17 3.86713e+38 
6.41979e+14 8.74403e+31 1.36225e+17 3.86735e+38 
6.42016e+14 9.83703e+31 1.53247e+17 3.86757e+38 
6.42052e+14 1.093e+32 1.70268e+17 3.86779e+38 
6.45712e+14 1.20573e+33 1.87118e+18 3.88981e+38 
6.46079e+14 1.31571e+33 2.0411e+18 3.89201e+38 
6.46447e+14 1.42576e+33 2.21098e+18 3.89422e+38 
6.46814e+14 1.53587e+33 2.38083e+18 3.89643e+38 
6.47182e+14 1.64605e+33 2.55065e+18 3.89864e+38 
6.4755e+14 1.75628e+33 2.72044e+18 3.90085e+38 
6.47918e+14 1.86658e+33 2.8902e+18 3.90306e+38 
6.48286e+14 1.97694e+33 3.05992e+18 3.90527e+38 
6.48655e+14 2.08737e+33 3.22961e+18 3.90749e+38 
6.49024e+14 2.19786e+33 3.39927e+18 3.9097e+38 
6.49393e+14 2.30841e+33 3.5689e+18 3.91191e+38 
6.49762e+14 2.41902e+33 3.7385e+18 3.91413e+38 
6.50132e+14 2.52969e+33 3.90807e+18 3.91634e+38 
6.50501e+14 2.64043e+33 4.0776e+18 3.91856e+38 
6.50871e+14 2.75123e+33 4.2471e+18 3.92078e+38 
6.51241e+14 2.8621e+33 4.41658e+18 3.923e+38 
6.51611e+14 2.97303e+33 4.58602e+18 3.92522e+38 
6.51982e+14 3.08402e+33 4.75542e+18 3.92744e+38 
6.52353e+14 3.19507e+33 4.9248e+18 3.92966e+38 
6.52723e+14 3.30619e+33 5.09415e+18 3.93188e+38 
6.53095e+14 3.41737e+33 5.26346e+18 3.9341e+38 
6.53466e+14 3.52861e+33 5.43274e+18 3.93633e+38 
6.53837e+14 3.63992e+33 5.602e+18 3.93855e+38 
6.54209e+14 3.75129e+33 5.77122e+18 3.94078e+38 
6.54581e+14 3.86272e+33 5.94041e+18 3.943e+38 
6.54953e+14 3.97422e+33 6.10956e+18 3.94523e+38 
6.55326e+14 4.08578e+33 6.27869e+18 3.94746e+38 
6.55698e+14 4.1974e+33 6.44779e+18 3.94969e+38 
6.56071e+14 4.30909e+33 6.61685e+18 3.95192e+38 
6.56444e+14 4.42084e+33 6.78588e+18 3.95415e+38 
6.56817e+14 4.53265e+33 6.95489e+18 3.95638e+38 
6.57191e+14 4.64453e+33 7.12386e+18 3.95861e+38 
6.57564e+14 4.75647e+33 7.2928e+18 3.96084e+38 
6.57938e+14 4.86848e+33 7.46171e+18 3.96308e+38 
6.58312e+14 4.98054e+33 7.63058e+18 3.96531e+38 
6.58687e+14 5.09268e+33 7.79943e+18 3.96755e+38 
6.59061e+14 5.20487e+33 7.96825e+18 3.96978e+38 
6.59436e+14 5.31713e+33 8.13703e+18 3.97202e+38 
6.59811e+14 5.42945e+33 8.30579e+18 3.97426e+38 
6.60186e+14 5.54184e+33 8.47451e+18 3.9765e+38 
6.60561e+14 5.65429e+33 8.64321e+18 3.97874e+38 
6.60937e+14 5.76681e+33 8.81187e+18 3.98098e+38 
6.61313e+14 5.87939e+33 8.9805e+18 3.98322e+38 
6.61689e+14 5.99203e+33 9.1491e+18 3.98546e+38 
6.62065e+14 6.10474e+33 9.31767e+18 3.9877e+38 
6.62441e+14 6.21751e+33 9.48621e+18 3.98995e+38 
6.62818e+14 6.33034e+33 9.65472e+18 3.99219e+38 
6.63195e+14 6.44324e+33 9.8232e+18 3.99444e+38 
6.63572e+14 6.55621e+33 9.99165e+18 3.99669e+38 
6.63949e+14 6.66924e+33 1.01601e+19 3.99893e+38 
6.64327e+14 6.78233e+33 1.03285e+19 4.00118e+38 
6.64704e+14 6.89548e+33 1.04968e+19 4.00343e+38 
6.65082e+14 7.00871e+33 1.06651e+19 4.00568e+38 
6.6546e+14 7.12199e+33 1.08334e+19 4.00793e+38 
6.65839e+14 7.23534e+33 1.10017e+19 4.01018e+38 
6.66217e+14 7.34875e+33 1.11699e+19 4.01244e+38 
6.66596e+14 7.46223e+33 1.13381e+19 4.01469e+38 
6.66975e+14 7.57578e+33 1.15063e+19 4.01694e+38 
6.67354e+14 7.68938e+33 1.16745e+19 4.0192e+38 
6.67734e+14 7.80306e+33 1.18426e+19 4.02145e+38 
6.68113e+14 7.91679e+33 1.20106e+19 4.02371e+38 
6.68493e+14 8.03059e+33 1.21787e+19 4.02597e+38 
6.68873e+14 8.14446e+33 1.23467e+19 4.02823e+38 
6.69254e+14 8.25839e+33 1.25147e+19 4.03049e+38 
6.69634e+14 8.37239e+33 1.26827e+19 4.03275e+38 
6.70015e+14 8.48645e+33 1.28506e+19 4.03501e+38 
6.70396e+14 8.60057e+33 1.30185e+19 4.03727e+38 
6.70777e+14 8.71476e+33 1.31864e+19 4.03953e+38 
6.71158e+14 8.82902e+33 1.33542e+19 4.0418e+38 
6.7154e+14 8.94334e+33 1.3522e+19 4.04406e+38 
6.71922e+14 9.05772e+33 1.36898e+19 4.04633e+38 
6.72304e+14 9.17218e+33 1.38576e+19 4.04859e+38 
6.72686e+14 9.28669e+33 1.40253e+19 4.05086e+38 
6.73069e+14 9.40127e+33 1.4193e+19 4.05313e+38 
6.73451e+14 9.51592e+33 1.43607e+19 4.0554e+38 
6.73834e+14 9.63063e+33 1.45283e+19 4.05767e+38 
6.74217e+14 9.7454e+33 1.46959e+19 4.05994e+38 
6.74601e+14 9.86024e+33 1.48635e+19 4.06221e+38 
6.74984e+14 9.97515e+33 1.5031e+19 4.06448e+38 
6.75368e+14 1.00901e+34 1.51985e+19 4.06676e+38 
6.75752e+14 1.02052e+34 1.5366e+19 4.06903e+38 
6.76136e+14 1.03203e+34 1.55335e+19 4.07131e+38 
6.7652e+14 1.04354e+34 1.57009e+19 4.07358e+38 
6.76905e+14 1.05507e+34 1.58683e+19 4.07586e+38 
6.7729e+14 1.0666e+34 1.60357e+19 4.07814e+38 
6.77675e+14 1.07813e+34 1.6203e+19 4.08041e+38 
6.7806e+14 1.08968e+34 1.63703e+19 4.08269e+38 
6.78446e+14 1.10123e+34 1.65376e+19 4.08497e+38 
6.78832e+14 1.11278e+34 1.67048e+19 4.08726e+38 
6.79218e+14 1.12434e+34 1.68721e+19 4.08954e+38 
6.79604e+14 1.13591e+34 1.70392e+19 4.09182e+38 
6.7999e+14 1.14749e+34 1.72064e+19 4.0941e+38 
6.80377e+14 1.15907e+34 1.73735e+19 4.09639e+38 
6.80764e+14 1.17066e+34 1.75406e+19 4.09867e+38 
6.81151e+14 1.18226e+34 1.77077e+19 4.10096e+38 
6.81538e+14 1.19386e+34 1.78748e+19 4.10325e+38 
6.81925e+14 1.20547e+34 1.80418e+19 4.10554e+38 
6.82313e+14 1.21708e+34 1.82088e+19 4.10782e+38 
6.82701e+14 1.22871e+34 1.83757e+19 4.11011e+38 
6.83089e+14 1.24033e+34 1.85426e+19 4.11241e+38 
6.83478e+14 1.25197e+34 1.87095e+19 4.1147e+38 
6.83866e+14 1.26361e+34 1.88764e+19 4.11699e+38 
6.84255e+14 1.27526e+34 1.90432e+19 4.11928e+38 
6.84644e+14 1.28691e+34 1.92101e+19 4.12158e+38 
6.85033e+14 1.29858e+34 1.93768e+19 4.12387e+38 
6.85423e+14 1.31024e+34 1.95436e+19 4.12617e+38 
6.85813e+14 1.32192e+34 1.97103e+19 4.12847e+38 
6.86202e+14 1.3336e+34 1.9877e+19 4.13076e+38 
6.86593e+14 1.34529e+34 2.00437e+19 4.13306e+38 
6.86983e+14 1.35698e+34 2.02103e+19 4.13536e+38 
6.87374e+14 1.36869e+34 2.03769e+19 4.13766e+38 
6.87764e+14 1.38039e+34 2.05435e+19 4.13996e+38 
6.88155e+14 1.39211e+34 2.071e+19 4.14227e+38 
6.88547e+14 1.40383e+34 2.08766e+19 4.14457e+38 
6.88938e+14 1.41556e+34 2.10431e+19 4.14687e+38 
6.8933e+14 1.42729e+34 2.12095e+19 4.14918e+38 
6.89722e+14 1.43904e+34 2.1376e+19 4.15148e+38 
6.90114e+14 1.45078e+34 2.15424e+19 4.15379e+38 
6.90506e+14 1.46254e+34 2.17087e+19 4.1561e+38 
6.90899e+14 1.4743e+34 2.18751e+19 4.15841e+38 
6.91292e+14 1.48607e+34 2.20414e+19 4.16071e+38 
6.91685e+14 1.49784e+34 2.22077e+19 4.16302e+38 
6.92078e+14 1.50962e+34 2.2374e+19 4.16534e+38 
6.92472e+14 1.52141e+34 2.25402e+19 4.16765e+38 
6.92865e+14 1.53321e+34 2.27064e+19 4.16996e+38 
6.93259e+14 1.54501e+34 2.28726e+19 4.17227e+38 
6.93653e+14 1.55682e+34 2.30387e+19 4.17459e+38 
6.94048e+14 1.56863e+34 2.32049e+19 4.1769e+38 
6.94442e+14 1.58046e+34 2.33709e+19 4.17922e+38 
6.94837e+14 1.59228e+34 2.3537e+19 4.18154e+38 
6.95232e+14 1.60412e+34 2.37031e+19 4.18386e+38 
6.95628e+14 1.61596e+34 2.38691e+19 4.18617e+38 
6.96023e+14 1.62781e+34 2.4035e+19 4.18849e+38 
6.96419e+14 1.63967e+34 2.4201e+19 4.19082e+38 
6.96815e+14 1.65153e+34 2.43669e+19 4.19314e+38 
6.97211e+14 1.6634e+34 2.45328e+19 4.19546e+38 
6.97607e+14 1.67527e+34 2.46987e+19 4.19778e+38 
6.98004e+14 1.68716e+34 2.48645e+19 4.20011e+38 
6.98401e+14 1.69904e+34 2.50303e+19 4.20243e+38 
6.98798e+14 1.71094e+34 2.51961e+19 4.20476e+38 
6.99195e+14 1.72284e+34 2.53619e+19 4.20709e+38 
6.99593e+14 1.73475e+34 2.55276e+19 4.20941e+38 
6.9999e+14 1.74667e+34 2.56933e+19 4.21174e+38 
7.00388e+14 1.75859e+34 2.5859e+19 4.21407e+38 
7.00787e+14 1.77052e+34 2.60246e+19 4.2164e+38 
7.01185e+14 1.78246e+34 2.61902e+19 4.21874e+38 
7.01584e+14 1.7944e+34 2.63558e+19 4.22107e+38 
7.01983e+14 1.80635e+34 2.65214e+19 4.2234e+38 
7.02382e+14 1.81831e+34 2.66869e+19 4.22573e+38 
7.02781e+14 1.83027e+34 2.68524e+19 4.22807e+38 
7.03181e+14 1.84224e+34 2.70179e+19 4.23041e+38 
7.03581e+14 1.85422e+34 2.71833e+19 4.23274e+38 
7.03981e+14 1.86621e+34 2.73487e+19 4.23508e+38 
7.04381e+14 1.8782e+34 2.75141e+19 4.23742e+38 
7.04781e+14 1.8902e+34 2.76795e+19 4.23976e+38 
7.05182e+14 1.9022e+34 2.78448e+19 4.2421e+38 
7.05583e+14 1.91421e+34 2.80101e+19 4.24444e+38 
7.05984e+14 1.92623e+34 2.81754e+19 4.24678e+38 
7.06386e+14 1.93826e+34 2.83407e+19 4.24913e+38 
7.06787e+14 1.95029e+34 2.85059e+19 4.25147e+38 
7.07189e+14 1.96233e+34 2.86711e+19 4.25382e+38 
7.07591e+14 1.97437e+34 2.88363e+19 4.25616e+38 
7.07993e+14 1.98642e+34 2.90014e+19 4.25851e+38 
7.08396e+14 1.99848e+34 2.91665e+19 4.26086e+38 
7.08799e+14 2.01055e+34 2.93316e+19 4.2632e+38 
7.09202e+14 2.02262e+34 2.94967e+19 4.26555e+38 
7.09605e+14 2.0347e+34 2.96617e+19 4.2679e+38 
7.10008e+14 2.04679e+34 2.98267e+19 4.27026e+38 
7.10412e+14 2.05888e+34 2.99917e+19 4.27261e+38 
7.10816e+14 2.07098e+34 3.01566e+19 4.27496e+38 
7.1122e+14 2.08309e+34 3.03216e+19 4.27732e+38 
7.11624e+14 2.09521e+34 3.04865e+19 4.27967e+38 
7.12029e+14 2.10733e+34 3.06513e+19 4.28203e+38 
7.12434e+14 2.11946e+34 3.08162e+19 4.28438e+38 
7.12839e+14 2.13159e+34 3.0981e+19 4.28674e+38 
7.13244e+14 2.14373e+34 3.11458e+19 4.2891e+38 
7.1365e+14 2.15588e+34 3.13105e+19 4.29146e+38 
7.14056e+14 2.16804e+34 3.14753e+19 4.29382e+38 
7.14462e+14 2.1802e+34 3.164e+19 4.29618e+38 
7.14868e+14 2.19237e+34 3.18047e+19 4.29854e+38 
7.15274e+14 2.20455e+34 3.19693e+19 4.30091e+38 
7.15681e+14 2.21673e+34 3.21339e+19 4.30327e+38 
7.16088e+14 2.22892e+34 3.22985e+19 4.30563e+38 
7.16495e+14 2.24112e+34 3.24631e+19 4.308e+38 
7.16902e+14 2.25332e+34 3.26276e+19 4.31037e+38 
7.1731e+14 2.26553e+34 3.27922e+19 4.31274e+38 
7.17718e+14 2.27775e+34 3.29566e+19 4.3151e+38 
7.18126e+14 2.28998e+34 3.31211e+19 4.31747e+38 
7.18534e+14 2.30221e+34 3.32855e+19 4.31984e+38 
7.18943e+14 2.31445e+34 3.345e+19 4.32221e+38 
7.19351e+14 2.32669e+34 3.36143e+19 4.32459e+38 
7.1976e+14 2.33895e+34 3.37787e+19 4.32696e+38 
7.2017e+14 2.35121e+34 3.3943e+19 4.32933e+38 
7.20579e+14 2.36347e+34 3.41073e+19 4.33171e+38 
7.20989e+14 2.37575e+34 3.42716e+19 4.33409e+38 
7.21399e+14 2.38803e+34 3.44358e+19 4.33646e+38 
7.21809e+14 2.40032e+34 3.46001e+19 4.33884e+38 
7.22219e+14 2.41261e+34 3.47643e+19 4.34122e+38 
7.2263e+14 2.42491e+34 3.49284e+19 4.3436e+38 
7.23041e+14 2.43722e+34 3.50926e+19 4.34598e+38 
7.23452e+14 2.44954e+34 3.52567e+19 4.34836e+38 
7.23863e+14 2.46186e+34 3.54208e+19 4.35074e+38 
7.24275e+14 2.47419e+34 3.55848e+19 4.35313e+38 
7.24687e+14 2.48653e+34 3.57489e+19 4.35551e+38 
7.25099e+14 2.49887e+34 3.59129e+19 4.35789e+38 
7.25511e+14 2.51122e+34 3.60769e+19 4.36028e+38 
7.25923e+14 2.52358e+34 3.62408e+19 4.36267e+38 
7.26336e+14 2.53594e+34 3.64048e+19 4.36506e+38 
7.26749e+14 2.54831e+34 3.65687e+19 4.36744e+38 
7.27162e+14 2.56069e+34 3.67325e+19 4.36983e+38 
7.27576e+14 2.57308e+34 3.68964e+19 4.37222e+38 
7.27989e+14 2.58547e+34 3.70602e+19 4.37462e+38 
7.28403e+14 2.59787e+34 3.7224e+19 4.37701e+38 
7.28817e+14 2.61028e+34 3.73878e+19 4.3794e+38 
7.29232e+14 2.62269e+34 3.75515e+19 4.3818e+38 
7.29646e+14 2.63512e+34 3.77152e+19 4.38419e+38 
7.30061e+14 2.64754e+34 3.78789e+19 4.38659e+38 
7.30476e+14 2.65998e+34 3.80426e+19 4.38899e+38 
7.30892e+14 2.67242e+34 3.82062e+19 4.39138e+38 
7.31307e+14 2.68487e+34 3.83699e+19 4.39378e+38 
7.31723e+14 2.69733e+34 3.85334e+19 4.39618e+38 
7.32139e+14 2.70979e+34 3.8697e+19 4.39858e+38 
7.32555e+14 2.72226e+34 3.88605e+19 4.40098e+38 
7.32972e+14 2.73474e+34 3.90241e+19 4.40339e+38 
7.33389e+14 2.74722e+34 3.91875e+19 4.40579e+38 
7.33805e+14 2.75972e+34 3.9351e+19 4.4082e+38 
7.34223e+14 2.77222e+34 3.95144e+19 4.4106e+38 
7.3464e+14 2.78472e+34 3.96778e+19 4.41301e+38 
7.35058e+14 2.79723e+34 3.98412e+19 4.41541e+38 
7.35476e+14 2.80976e+34 4.00046e+19 4.41782e+38 
7.35894e+14 2.82228e+34 4.01679e+19 4.42023e+38 
7.36312e+14 2.83482e+34 4.03312e+19 4.42264e+38 
7.36731e+14 2.84736e+34 4.04945e+19 4.42505e+38 
7.3715e+14 2.85991e+34 4.06577e+19 4.42746e+38 
7.37569e+14 2.87246e+34 4.0821e+19 4.42988e+38 
7.37988e+14 2.88503e+34 4.09842e+19 4.43229e+38 
7.38408e+14 2.8976e+34 4.11473e+19 4.43471e+38 
7.38828e+14 2.91018e+34 4.13105e+19 4.43712e+38 
7.39248e+14 2.92276e+34 4.14736e+19 4.43954e+38 
7.39668e+14 2.93535e+34 4.16367e+19 4.44196e+38 
7.40089e+14 2.94795e+34 4.17998e+19 4.44437e+38 
7.40509e+14 2.96056e+34 4.19628e+19 4.44679e+38 
7.4093e+14 2.97317e+34 4.21258e+19 4.44921e+38 
7.41352e+14 2.98579e+34 4.22888e+19 4.45164e+38 
7.41773e+14 2.99842e+34 4.24518e+19 4.45406e+38 
7.42195e+14 3.01105e+34 4.26147e+19 4.45648e+38 
7.42617e+14 3.0237e+34 4.27776e+19 4.45891e+38 
7.43039e+14 3.03634e+34 4.29405e+19 4.46133e+38 
7.43462e+14 3.049e+34 4.31034e+19 4.46376e+38 
7.43884e+14 3.06166e+34 4.32662e+19 4.46618e+38 
7.44307e+14 3.07434e+34 4.34291e+19 4.46861e+38 
7.44731e+14 3.08701e+34 4.35918e+19 4.47104e+38 
7.45154e+14 3.0997e+34 4.37546e+19 4.47347e+38 
7.45578e+14 3.11239e+34 4.39174e+19 4.4759e+38 
7.46002e+14 3.12509e+34 4.40801e+19 4.47833e+38 
7.46426e+14 3.1378e+34 4.42428e+19 4.48077e+38 
7.4685e+14 3.15051e+34 4.44054e+19 4.4832e+38 
7.47275e+14 3.16323e+34 4.45681e+19 4.48563e+38 
7.477e+14 3.17596e+34 4.47307e+19 4.48807e+38 
7.48125e+14 3.1887e+34 4.48933e+19 4.4905e+38 
7.4855e+14 3.20144e+34 4.50558e+19 4.49294e+38 
7.48976e+14 3.21419e+34 4.52184e+19 4.49538e+38 
7.49401e+14 3.22695e+34 4.53809e+19 4.49782e+38 
7.49828e+14 3.23971e+34 4.55433e+19 4.50026e+38 
7.50254e+14 3.25248e+34 4.57058e+19 4.5027e+38 
7.5068e+14 3.26526e+34 4.58682e+19 4.50514e+38 
7.51107e+14 3.27805e+34 4.60307e+19 4.50759e+38 
7.51534e+14 3.29084e+34 4.6193e+19 4.51003e+38 
7.51962e+14 3.30365e+34 4.63554e+19 4.51247e+38 
7.52389e+14 3.31645e+34 4.65177e+19 4.51492e+38 
7.52817e+14 3.32927e+34 4.668e+19 4.51737e+38 
7.53245e+14 3.34209e+34 4.68423e+19 4.51982e+38 
7.53673e+14 3.35492e+34 4.70046e+19 4.52226e+38 
7.54102e+14 3.36776e+34 4.71668e+19 4.52471e+38 
7.5453e+14 3.3806e+34 4.7329e+19 4.52716e+38 
7.54959e+14 3.39346e+34 4.74912e+19 4.52962e+38 
7.55389e+14 3.40632e+34 4.76534e+19 4.53207e+38 
7.55818e+14 3.41918e+34 4.78155e+19 4.53452e+38 
7.56248e+14 3.43206e+34 4.79776e+19 4.53698e+38 
7.56678e+14 3.44494e+34 4.81397e+19 4.53943e+38 
7.57108e+14 3.45783e+34 4.83018e+19 4.54189e+38 
7.57539e+14 3.47072e+34 4.84638e+19 4.54434e+38 
7.57969e+14 3.48363e+34 4.86258e+19 4.5468e+38 
7.584e+14 3.49654e+34 4.87878e+19 4.54926e+38 
7.58831e+14 3.50946e+34 4.89498e+19 4.55172e+38 
7.59263e+14 3.52238e+34 4.91117e+19 4.55418e+38 
7.59695e+14 3.53531e+34 4.92736e+19 4.55665e+38 
7.60126e+14 3.54825e+34 4.94355e+19 4.55911e+38 
7.60559e+14 3.5612e+34 4.95974e+19 4.56157e+38 
7.60991e+14 3.57416e+34 4.97592e+19 4.56404e+38 
7.61424e+14 3.58712e+34 4.9921e+19 4.5665e+38 
7.61857e+14 3.60009e+34 5.00828e+19 4.56897e+38 
7.6229e+14 3.61306e+34 5.02446e+19 4.57144e+38 
7.62723e+14 3.62605e+34 5.04063e+19 4.57391e+38 
7.63157e+14 3.63904e+34 5.05681e+19 4.57638e+38 
7.63591e+14 3.65204e+34 5.07298e+19 4.57885e+38 
7.64025e+14 3.66505e+34 5.08914e+19 4.58132e+38 
7.64459e+14 3.67806e+34 5.10531e+19 4.58379e+38 
7.64894e+14 3.69108e+34 5.12147e+19 4.58626e+38 
7.65329e+14 3.70411e+34 5.13763e+19 4.58874e+38 
7.65764e+14 3.71715e+34 5.15379e+19 4.59121e+38 
7.66199e+14 3.73019e+34 5.16994e+19 4.59369e+38 
7.66635e+14 3.74324e+34 5.18609e+19 4.59617e+38 
7.67071e+14 3.7563e+34 5.20224e+19 4.59865e+38 
7.67507e+14 3.76936e+34 5.21839e+19 4.60113e+38 
7.67943e+14 3.78244e+34 5.23453e+19 4.60361e+38 
7.6838e+14 3.79552e+34 5.25068e+19 4.60609e+38 
7.68817e+14 3.80861e+34 5.26682e+19 4.60857e+38 
7.69254e+14 3.8217e+34 5.28295e+19 4.61105e+38 
7.69691e+14 3.8348e+34 5.29909e+19 4.61354e+38 
7.70129e+14 3.84791e+34 5.31522e+19 4.61602e+38 
7.70567e+14 3.86103e+34 5.33135e+19 4.61851e+38 
7.71005e+14 3.87416e+34 5.34748e+19 4.62099e+38 
7.71443e+14 3.88729e+34 5.36361e+19 4.62348e+38 
7.71882e+14 3.90043e+34 5.37973e+19 4.62597e+38 
7.72321e+14 3.91358e+34 5.39585e+19 4.62846e+38 
7.7276e+14 3.92673e+34 5.41197e+19 4.63095e+38 
7.73199e+14 3.9399e+34 5.42808e+19 4.63344e+38 
7.73639e+14 3.95307e+34 5.4442e+19 4.63594e+38 
7.74079e+14 3.96624e+34 5.46031e+19 4.63843e+38 
7.74519e+14 3.97943e+34 5.47642e+19 4.64093e+38 
7.74959e+14 3.99262e+34 5.49252e+19 4.64342e+38 
7.754e+14 4.00582e+34 5.50863e+19 4.64592e+38 
7.75841e+14 4.01903e+34 5.52473e+19 4.64842e+38 
7.76282e+14 4.03224e+34 5.54083e+19 4.65091e+38 
7.76723e+14 4.04547e+34 5.55693e+19 4.65341e+38 
7.77165e+14 4.0587e+34 5.57302e+19 4.65591e+38 
7.77607e+14 4.07193e+34 5.58911e+19 4.65842e+38 
7.78049e+14 4.08518e+34 5.6052e+19 4.66092e+38 
7.78491e+14 4.09843e+34 5.62129e+19 4.66342e+38 
7.78934e+14 4.11169e+34 5.63738e+19 4.66593e+38 
7.79377e+14 4.12496e+34 5.65346e+19 4.66843e+38 
7.7982e+14 4.13824e+34 5.66954e+19 4.67094e+38 
7.80263e+14 4.15152e+34 5.68562e+19 4.67345e+38 
7.80707e+14 4.16481e+34 5.70169e+19 4.67595e+38 
7.81151e+14 4.17811e+34 5.71776e+19 4.67846e+38 
7.81595e+14 4.19141e+34 5.73384e+19 4.68097e+38 
7.82039e+14 4.20473e+34 5.7499e+19 4.68349e+38 
7.82484e+14 4.21805e+34 5.76597e+19 4.686e+38 
7.82929e+14 4.23137e+34 5.78203e+19 4.68851e+38 
7.83374e+14 4.24471e+34 5.79809e+19 4.69103e+38 
7.83819e+14 4.25805e+34 5.81415e+19 4.69354e+38 
7.84265e+14 4.2714e+34 5.83021e+19 4.69606e+38 
7.84711e+14 4.28476e+34 5.84626e+19 4.69857e+38 
7.85157e+14 4.29813e+34 5.86232e+19 4.70109e+38 
7.85603e+14 4.3115e+34 5.87837e+19 4.70361e+38 
7.8605e+14 4.32488e+34 5.89441e+19 4.70613e+38 
7.86497e+14 4.33827e+34 5.91046e+19 4.70865e+38 
7.86944e+14 4.35167e+34 5.9265e+19 4.71118e+38 
7.87392e+14 4.36507e+34 5.94254e+19 4.7137e+38 
7.87839e+14 4.37849e+34 5.95858e+19 4.71622e+38 
7.88287e+14 4.39191e+34 5.97461e+19 4.71875e+38 
7.88735e+14 4.40533e+34 5.99065e+19 4.72127e+38 
7.89184e+14 4.41877e+34 6.00668e+19 4.7238e+38 
7.89633e+14 4.43221e+34 6.02271e+19 4.72633e+38 
7.90081e+14 4.44566e+34 6.03873e+19 4.72886e+38 
7.90531e+14 4.45912e+34 6.05476e+19 4.73139e+38 
7.9098e+14 4.47258e+34 6.07078e+19 4.73392e+38 
7.9143e+14 4.48606e+34 6.0868e+19 4.73645e+38 
7.9188e+14 4.49954e+34 6.10282e+19 4.73898e+38 
7.9233e+14 4.51303e+34 6.11883e+19 4.74152e+38 
7.92781e+14 4.52652e+34 6.13484e+19 4.74405e+38 
7.93231e+14 4.54002e+34 6.15085e+19 4.74659e+38 
7.93682e+14 4.55354e+34 6.16686e+19 4.74913e+38 
7.94134e+14 4.56706e+34 6.18287e+19 4.75166e+38 
7.94585e+14 4.58058e+34 6.19887e+19 4.7542e+38 
7.95037e+14 4.59412e+34 6.21487e+19 4.75674e+38 
7.95489e+14 4.60766e+34 6.23087e+19 4.75928e+38 
7.95941e+14 4.62121e+34 6.24687e+19 4.76182e+38 
7.96394e+14 4.63477e+34 6.26286e+19 4.76437e+38 
7.96847e+14 4.64833e+34 6.27885e+19 4.76691e+38 
7.973e+14 4.6619e+34 6.29484e+19 4.76946e+38 
7.97753e+14 4.67548e+34 6.31083e+19 4.772e+38 
7.98206e+14 4.68907e+34 6.32681e+19 4.77455e+38 
7.9866e+14 4.70267e+34 6.3428e+19 4.7771e+38 
7.99114e+14 4.71627e+34 6.35878e+19 4.77965e+38 
7.99569e+14 4.72988e+34 6.37475e+19 4.7822e+38 
8.00023e+14 4.7435e+34 6.39073e+19 4.78475e+38 
8.00478e+14 4.75713e+34 6.4067e+19 4.7873e+38 
8.00933e+14 4.77077e+34 6.42267e+19 4.78985e+38 
8.01389e+14 4.78441e+34 6.43864e+19 4.79241e+38 
8.01844e+14 4.79806e+34 6.45461e+19 4.79496e+38 
8.023e+14 4.81172e+34 6.47057e+19 4.79752e+38 
8.02756e+14 4.82538e+34 6.48654e+19 4.80007e+38 
8.03213e+14 4.83906e+34 6.5025e+19 4.80263e+38 
8.03669e+14 4.85274e+34 6.51845e+19 4.80519e+38 
8.04126e+14 4.86643e+34 6.53441e+19 4.80775e+38 
8.04584e+14 4.88012e+34 6.55036e+19 4.81031e+38 
8.05041e+14 4.89383e+34 6.56631e+19 4.81287e+38 
8.05499e+14 4.90754e+34 6.58226e+19 4.81543e+38 
8.05957e+14 4.92126e+34 6.59821e+19 4.818e+38 
8.06415e+14 4.93499e+34 6.61415e+19 4.82056e+38 
8.06873e+14 4.94872e+34 6.63009e+19 4.82313e+38 
8.07332e+14 4.96247e+34 6.64603e+19 4.8257e+38 
8.07791e+14 4.97622e+34 6.66197e+19 4.82826e+38 
8.08251e+14 4.98998e+34 6.6779e+19 4.83083e+38 
8.0871e+14 5.00375e+34 6.69384e+19 4.8334e+38 
8.0917e+14 5.01752e+34 6.70977e+19 4.83597e+38 
8.0963e+14 5.0313e+34 6.7257e+19 4.83855e+38 
8.1009e+14 5.04509e+34 6.74162e+19 4.84112e+38 
8.10551e+14 5.05889e+34 6.75755e+19 4.84369e+38 
8.11012e+14 5.0727e+34 6.77347e+19 4.84627e+38 
8.11473e+14 5.08651e+34 6.78939e+19 4.84884e+38 
8.11934e+14 5.10034e+34 6.8053e+19 4.85142e+38 
8.12396e+14 5.11417e+34 6.82122e+19 4.854e+38 
8.12858e+14 5.128e+34 6.83713e+19 4.85658e+38 
8.1332e+14 5.14185e+34 6.85304e+19 4.85916e+38 
8.13782e+14 5.1557e+34 6.86895e+19 4.86174e+38 
8.14245e+14 5.16956e+34 6.88486e+19 4.86432e+38 
8.14708e+14 5.18343e+34 6.90076e+19 4.8669e+38 
8.15171e+14 5.19731e+34 6.91666e+19 4.86949e+38 
8.15635e+14 5.21119e+34 6.93256e+19 4.87207e+38 
8.16098e+14 5.22509e+34 6.94846e+19 4.87466e+38 
8.16562e+14 5.23899e+34 6.96435e+19 4.87724e+38 
8.17027e+14 5.2529e+34 6.98025e+19 4.87983e+38 
8.17491e+14 5.26681e+34 6.99614e+19 4.88242e+38 
8.17956e+14 5.28074e+34 7.01202e+19 4.88501e+38 
8.18421e+14 5.29467e+34 7.02791e+19 4.8876e+38 
8.18886e+14 5.30861e+34 7.04379e+19 4.89019e+38 
8.19352e+14 5.32256e+34 7.05968e+19 4.89279e+38 
8.19818e+14 5.33652e+34 7.07556e+19 4.89538e+38 
8.20284e+14 5.35048e+34 7.09143e+19 4.89798e+38 
8.2075e+14 5.36445e+34 7.10731e+19 4.90057e+38 
8.21217e+14 5.37843e+34 7.12318e+19 4.90317e+38 
8.21684e+14 5.39242e+34 7.13905e+19 4.90577e+38 
8.22151e+14 5.40642e+34 7.15492e+19 4.90837e+38 
8.22618e+14 5.42042e+34 7.17079e+19 4.91097e+38 
8.23086e+14 5.43443e+34 7.18665e+19 4.91357e+38 
8.23554e+14 5.44845e+34 7.20251e+19 4.91617e+38 
8.24022e+14 5.46248e+34 7.21837e+19 4.91877e+38 
8.24491e+14 5.47652e+34 7.23423e+19 4.92138e+38 
8.2496e+14 5.49056e+34 7.25009e+19 4.92398e+38 
8.25429e+14 5.50461e+34 7.26594e+19 4.92659e+38 
8.25898e+14 5.51867e+34 7.28179e+19 4.9292e+38 
8.26368e+14 5.53274e+34 7.29764e+19 4.93181e+38 
8.26837e+14 5.54681e+34 7.31349e+19 4.93442e+38 
8.27308e+14 5.5609e+34 7.32933e+19 4.93703e+38 
8.27778e+14 5.57499e+34 7.34517e+19 4.93964e+38 
8.28249e+14 5.58909e+34 7.36101e+19 4.94225e+38 
8.28719e+14 5.6032e+34 7.37685e+19 4.94486e+38 
8.29191e+14 5.61731e+34 7.39269e+19 4.94748e+38 
8.29662e+14 5.63144e+34 7.40852e+19 4.95009e+38 
8.30134e+14 5.64557e+34 7.42435e+19 4.95271e+38 
8.30606e+14 5.65971e+34 7.44018e+19 4.95533e+38 
8.31078e+14 5.67386e+34 7.45601e+19 4.95795e+38 
8.31551e+14 5.68801e+34 7.47183e+19 4.96057e+38 
8.32023e+14 5.70218e+34 7.48766e+19 4.96319e+38 
8.32496e+14 5.71635e+34 7.50348e+19 4.96581e+38 
8.3297e+14 5.73053e+34 7.5193e+19 4.96843e+38 
8.33443e+14 5.74472e+34 7.53511e+19 4.97105e+38 
8.33917e+14 5.75891e+34 7.55093e+19 4.97368e+38 
8.34391e+14 5.77312e+34 7.56674e+19 4.97631e+38 
8.34866e+14 5.78733e+34 7.58255e+19 4.97893e+38 
8.3534e+14 5.80155e+34 7.59836e+19 4.98156e+38 
8.35815e+14 5.81578e+34 7.61416e+19 4.98419e+38 
8.36291e+14 5.83002e+34 7.62997e+19 4.98682e+38 
8.36766e+14 5.84426e+34 7.64577e+19 4.98945e+38 
8.37242e+14 5.85851e+34 7.66157e+19 4.99208e+38 
8.37718e+14 5.87277e+34 7.67737e+19 4.99472e+38 
8.38194e+14 5.88704e+34 7.69316e+19 4.99735e+38 
8.38671e+14 5.90132e+34 7.70895e+19 4.99998e+38 
8.39148e+14 5.91561e+34 7.72475e+19 5.00262e+38 
8.39625e+14 5.9299e+34 7.74053e+19 5.00526e+38 
8.40102e+14 5.9442e+34 7.75632e+19 5.0079e+38 
8.4058e+14 5.95851e+34 7.77211e+19 5.01054e+38 
8.41058e+14 5.97283e+34 7.78789e+19 5.01318e+38 
8.41536e+14 5.98715e+34 7.80367e+19 5.01582e+38 
8.42014e+14 6.00149e+34 7.81945e+19 5.01846e+38 
8.42493e+14 6.01583e+34 7.83522e+19 5.0211e+38 
8.42972e+14 6.03018e+34 7.851e+19 5.02375e+38 
8.43451e+14 6.04454e+34 7.86677e+19 5.02639e+38 
8.43931e+14 6.05891e+34 7.88254e+19 5.02904e+38 
8.44411e+14 6.07328e+34 7.89831e+19 5.03169e+38 
8.44891e+14 6.08766e+34 7.91407e+19 5.03434e+38 
8.45371e+14 6.10206e+34 7.92984e+19 5.03698e+38 
8.45852e+14 6.11646e+34 7.9456e+19 5.03964e+38 
8.46333e+14 6.13086e+34 7.96136e+19 5.04229e+38 
8.46814e+14 6.14528e+34 7.97711e+19 5.04494e+38 
8.47295e+14 6.1597e+34 7.99287e+19 5.04759e+38 
8.47777e+14 6.17413e+34 8.00862e+19 5.05025e+38 
8.48259e+14 6.18858e+34 8.02437e+19 5.0529e+38 
8.48741e+14 6.20302e+34 8.04012e+19 5.05556e+38 
8.49224e+14 6.21748e+34 8.05587e+19 5.05822e+38 
8.49707e+14 6.23195e+34 8.07161e+19 5.06088e+38 
8.5019e+14 6.24642e+34 8.08736e+19 5.06354e+38 
8.50673e+14 6.2609e+34 8.1031e+19 5.0662e+38 
8.51157e+14 6.27539e+34 8.11884e+19 5.06886e+38 
8.51641e+14 6.28989e+34 8.13457e+19 5.07153e+38 
8.52125e+14 6.30439e+34 8.15031e+19 5.07419e+38 
8.5261e+14 6.31891e+34 8.16604e+19 5.07686e+38 
8.53094e+14 6.33343e+34 8.18177e+19 5.07952e+38 
8.53579e+14 6.34796e+34 8.1975e+19 5.08219e+38 
8.54065e+14 6.3625e+34 8.21322e+19 5.08486e+38 
8.5455e+14 6.37705e+34 8.22895e+19 5.08753e+38 
8.55036e+14 6.39161e+34 8.24467e+19 5.0902e+38 
8.55522e+14 6.40617e+34 8.26039e+19 5.09287e+38 
8.56009e+14 6.42074e+34 8.27611e+19 5.09554e+38 
8.56495e+14 6.43532e+34 8.29182e+19 5.09822e+38 
8.56982e+14 6.44991e+34 8.30754e+19 5.10089e+38 
8.5747e+14 6.46451e+34 8.32325e+19 5.10357e+38 
8.57957e+14 6.47911e+34 8.33896e+19 5.10624e+38 
8.58445e+14 6.49373e+34 8.35466e+19 5.10892e+38 
8.58933e+14 6.50835e+34 8.37037e+19 5.1116e+38 
8.59421e+14 6.52298e+34 8.38607e+19 5.11428e+38 
8.5991e+14 6.53762e+34 8.40177e+19 5.11696e+38 
8.60399e+14 6.55227e+34 8.41747e+19 5.11964e+38 
8.60888e+14 6.56692e+34 8.43317e+19 5.12233e+38 
8.61378e+14 6.58159e+34 8.44887e+19 5.12501e+38 
8.61867e+14 6.59626e+34 8.46456e+19 5.1277e+38 
8.62357e+14 6.61094e+34 8.48025e+19 5.13038e+38 
8.62848e+14 6.62563e+34 8.49594e+19 5.13307e+38 
8.63338e+14 6.64032e+34 8.51163e+19 5.13576e+38 
8.63829e+14 6.65503e+34 8.52731e+19 5.13845e+38 
8.6432e+14 6.66974e+34 8.54299e+19 5.14114e+38 
8.64812e+14 6.68447e+34 8.55868e+19 5.14383e+38 
8.65303e+14 6.6992e+34 8.57435e+19 5.14652e+38 
8.65795e+14 6.71393e+34 8.59003e+19 5.14922e+38 
8.66288e+14 6.72868e+34 8.60571e+19 5.15191e+38 
8.6678e+14 6.74344e+34 8.62138e+19 5.15461e+38 
8.67273e+14 6.7582e+34 8.63705e+19 5.1573e+38 
8.67766e+14 6.77297e+34 8.65272e+19 5.16e+38 
8.68259e+14 6.78776e+34 8.66839e+19 5.1627e+38 
8.68753e+14 6.80254e+34 8.68405e+19 5.1654e+38 
8.69247e+14 6.81734e+34 8.69971e+19 5.1681e+38 
8.69741e+14 6.83215e+34 8.71537e+19 5.17081e+38 
8.70236e+14 6.84696e+34 8.73103e+19 5.17351e+38 
8.70731e+14 6.86179e+34 8.74669e+19 5.17621e+38 
8.71226e+14 6.87662e+34 8.76234e+19 5.17892e+38 
8.71721e+14 6.89146e+34 8.778e+19 5.18163e+38 
8.72217e+14 6.90631e+34 8.79365e+19 5.18433e+38 
8.72712e+14 6.92116e+34 8.8093e+19 5.18704e+38 
8.73209e+14 6.93603e+34 8.82494e+19 5.18975e+38 
8.73705e+14 6.9509e+34 8.84059e+19 5.19246e+38 
8.74202e+14 6.96578e+34 8.85623e+19 5.19517e+38 
8.74699e+14 6.98067e+34 8.87187e+19 5.19789e+38 
8.75196e+14 6.99557e+34 8.88751e+19 5.2006e+38 
8.75694e+14 7.01048e+34 8.90315e+19 5.20332e+38 
8.76192e+14 7.0254e+34 8.91878e+19 5.20603e+38 
8.7669e+14 7.04032e+34 8.93441e+19 5.20875e+38 
8.77188e+14 7.05525e+34 8.95004e+19 5.21147e+38 
8.77687e+14 7.07019e+34 8.96567e+19 5.21419e+38 
8.78186e+14 7.08514e+34 8.9813e+19 5.21691e+38 
8.78685e+14 7.1001e+34 8.99692e+19 5.21963e+38 
8.79185e+14 7.11507e+34 9.01255e+19 5.22235e+38 
8.79685e+14 7.13004e+34 9.02817e+19 5.22508e+38 
8.80185e+14 7.14503e+34 9.04379e+19 5.2278e+38 
8.80685e+14 7.16002e+34 9.0594e+19 5.23053e+38 
8.81186e+14 7.17502e+34 9.07502e+19 5.23325e+38 
8.81687e+14 7.19003e+34 9.09063e+19 5.23598e+38 
8.82189e+14 7.20505e+34 9.10624e+19 5.23871e+38 
8.8269e+14 7.22008e+34 9.12185e+19 5.24144e+38 
8.83192e+14 7.23511e+34 9.13746e+19 5.24417e+38 
8.83694e+14 7.25015e+34 9.15306e+19 5.24691e+38 
8.84197e+14 7.26521e+34 9.16867e+19 5.24964e+38 
8.84699e+14 7.28027e+34 9.18427e+19 5.25237e+38 
8.85202e+14 7.29534e+34 9.19987e+19 5.25511e+38 
8.85706e+14 7.31042e+34 9.21546e+19 5.25785e+38 
8.86209e+14 7.3255e+34 9.23106e+19 5.26058e+38 
8.86713e+14 7.3406e+34 9.24665e+19 5.26332e+38 
8.87217e+14 7.3557e+34 9.26224e+19 5.26606e+38 
8.87722e+14 7.37081e+34 9.27783e+19 5.2688e+38 
8.88226e+14 7.38593e+34 9.29342e+19 5.27154e+38 
8.88731e+14 7.40106e+34 9.309e+19 5.27429e+38 
8.89237e+14 7.4162e+34 9.32459e+19 5.27703e+38 
8.89742e+14 7.43135e+34 9.34017e+19 5.27978e+38 
8.90248e+14 7.4465e+34 9.35575e+19 5.28252e+38 
8.90754e+14 7.46167e+34 9.37133e+19 5.28527e+38 
8.91261e+14 7.47684e+34 9.3869e+19 5.28802e+38 
8.91767e+14 7.49202e+34 9.40248e+19 5.29077e+38 
8.92274e+14 7.50721e+34 9.41805e+19 5.29352e+38 
8.92782e+14 7.52241e+34 9.43362e+19 5.29627e+38 
8.93289e+14 7.53761e+34 9.44919e+19 5.29902e+38 
8.93797e+14 7.55283e+34 9.46475e+19 5.30178e+38 
8.94305e+14 7.56805e+34 9.48032e+19 5.30453e+38 
8.94814e+14 7.58329e+34 9.49588e+19 5.30729e+38 
8.95323e+14 7.59853e+34 9.51144e+19 5.31005e+38 
8.95832e+14 7.61378e+34 9.527e+19 5.31281e+38 
8.96341e+14 7.62904e+34 9.54255e+19 5.31557e+38 
8.96851e+14 7.64431e+34 9.55811e+19 5.31833e+38 
8.97361e+14 7.65958e+34 9.57366e+19 5.32109e+38 
8.97871e+14 7.67487e+34 9.58921e+19 5.32385e+38 
8.98381e+14 7.69016e+34 9.60476e+19 5.32661e+38 
8.98892e+14 7.70546e+34 9.62031e+19 5.32938e+38 
8.99403e+14 7.72077e+34 9.63585e+19 5.33214e+38 
8.99915e+14 7.73609e+34 9.65139e+19 5.33491e+38 
9.00426e+14 7.75142e+34 9.66693e+19 5.33768e+38 
9.00938e+14 7.76676e+34 9.68247e+19 5.34045e+38 
9.0145e+14 7.78211e+34 9.69801e+19 5.34322e+38 
9.01963e+14 7.79746e+34 9.71354e+19 5.34599e+38 
9.02476e+14 7.81282e+34 9.72908e+19 5.34876e+38 
9.02989e+14 7.8282e+34 9.74461e+19 5.35154e+38 
9.03502e+14 7.84358e+34 9.76014e+19 5.35431e+38 
9.04016e+14 7.85897e+34 9.77567e+19 5.35709e+38 
9.0453e+14 7.87436e+34 9.79119e+19 5.35987e+38 
9.05044e+14 7.88977e+34 9.80672e+19 5.36264e+38 
9.05559e+14 7.90519e+34 9.82224e+19 5.36542e+38 
9.06074e+14 7.92061e+34 9.83776e+19 5.3682e+38 
9.06589e+14 7.93605e+34 9.85328e+19 5.37098e+38 
9.07104e+14 7.95149e+34 9.86879e+19 5.37377e+38 
9.0762e+14 7.96694e+34 9.88431e+19 5.37655e+38 
9.08136e+14 7.9824e+34 9.89982e+19 5.37933e+38 
9.08652e+14 7.99787e+34 9.91533e+19 5.38212e+38 
9.09169e+14 8.01334e+34 9.93084e+19 5.38491e+38 
9.09686e+14 8.02883e+34 9.94634e+19 5.3877e+38 
9.10203e+14 8.04433e+34 9.96185e+19 5.39048e+38 
9.10721e+14 8.05983e+34 9.97735e+19 5.39327e+38 
9.11238e+14 8.07534e+34 9.99285e+19 5.39607e+38 
9.11757e+14 8.09086e+34 1.00084e+20 5.39886e+38 
9.12275e+14 8.10639e+34 1.00238e+20 5.40165e+38 
9.12794e+14 8.12193e+34 1.00393e+20 5.40445e+38 
9.13313e+14 8.13748e+34 1.00548e+20 5.40724e+38 
9.13832e+14 8.15304e+34 1.00703e+20 5.41004e+38 
9.14351e+14 8.1686e+34 1.00858e+20 5.41284e+38 
9.14871e+14 8.18418e+34 1.01013e+20 5.41564e+38 
9.15391e+14 8.19976e+34 1.01168e+20 5.41844e+38 
9.15912e+14 8.21535e+34 1.01323e+20 5.42124e+38 
9.16433e+14 8.23095e+34 1.01478e+20 5.42404e+38 
9.16954e+14 8.24656e+34 1.01632e+20 5.42684e+38 
9.17475e+14 8.26218e+34 1.01787e+20 5.42965e+38 
9.17997e+14 8.27781e+34 1.01942e+20 5.43245e+38 
9.18519e+14 8.29345e+34 1.02097e+20 5.43526e+38 
9.19041e+14 8.30909e+34 1.02251e+20 5.43807e+38 
9.19563e+14 8.32475e+34 1.02406e+20 5.44088e+38 
9.20086e+14 8.34041e+34 1.02561e+20 5.44369e+38 
9.20609e+14 8.35608e+34 1.02716e+20 5.4465e+38 
9.21133e+14 8.37176e+34 1.0287e+20 5.44931e+38 
9.21657e+14 8.38745e+34 1.03025e+20 5.45212e+38 
9.22181e+14 8.40315e+34 1.03179e+20 5.45494e+38 
9.22705e+14 8.41886e+34 1.03334e+20 5.45775e+38 
9.23229e+14 8.43458e+34 1.03489e+20 5.46057e+38 
9.23754e+14 8.4503e+34 1.03643e+20 5.46339e+38 
9.2428e+14 8.46604e+34 1.03798e+20 5.46621e+38 
9.24805e+14 8.48178e+34 1.03952e+20 5.46903e+38 
9.25331e+14 8.49753e+34 1.04107e+20 5.47185e+38 
9.25857e+14 8.51329e+34 1.04261e+20 5.47467e+38 
9.26383e+14 8.52906e+34 1.04416e+20 5.4775e+38 
9.2691e+14 8.54484e+34 1.0457e+20 5.48032e+38 
9.27437e+14 8.56063e+34 1.04725e+20 5.48315e+38 
9.27964e+14 8.57643e+34 1.04879e+20 5.48597e+38 
9.28492e+14 8.59223e+34 1.05033e+20 5.4888e+38 
9.2902e+14 8.60805e+34 1.05188e+20 5.49163e+38 
9.29548e+14 8.62387e+34 1.05342e+20 5.49446e+38 
9.30077e+14 8.63971e+34 1.05496e+20 5.49729e+38 
9.30605e+14 8.65555e+34 1.05651e+20 5.50012e+38 
9.31135e+14 8.6714e+34 1.05805e+20 5.50296e+38 
9.31664e+14 8.68726e+34 1.05959e+20 5.50579e+38 
9.32194e+14 8.70313e+34 1.06114e+20 5.50863e+38 
9.32724e+14 8.71901e+34 1.06268e+20 5.51147e+38 
9.33254e+14 8.7349e+34 1.06422e+20 5.5143e+38 
9.33785e+14 8.75079e+34 1.06576e+20 5.51714e+38 
9.34316e+14 8.7667e+34 1.06731e+20 5.51998e+38 
9.34847e+14 8.78261e+34 1.06885e+20 5.52283e+38 
9.35378e+14 8.79854e+34 1.07039e+20 5.52567e+38 
9.3591e+14 8.81447e+34 1.07193e+20 5.52851e+38 
9.36442e+14 8.83041e+34 1.07347e+20 5.53136e+38 
9.36975e+14 8.84636e+34 1.07501e+20 5.5342e+38 
9.37507e+14 8.86232e+34 1.07655e+20 5.53705e+38 
9.3804e+14 8.87829e+34 1.07809e+20 5.5399e+38 
9.38574e+14 8.89427e+34 1.07963e+20 5.54275e+38 
9.39107e+14 8.91025e+34 1.08118e+20 5.5456e+38 
9.39641e+14 8.92625e+34 1.08272e+20 5.54845e+38 
9.40176e+14 8.94225e+34 1.08426e+20 5.5513e+38 
9.4071e+14 8.95827e+34 1.08579e+20 5.55416e+38 
9.41245e+14 8.97429e+34 1.08733e+20 5.55701e+38 
9.4178e+14 8.99032e+34 1.08887e+20 5.55987e+38 
9.42316e+14 9.00637e+34 1.09041e+20 5.56273e+38 
9.42851e+14 9.02242e+34 1.09195e+20 5.56558e+38 
9.43387e+14 9.03848e+34 1.09349e+20 5.56844e+38 
9.43924e+14 9.05455e+34 1.09503e+20 5.5713e+38 
9.4446e+14 9.07062e+34 1.09657e+20 5.57417e+38 
9.44997e+14 9.08671e+34 1.09811e+20 5.57703e+38 
9.45535e+14 9.10281e+34 1.09965e+20 5.57989e+38 
9.46072e+14 9.11891e+34 1.10118e+20 5.58276e+38 
9.4661e+14 9.13503e+34 1.10272e+20 5.58563e+38 
9.47148e+14 9.15115e+34 1.10426e+20 5.58849e+38 
9.47687e+14 9.16728e+34 1.1058e+20 5.59136e+38 
9.48226e+14 9.18343e+34 1.10733e+20 5.59423e+38 
9.48765e+14 9.19958e+34 1.10887e+20 5.5971e+38 
9.49304e+14 9.21574e+34 1.11041e+20 5.59997e+38 
9.49844e+14 9.23191e+34 1.11194e+20 5.60285e+38 
9.50384e+14 9.24809e+34 1.11348e+20 5.60572e+38 
9.50924e+14 9.26428e+34 1.11502e+20 5.6086e+38 
9.51465e+14 9.28047e+34 1.11655e+20 5.61147e+38 
9.52006e+14 9.29668e+34 1.11809e+20 5.61435e+38 
9.52547e+14 9.3129e+34 1.11963e+20 5.61723e+38 
9.53089e+14 9.32912e+34 1.12116e+20 5.62011e+38 
9.53631e+14 9.34535e+34 1.1227e+20 5.62299e+38 
9.54173e+14 9.3616e+34 1.12423e+20 5.62588e+38 
9.54716e+14 9.37785e+34 1.12577e+20 5.62876e+38 
9.55258e+14 9.39411e+34 1.1273e+20 5.63164e+38 
9.55801e+14 9.41038e+34 1.12884e+20 5.63453e+38 
9.56345e+14 9.42666e+34 1.13037e+20 5.63742e+38 
9.56889e+14 9.44295e+34 1.13191e+20 5.64031e+38 
9.57433e+14 9.45925e+34 1.13344e+20 5.64319e+38 
9.57977e+14 9.47556e+34 1.13497e+20 5.64609e+38 
9.58522e+14 9.49188e+34 1.13651e+20 5.64898e+38 
9.59067e+14 9.50821e+34 1.13804e+20 5.65187e+38 
9.59612e+14 9.52454e+34 1.13958e+20 5.65476e+38 
9.60158e+14 9.54089e+34 1.14111e+20 5.65766e+38 
9.60704e+14 9.55724e+34 1.14264e+20 5.66055e+38 
9.6125e+14 9.57361e+34 1.14418e+20 5.66345e+38 
9.61796e+14 9.58998e+34 1.14571e+20 5.66635e+38 
9.62343e+14 9.60636e+34 1.14724e+20 5.66925e+38 
9.6289e+14 9.62275e+34 1.14877e+20 5.67215e+38 
9.63438e+14 9.63915e+34 1.15031e+20 5.67505e+38 
9.63985e+14 9.65556e+34 1.15184e+20 5.67796e+38 
9.64534e+14 9.67198e+34 1.15337e+20 5.68086e+38 
9.65082e+14 9.68841e+34 1.1549e+20 5.68377e+38 
9.65631e+14 9.70485e+34 1.15643e+20 5.68667e+38 
9.6618e+14 9.7213e+34 1.15796e+20 5.68958e+38 
9.66729e+14 9.73776e+34 1.1595e+20 5.69249e+38 
9.67279e+14 9.75422e+34 1.16103e+20 5.6954e+38 
9.67829e+14 9.7707e+34 1.16256e+20 5.69831e+38 
9.68379e+14 9.78719e+34 1.16409e+20 5.70122e+38 
9.68929e+14 9.80368e+34 1.16562e+20 5.70414e+38 
9.6948e+14 9.82018e+34 1.16715e+20 5.70705e+38 
9.70032e+14 9.8367e+34 1.16868e+20 5.70997e+38 
9.70583e+14 9.85322e+34 1.17021e+20 5.71288e+38 
9.71135e+14 9.86975e+34 1.17174e+20 5.7158e+38 
9.71687e+14 9.88629e+34 1.17327e+20 5.71872e+38 
9.7224e+14 9.90284e+34 1.1748e+20 5.72164e+38 
9.72792e+14 9.91941e+34 1.17633e+20 5.72456e+38 
9.73345e+14 9.93598e+34 1.17786e+20 5.72749e+38 
9.73899e+14 9.95255e+34 1.17939e+20 5.73041e+38 
9.74453e+14 9.96914e+34 1.18092e+20 5.73334e+38 
9.75007e+14 9.98574e+34 1.18245e+20 5.73626e+38 
9.75561e+14 1.00023e+35 1.18397e+20 5.73919e+38 
9.76116e+14 1.0019e+35 1.1855e+20 5.74212e+38 
9.76671e+14 1.00356e+35 1.18703e+20 5.74505e+38 
9.77226e+14 1.00522e+35 1.18856e+20 5.74798e+38 
9.77782e+14 1.00689e+35 1.19009e+20 5.75091e+38 
9.78337e+14 1.00855e+35 1.19161e+20 5.75385e+38 
9.78894e+14 1.01022e+35 1.19314e+20 5.75678e+38 
9.7945e+14 1.01189e+35 1.19467e+20 5.75972e+38 
9.80007e+14 1.01355e+35 1.1962e+20 5.76265e+38 
9.80564e+14 1.01522e+35 1.19772e+20 5.76559e+38 
9.81122e+14 1.01689e+35 1.19925e+20 5.76853e+38 
9.8168e+14 1.01857e+35 1.20078e+20 5.77147e+38 
9.82238e+14 1.02024e+35 1.2023e+20 5.77441e+38 
9.82796e+14 1.02191e+35 1.20383e+20 5.77735e+38 
9.83355e+14 1.02358e+35 1.20536e+20 5.7803e+38 
9.83914e+14 1.02526e+35 1.20688e+20 5.78324e+38 
9.84474e+14 1.02694e+35 1.20841e+20 5.78619e+38 
9.85033e+14 1.02861e+35 1.20993e+20 5.78914e+38 
9.85593e+14 1.03029e+35 1.21146e+20 5.79209e+38 
9.86154e+14 1.03197e+35 1.21298e+20 5.79504e+38 
9.86714e+14 1.03365e+35 1.21451e+20 5.79799e+38 
9.87275e+14 1.03533e+35 1.21603e+20 5.80094e+38 
9.87837e+14 1.03701e+35 1.21756e+20 5.80389e+38 
9.88398e+14 1.03869e+35 1.21908e+20 5.80685e+38 
9.8896e+14 1.04038e+35 1.22061e+20 5.8098e+38 
9.89523e+14 1.04206e+35 1.22213e+20 5.81276e+38 
9.90085e+14 1.04375e+35 1.22366e+20 5.81572e+38 
9.90648e+14 1.04543e+35 1.22518e+20 5.81868e+38 
9.91211e+14 1.04712e+35 1.2267e+20 5.82164e+38 
9.91775e+14 1.04881e+35 1.22823e+20 5.8246e+38 
9.92339e+14 1.0505e+35 1.22975e+20 5.82756e+38 
9.92903e+14 1.05219e+35 1.23127e+20 5.83053e+38 
9.93468e+14 1.05388e+35 1.2328e+20 5.83349e+38 
9.94032e+14 1.05557e+35 1.23432e+20 5.83646e+38 
9.94598e+14 1.05727e+35 1.23584e+20 5.83942e+38 
9.95163e+14 1.05896e+35 1.23737e+20 5.84239e+38 
9.95729e+14 1.06066e+35 1.23889e+20 5.84536e+38 
9.96295e+14 1.06235e+35 1.24041e+20 5.84833e+38 
9.96862e+14 1.06405e+35 1.24193e+20 5.85131e+38 
9.97428e+14 1.06575e+35 1.24346e+20 5.85428e+38 
9.97995e+14 1.06745e+35 1.24498e+20 5.85725e+38 
9.98563e+14 1.06915e+35 1.2465e+20 5.86023e+38 
9.99131e+14 1.07085e+35 1.24802e+20 5.86321e+38 
9.99699e+14 1.07255e+35 1.24954e+20 5.86619e+38 
1.00027e+15 1.07425e+35 1.25106e+20 5.86916e+38 
1.00084e+15 1.07595e+35 1.25258e+20 5.87214e+38 
1.0014e+15 1.07766e+35 1.2541e+20 5.87513e+38 
1.00197e+15 1.07936e+35 1.25563e+20 5.87811e+38 
1.00254e+15 1.08107e+35 1.25715e+20 5.88109e+38 
1.00311e+15 1.08278e+35 1.25867e+20 5.88408e+38 
1.00368e+15 1.08449e+35 1.26019e+20 5.88707e+38 
1.00425e+15 1.0862e+35 1.26171e+20 5.89005e+38 
1.00483e+15 1.08791e+35 1.26323e+20 5.89304e+38 
1.0054e+15 1.08962e+35 1.26475e+20 5.89603e+38 
1.00597e+15 1.09133e+35 1.26627e+20 5.89902e+38 
1.00654e+15 1.09305e+35 1.26778e+20 5.90202e+38 
1.00711e+15 1.09476e+35 1.2693e+20 5.90501e+38 
1.00769e+15 1.09648e+35 1.27082e+20 5.908e+38 
1.00826e+15 1.09819e+35 1.27234e+20 5.911e+38 
1.00883e+15 1.09991e+35 1.27386e+20 5.914e+38 
1.00941e+15 1.10163e+35 1.27538e+20 5.917e+38 
1.00998e+15 1.10335e+35 1.2769e+20 5.92e+38 
1.01055e+15 1.10507e+35 1.27842e+20 5.923e+38 
1.01113e+15 1.10679e+35 1.27993e+20 5.926e+38 
1.0117e+15 1.10851e+35 1.28145e+20 5.929e+38 
1.01228e+15 1.11023e+35 1.28297e+20 5.93201e+38 
1.01285e+15 1.11196e+35 1.28449e+20 5.93501e+38 
1.01343e+15 1.11368e+35 1.286e+20 5.93802e+38 
1.01401e+15 1.11541e+35 1.28752e+20 5.94103e+38 
1.01458e+15 1.11714e+35 1.28904e+20 5.94404e+38 
1.01516e+15 1.11887e+35 1.29056e+20 5.94705e+38 
1.01574e+15 1.12059e+35 1.29207e+20 5.95006e+38 
1.01631e+15 1.12232e+35 1.29359e+20 5.95307e+38 
1.01689e+15 1.12406e+35 1.29511e+20 5.95609e+38 
1.01747e+15 1.12579e+35 1.29662e+20 5.9591e+38 
1.01805e+15 1.12752e+35 1.29814e+20 5.96212e+38 
1.01863e+15 1.12925e+35 1.29965e+20 5.96513e+38 
1.01921e+15 1.13099e+35 1.30117e+20 5.96815e+38 
1.01979e+15 1.13273e+35 1.30269e+20 5.97117e+38 
1.02037e+15 1.13446e+35 1.3042e+20 5.97419e+38 
1.02095e+15 1.1362e+35 1.30572e+20 5.97722e+38 
1.02153e+15 1.13794e+35 1.30723e+20 5.98024e+38 
1.02211e+15 1.13968e+35 1.30875e+20 5.98327e+38 
1.02269e+15 1.14142e+35 1.31026e+20 5.98629e+38 
1.02327e+15 1.14316e+35 1.31178e+20 5.98932e+38 
1.02385e+15 1.14491e+35 1.31329e+20 5.99235e+38 
1.02443e+15 1.14665e+35 1.3148e+20 5.99538e+38 
1.02502e+15 1.14839e+35 1.31632e+20 5.99841e+38 
1.0256e+15 1.15014e+35 1.31783e+20 6.00144e+38 
1.02618e+15 1.15189e+35 1.31935e+20 6.00447e+38 
1.02677e+15 1.15364e+35 1.32086e+20 6.00751e+38 
1.02735e+15 1.15538e+35 1.32237e+20 6.01054e+38 
1.02793e+15 1.15713e+35 1.32389e+20 6.01358e+38 
1.02852e+15 1.15889e+35 1.3254e+20 6.01662e+38 
1.0291e+15 1.16064e+35 1.32691e+20 6.01966e+38 
1.02969e+15 1.16239e+35 1.32843e+20 6.0227e+38 
1.03027e+15 1.16414e+35 1.32994e+20 6.02574e+38 
1.03086e+15 1.1659e+35 1.33145e+20 6.02879e+38 
1.03144e+15 1.16765e+35 1.33296e+20 6.03183e+38 
1.03203e+15 1.16941e+35 1.33448e+20 6.03488e+38 
1.03262e+15 1.17117e+35 1.33599e+20 6.03792e+38 
1.03321e+15 1.17293e+35 1.3375e+20 6.04097e+38 
1.03379e+15 1.17469e+35 1.33901e+20 6.04402e+38 
1.03438e+15 1.17645e+35 1.34052e+20 6.04707e+38 
1.03497e+15 1.17821e+35 1.34204e+20 6.05012e+38 
1.03556e+15 1.17997e+35 1.34355e+20 6.05317e+38 
1.03615e+15 1.18174e+35 1.34506e+20 6.05623e+38 
1.03673e+15 1.1835e+35 1.34657e+20 6.05928e+38 
1.03732e+15 1.18527e+35 1.34808e+20 6.06234e+38 
1.03791e+15 1.18704e+35 1.34959e+20 6.0654e+38 
1.0385e+15 1.1888e+35 1.3511e+20 6.06846e+38 
1.03909e+15 1.19057e+35 1.35261e+20 6.07152e+38 
1.03969e+15 1.19234e+35 1.35412e+20 6.07458e+38 
1.04028e+15 1.19411e+35 1.35563e+20 6.07764e+38 
1.04087e+15 1.19589e+35 1.35714e+20 6.08071e+38 
1.04146e+15 1.19766e+35 1.35865e+20 6.08377e+38 
1.04205e+15 1.19943e+35 1.36016e+20 6.08684e+38 
1.04264e+15 1.20121e+35 1.36167e+20 6.0899e+38 
1.04324e+15 1.20298e+35 1.36318e+20 6.09297e+38 
1.04383e+15 1.20476e+35 1.36469e+20 6.09604e+38 
1.04442e+15 1.20654e+35 1.3662e+20 6.09911e+38 
1.04502e+15 1.20832e+35 1.36771e+20 6.10219e+38 
1.04561e+15 1.2101e+35 1.36922e+20 6.10526e+38 
1.04621e+15 1.21188e+35 1.37072e+20 6.10834e+38 
1.0468e+15 1.21366e+35 1.37223e+20 6.11141e+38 
1.0474e+15 1.21544e+35 1.37374e+20 6.11449e+38 
1.04799e+15 1.21723e+35 1.37525e+20 6.11757e+38 
1.04859e+15 1.21901e+35 1.37676e+20 6.12065e+38 
1.04918e+15 1.2208e+35 1.37826e+20 6.12373e+38 
1.04978e+15 1.22259e+35 1.37977e+20 6.12681e+38 
1.05038e+15 1.22437e+35 1.38128e+20 6.1299e+38 
1.05097e+15 1.22616e+35 1.38279e+20 6.13298e+38 
1.05157e+15 1.22795e+35 1.38429e+20 6.13607e+38 
1.05217e+15 1.22974e+35 1.3858e+20 6.13915e+38 
1.05277e+15 1.23154e+35 1.38731e+20 6.14224e+38 
1.05337e+15 1.23333e+35 1.38881e+20 6.14533e+38 
1.05397e+15 1.23512e+35 1.39032e+20 6.14842e+38 
1.05456e+15 1.23692e+35 1.39183e+20 6.15152e+38 
1.05516e+15 1.23872e+35 1.39333e+20 6.15461e+38 
1.05576e+15 1.24051e+35 1.39484e+20 6.1577e+38 
1.05636e+15 1.24231e+35 1.39634e+20 6.1608e+38 
1.05697e+15 1.24411e+35 1.39785e+20 6.1639e+38 
1.05757e+15 1.24591e+35 1.39936e+20 6.167e+38 
1.05817e+15 1.24771e+35 1.40086e+20 6.17009e+38 
1.05877e+15 1.24951e+35 1.40237e+20 6.1732e+38 
1.05937e+15 1.25132e+35 1.40387e+20 6.1763e+38 
1.05997e+15 1.25312e+35 1.40538e+20 6.1794e+38 
1.06058e+15 1.25493e+35 1.40688e+20 6.18251e+38 
1.06118e+15 1.25673e+35 1.40839e+20 6.18561e+38 
1.06178e+15 1.25854e+35 1.40989e+20 6.18872e+38 
1.06239e+15 1.26035e+35 1.41139e+20 6.19183e+38 
1.06299e+15 1.26216e+35 1.4129e+20 6.19494e+38 
1.06359e+15 1.26397e+35 1.4144e+20 6.19805e+38 
1.0642e+15 1.26578e+35 1.41591e+20 6.20116e+38 
1.0648e+15 1.26759e+35 1.41741e+20 6.20427e+38 
1.06541e+15 1.26941e+35 1.41891e+20 6.20739e+38 
1.06602e+15 1.27122e+35 1.42042e+20 6.2105e+38 
1.06662e+15 1.27304e+35 1.42192e+20 6.21362e+38 
1.06723e+15 1.27486e+35 1.42342e+20 6.21674e+38 
1.06783e+15 1.27667e+35 1.42493e+20 6.21986e+38 
1.06844e+15 1.27849e+35 1.42643e+20 6.22298e+38 
1.06905e+15 1.28031e+35 1.42793e+20 6.2261e+38 
1.06966e+15 1.28213e+35 1.42944e+20 6.22923e+38 
1.07027e+15 1.28396e+35 1.43094e+20 6.23235e+38 
1.07087e+15 1.28578e+35 1.43244e+20 6.23548e+38 
1.07148e+15 1.2876e+35 1.43394e+20 6.2386e+38 
1.07209e+15 1.28943e+35 1.43544e+20 6.24173e+38 
1.0727e+15 1.29125e+35 1.43695e+20 6.24486e+38 
1.07331e+15 1.29308e+35 1.43845e+20 6.24799e+38 
1.07392e+15 1.29491e+35 1.43995e+20 6.25113e+38 
1.07453e+15 1.29674e+35 1.44145e+20 6.25426e+38 
1.07514e+15 1.29857e+35 1.44295e+20 6.25739e+38 
1.07575e+15 1.3004e+35 1.44445e+20 6.26053e+38 
1.07637e+15 1.30223e+35 1.44595e+20 6.26367e+38 
1.07698e+15 1.30407e+35 1.44745e+20 6.26681e+38 
1.07759e+15 1.3059e+35 1.44895e+20 6.26994e+38 
1.0782e+15 1.30774e+35 1.45046e+20 6.27309e+38 
1.07882e+15 1.30957e+35 1.45196e+20 6.27623e+38 
1.07943e+15 1.31141e+35 1.45346e+20 6.27937e+38 
1.08004e+15 1.31325e+35 1.45496e+20 6.28252e+38 
1.08066e+15 1.31509e+35 1.45646e+20 6.28566e+38 
1.08127e+15 1.31693e+35 1.45796e+20 6.28881e+38 
1.08189e+15 1.31877e+35 1.45945e+20 6.29196e+38 
1.0825e+15 1.32061e+35 1.46095e+20 6.29511e+38 
1.08312e+15 1.32246e+35 1.46245e+20 6.29826e+38 
1.08373e+15 1.3243e+35 1.46395e+20 6.30141e+38 
1.08435e+15 1.32615e+35 1.46545e+20 6.30457e+38 
1.08497e+15 1.32799e+35 1.46695e+20 6.30772e+38 
1.08558e+15 1.32984e+35 1.46845e+20 6.31088e+38 
1.0862e+15 1.33169e+35 1.46995e+20 6.31403e+38 
1.08682e+15 1.33354e+35 1.47145e+20 6.31719e+38 
1.08744e+15 1.33539e+35 1.47294e+20 6.32035e+38 
1.08805e+15 1.33725e+35 1.47444e+20 6.32351e+38 
1.08867e+15 1.3391e+35 1.47594e+20 6.32668e+38 
1.08929e+15 1.34095e+35 1.47744e+20 6.32984e+38 
1.08991e+15 1.34281e+35 1.47894e+20 6.33301e+38 
1.09053e+15 1.34467e+35 1.48043e+20 6.33617e+38 
1.09115e+15 1.34652e+35 1.48193e+20 6.33934e+38 
1.09177e+15 1.34838e+35 1.48343e+20 6.34251e+38 
1.09239e+15 1.35024e+35 1.48492e+20 6.34568e+38 
1.09301e+15 1.3521e+35 1.48642e+20 6.34885e+38 
1.09363e+15 1.35396e+35 1.48792e+20 6.35202e+38 
1.09426e+15 1.35583e+35 1.48941e+20 6.3552e+38 
1.09488e+15 1.35769e+35 1.49091e+20 6.35837e+38 
1.0955e+15 1.35955e+35 1.49241e+20 6.36155e+38 
1.09612e+15 1.36142e+35 1.4939e+20 6.36473e+38 
1.09675e+15 1.36329e+35 1.4954e+20 6.36791e+38 
1.09737e+15 1.36516e+35 1.4969e+20 6.37109e+38 
1.09799e+15 1.36703e+35 1.49839e+20 6.37427e+38 
1.09862e+15 1.3689e+35 1.49989e+20 6.37745e+38 
1.09924e+15 1.37077e+35 1.50138e+20 6.38063e+38 
1.09987e+15 1.37264e+35 1.50288e+20 6.38382e+38 
1.10049e+15 1.37451e+35 1.50437e+20 6.38701e+38 
1.10112e+15 1.37639e+35 1.50587e+20 6.3902e+38 
1.10174e+15 1.37826e+35 1.50736e+20 6.39338e+38 
1.10237e+15 1.38014e+35 1.50886e+20 6.39658e+38 
1.103e+15 1.38202e+35 1.51035e+20 6.39977e+38 
1.10363e+15 1.3839e+35 1.51185e+20 6.40296e+38 
1.10425e+15 1.38578e+35 1.51334e+20 6.40615e+38 
1.10488e+15 1.38766e+35 1.51483e+20 6.40935e+38 
1.10551e+15 1.38954e+35 1.51633e+20 6.41255e+38 
1.10614e+15 1.39142e+35 1.51782e+20 6.41575e+38 
1.10677e+15 1.39331e+35 1.51932e+20 6.41895e+38 
1.1074e+15 1.39519e+35 1.52081e+20 6.42215e+38 
1.10802e+15 1.39708e+35 1.5223e+20 6.42535e+38 
1.10865e+15 1.39896e+35 1.5238e+20 6.42855e+38 
1.10929e+15 1.40085e+35 1.52529e+20 6.43176e+38 
1.10992e+15 1.40274e+35 1.52678e+20 6.43496e+38 
1.11055e+15 1.40463e+35 1.52828e+20 6.43817e+38 
1.11118e+15 1.40652e+35 1.52977e+20 6.44138e+38 
1.11181e+15 1.40842e+35 1.53126e+20 6.44459e+38 
1.11244e+15 1.41031e+35 1.53275e+20 6.4478e+38 
1.11307e+15 1.41221e+35 1.53425e+20 6.45101e+38 
1.11371e+15 1.4141e+35 1.53574e+20 6.45423e+38 
1.11434e+15 1.416e+35 1.53723e+20 6.45744e+38 
1.11497e+15 1.4179e+35 1.53872e+20 6.46066e+38 
1.11561e+15 1.4198e+35 1.54021e+20 6.46388e+38 
1.11624e+15 1.4217e+35 1.5417e+20 6.46709e+38 
1.11688e+15 1.4236e+35 1.5432e+20 6.47031e+38 
1.11751e+15 1.4255e+35 1.54469e+20 6.47354e+38 
1.11815e+15 1.4274e+35 1.54618e+20 6.47676e+38 
1.11878e+15 1.42931e+35 1.54767e+20 6.47998e+38 
1.11942e+15 1.43121e+35 1.54916e+20 6.48321e+38 
1.12006e+15 1.43312e+35 1.55065e+20 6.48644e+38 
1.12069e+15 1.43503e+35 1.55214e+20 6.48966e+38 
1.12133e+15 1.43694e+35 1.55363e+20 6.49289e+38 
1.12197e+15 1.43885e+35 1.55512e+20 6.49612e+38 
1.12261e+15 1.44076e+35 1.55661e+20 6.49936e+38 
1.12324e+15 1.44267e+35 1.5581e+20 6.50259e+38 
1.12388e+15 1.44458e+35 1.55959e+20 6.50582e+38 
1.12452e+15 1.4465e+35 1.56108e+20 6.50906e+38 
1.12516e+15 1.44841e+35 1.56257e+20 6.5123e+38 
1.1258e+15 1.45033e+35 1.56406e+20 6.51554e+38 
1.12644e+15 1.45225e+35 1.56555e+20 6.51878e+38 
1.12708e+15 1.45417e+35 1.56704e+20 6.52202e+38 
1.12772e+15 1.45609e+35 1.56853e+20 6.52526e+38 
1.12836e+15 1.45801e+35 1.57002e+20 6.5285e+38 
1.129e+15 1.45993e+35 1.57151e+20 6.53175e+38 
1.12965e+15 1.46185e+35 1.57299e+20 6.53499e+38 
1.13029e+15 1.46378e+35 1.57448e+20 6.53824e+38 
1.13093e+15 1.4657e+35 1.57597e+20 6.54149e+38 
1.13157e+15 1.46763e+35 1.57746e+20 6.54474e+38 
1.13222e+15 1.46956e+35 1.57895e+20 6.54799e+38 
1.13286e+15 1.47148e+35 1.58044e+20 6.55124e+38 
1.13351e+15 1.47341e+35 1.58192e+20 6.5545e+38 
1.13415e+15 1.47534e+35 1.58341e+20 6.55775e+38 
1.13479e+15 1.47728e+35 1.5849e+20 6.56101e+38 
1.13544e+15 1.47921e+35 1.58639e+20 6.56427e+38 
1.13609e+15 1.48114e+35 1.58787e+20 6.56753e+38 
1.13673e+15 1.48308e+35 1.58936e+20 6.57079e+38 
1.13738e+15 1.48501e+35 1.59085e+20 6.57405e+38 
1.13802e+15 1.48695e+35 1.59233e+20 6.57732e+38 
1.13867e+15 1.48889e+35 1.59382e+20 6.58058e+38 
1.13932e+15 1.49083e+35 1.59531e+20 6.58385e+38 
1.13997e+15 1.49277e+35 1.59679e+20 6.58711e+38 
1.14061e+15 1.49471e+35 1.59828e+20 6.59038e+38 
1.14126e+15 1.49665e+35 1.59977e+20 6.59365e+38 
1.14191e+15 1.4986e+35 1.60125e+20 6.59692e+38 
1.14256e+15 1.50054e+35 1.60274e+20 6.6002e+38 
1.14321e+15 1.50249e+35 1.60422e+20 6.60347e+38 
1.14386e+15 1.50444e+35 1.60571e+20 6.60674e+38 
1.14451e+15 1.50639e+35 1.60719e+20 6.61002e+38 
1.14516e+15 1.50833e+35 1.60868e+20 6.6133e+38 
1.14581e+15 1.51029e+35 1.61016e+20 6.61658e+38 
1.14646e+15 1.51224e+35 1.61165e+20 6.61986e+38 
1.14712e+15 1.51419e+35 1.61313e+20 6.62314e+38 
1.14777e+15 1.51614e+35 1.61462e+20 6.62642e+38 
1.14842e+15 1.5181e+35 1.6161e+20 6.62971e+38 
1.14907e+15 1.52006e+35 1.61759e+20 6.63299e+38 
1.14973e+15 1.52201e+35 1.61907e+20 6.63628e+38 
1.15038e+15 1.52397e+35 1.62056e+20 6.63957e+38 
1.15104e+15 1.52593e+35 1.62204e+20 6.64286e+38 
1.15169e+15 1.52789e+35 1.62352e+20 6.64615e+38 
1.15234e+15 1.52985e+35 1.62501e+20 6.64944e+38 
1.153e+15 1.53182e+35 1.62649e+20 6.65274e+38 
1.15366e+15 1.53378e+35 1.62797e+20 6.65603e+38 
1.15431e+15 1.53574e+35 1.62946e+20 6.65933e+38 
1.15497e+15 1.53771e+35 1.63094e+20 6.66263e+38 
1.15562e+15 1.53968e+35 1.63242e+20 6.66593e+38 
1.15628e+15 1.54165e+35 1.63391e+20 6.66923e+38 
1.15694e+15 1.54362e+35 1.63539e+20 6.67253e+38 
1.1576e+15 1.54559e+35 1.63687e+20 6.67583e+38 
1.15825e+15 1.54756e+35 1.63836e+20 6.67913e+38 
1.15891e+15 1.54953e+35 1.63984e+20 6.68244e+38 
1.15957e+15 1.5515e+35 1.64132e+20 6.68575e+38 
1.16023e+15 1.55348e+35 1.6428e+20 6.68906e+38 
1.16089e+15 1.55546e+35 1.64428e+20 6.69237e+38 
1.16155e+15 1.55743e+35 1.64577e+20 6.69568e+38 
1.16221e+15 1.55941e+35 1.64725e+20 6.69899e+38 
1.16287e+15 1.56139e+35 1.64873e+20 6.7023e+38 
1.16353e+15 1.56337e+35 1.65021e+20 6.70562e+38 
1.1642e+15 1.56535e+35 1.65169e+20 6.70893e+38 
1.16486e+15 1.56734e+35 1.65317e+20 6.71225e+38 
1.16552e+15 1.56932e+35 1.65465e+20 6.71557e+38 
1.16618e+15 1.57131e+35 1.65613e+20 6.71889e+38 
1.16684e+15 1.57329e+35 1.65762e+20 6.72221e+38 
1.16751e+15 1.57528e+35 1.6591e+20 6.72554e+38 
1.16817e+15 1.57727e+35 1.66058e+20 6.72886e+38 
1.16884e+15 1.57926e+35 1.66206e+20 6.73219e+38 
1.1695e+15 1.58125e+35 1.66354e+20 6.73551e+38 
1.17017e+15 1.58324e+35 1.66502e+20 6.73884e+38 
1.17083e+15 1.58524e+35 1.6665e+20 6.74217e+38 
1.1715e+15 1.58723e+35 1.66798e+20 6.7455e+38 
1.17216e+15 1.58923e+35 1.66946e+20 6.74884e+38 
1.17283e+15 1.59122e+35 1.67094e+20 6.75217e+38 
1.1735e+15 1.59322e+35 1.67242e+20 6.75551e+38 
1.17416e+15 1.59522e+35 1.6739e+20 6.75884e+38 
1.17483e+15 1.59722e+35 1.67537e+20 6.76218e+38 
1.1755e+15 1.59922e+35 1.67685e+20 6.76552e+38 
1.17617e+15 1.60122e+35 1.67833e+20 6.76886e+38 
1.17684e+15 1.60322e+35 1.67981e+20 6.7722e+38 
1.17751e+15 1.60523e+35 1.68129e+20 6.77555e+38 
1.17817e+15 1.60724e+35 1.68277e+20 6.77889e+38 
1.17884e+15 1.60924e+35 1.68425e+20 6.78224e+38 
1.17951e+15 1.61125e+35 1.68572e+20 6.78558e+38 
1.18019e+15 1.61326e+35 1.6872e+20 6.78893e+38 
1.18086e+15 1.61527e+35 1.68868e+20 6.79228e+38 
1.18153e+15 1.61728e+35 1.69016e+20 6.79563e+38 
1.1822e+15 1.61929e+35 1.69164e+20 6.79899e+38 
1.18287e+15 1.62131e+35 1.69311e+20 6.80234e+38 
1.18354e+15 1.62332e+35 1.69459e+20 6.8057e+38 
1.18422e+15 1.62534e+35 1.69607e+20 6.80905e+38 
1.18489e+15 1.62735e+35 1.69755e+20 6.81241e+38 
1.18556e+15 1.62937e+35 1.69902e+20 6.81577e+38 
1.18624e+15 1.63139e+35 1.7005e+20 6.81913e+38 
1.18691e+15 1.63341e+35 1.70198e+20 6.82249e+38 
1.18759e+15 1.63543e+35 1.70345e+20 6.82586e+38 
1.18826e+15 1.63746e+35 1.70493e+20 6.82922e+38 
1.18894e+15 1.63948e+35 1.70641e+20 6.83259e+38 
1.18961e+15 1.64151e+35 1.70788e+20 6.83596e+38 
1.19029e+15 1.64353e+35 1.70936e+20 6.83933e+38 
1.19097e+15 1.64556e+35 1.71083e+20 6.8427e+38 
1.19164e+15 1.64759e+35 1.71231e+20 6.84607e+38 
1.19232e+15 1.64962e+35 1.71379e+20 6.84944e+38 
1.193e+15 1.65165e+35 1.71526e+20 6.85282e+38 
1.19368e+15 1.65368e+35 1.71674e+20 6.85619e+38 
1.19436e+15 1.65572e+35 1.71821e+20 6.85957e+38 
1.19504e+15 1.65775e+35 1.71969e+20 6.86295e+38 
1.19572e+15 1.65978e+35 1.72116e+20 6.86633e+38 
1.1964e+15 1.66182e+35 1.72264e+20 6.86971e+38 
1.19708e+15 1.66386e+35 1.72411e+20 6.87309e+38 
1.19776e+15 1.6659e+35 1.72559e+20 6.87648e+38 
1.19844e+15 1.66794e+35 1.72706e+20 6.87986e+38 
1.19912e+15 1.66998e+35 1.72854e+20 6.88325e+38 
1.1998e+15 1.67202e+35 1.73001e+20 6.88664e+38 
1.20048e+15 1.67407e+35 1.73149e+20 6.89003e+38 
1.20117e+15 1.67611e+35 1.73296e+20 6.89342e+38 
1.20185e+15 1.67816e+35 1.73443e+20 6.89681e+38 
1.20253e+15 1.6802e+35 1.73591e+20 6.9002e+38 
1.20322e+15 1.68225e+35 1.73738e+20 6.9036e+38 
1.2039e+15 1.6843e+35 1.73885e+20 6.90699e+38 
1.20458e+15 1.68635e+35 1.74033e+20 6.91039e+38 
1.20527e+15 1.6884e+35 1.7418e+20 6.91379e+38 
1.20595e+15 1.69046e+35 1.74327e+20 6.91719e+38 
1.20664e+15 1.69251e+35 1.74475e+20 6.92059e+38 
1.20733e+15 1.69457e+35 1.74622e+20 6.924e+38 
1.20801e+15 1.69662e+35 1.74769e+20 6.9274e+38 
1.2087e+15 1.69868e+35 1.74917e+20 6.93081e+38 
1.20939e+15 1.70074e+35 1.75064e+20 6.93422e+38 
1.21007e+15 1.7028e+35 1.75211e+20 6.93762e+38 
1.21076e+15 1.70486e+35 1.75358e+20 6.94103e+38 
1.21145e+15 1.70692e+35 1.75505e+20 6.94445e+38 
1.21214e+15 1.70899e+35 1.75653e+20 6.94786e+38 
1.21283e+15 1.71105e+35 1.758e+20 6.95127e+38 
1.21352e+15 1.71312e+35 1.75947e+20 6.95469e+38 
1.21421e+15 1.71518e+35 1.76094e+20 6.95811e+38 
1.2149e+15 1.71725e+35 1.76241e+20 6.96152e+38 
1.21559e+15 1.71932e+35 1.76388e+20 6.96494e+38 
1.21628e+15 1.72139e+35 1.76536e+20 6.96837e+38 
1.21697e+15 1.72346e+35 1.76683e+20 6.97179e+38 
1.21766e+15 1.72554e+35 1.7683e+20 6.97521e+38 
1.21836e+15 1.72761e+35 1.76977e+20 6.97864e+38 
1.21905e+15 1.72969e+35 1.77124e+20 6.98206e+38 
1.21974e+15 1.73176e+35 1.77271e+20 6.98549e+38 
1.22043e+15 1.73384e+35 1.77418e+20 6.98892e+38 
1.22113e+15 1.73592e+35 1.77565e+20 6.99235e+38 
1.22182e+15 1.738e+35 1.77712e+20 6.99579e+38 
1.22252e+15 1.74008e+35 1.77859e+20 6.99922e+38 
1.22321e+15 1.74216e+35 1.78006e+20 7.00265e+38 
1.22391e+15 1.74425e+35 1.78153e+20 7.00609e+38 
1.2246e+15 1.74633e+35 1.783e+20 7.00953e+38 
1.2253e+15 1.74842e+35 1.78447e+20 7.01297e+38 
1.226e+15 1.7505e+35 1.78594e+20 7.01641e+38 
1.22669e+15 1.75259e+35 1.78741e+20 7.01985e+38 
1.22739e+15 1.75468e+35 1.78888e+20 7.02329e+38 
1.22809e+15 1.75677e+35 1.79035e+20 7.02674e+38 
1.22879e+15 1.75886e+35 1.79182e+20 7.03019e+38 
1.22949e+15 1.76096e+35 1.79329e+20 7.03363e+38 
1.23019e+15 1.76305e+35 1.79475e+20 7.03708e+38 
1.23088e+15 1.76515e+35 1.79622e+20 7.04053e+38 
1.23158e+15 1.76724e+35 1.79769e+20 7.04399e+38 
1.23228e+15 1.76934e+35 1.79916e+20 7.04744e+38 
1.23299e+15 1.77144e+35 1.80063e+20 7.05089e+38 
1.23369e+15 1.77354e+35 1.8021e+20 7.05435e+38 
1.23439e+15 1.77564e+35 1.80356e+20 7.05781e+38 
1.23509e+15 1.77774e+35 1.80503e+20 7.06127e+38 
1.23579e+15 1.77985e+35 1.8065e+20 7.06473e+38 
1.23649e+15 1.78195e+35 1.80797e+20 7.06819e+38 
1.2372e+15 1.78406e+35 1.80943e+20 7.07165e+38 
1.2379e+15 1.78617e+35 1.8109e+20 7.07511e+38 
1.2386e+15 1.78827e+35 1.81237e+20 7.07858e+38 
1.23931e+15 1.79038e+35 1.81384e+20 7.08205e+38 
1.24001e+15 1.7925e+35 1.8153e+20 7.08552e+38 
1.24072e+15 1.79461e+35 1.81677e+20 7.08899e+38 
1.24142e+15 1.79672e+35 1.81824e+20 7.09246e+38 
1.24213e+15 1.79884e+35 1.8197e+20 7.09593e+38 
1.24284e+15 1.80095e+35 1.82117e+20 7.09941e+38 
1.24354e+15 1.80307e+35 1.82264e+20 7.10288e+38 
1.24425e+15 1.80519e+35 1.8241e+20 7.10636e+38 
1.24496e+15 1.80731e+35 1.82557e+20 7.10984e+38 
1.24567e+15 1.80943e+35 1.82703e+20 7.11332e+38 
1.24637e+15 1.81155e+35 1.8285e+20 7.1168e+38 
1.24708e+15 1.81367e+35 1.82997e+20 7.12028e+38 
1.24779e+15 1.8158e+35 1.83143e+20 7.12377e+38 
1.2485e+15 1.81792e+35 1.8329e+20 7.12725e+38 
1.24921e+15 1.82005e+35 1.83436e+20 7.13074e+38 
1.24992e+15 1.82218e+35 1.83583e+20 7.13423e+38 
1.25063e+15 1.8243e+35 1.83729e+20 7.13772e+38 
1.25134e+15 1.82643e+35 1.83876e+20 7.14121e+38 
1.25205e+15 1.82857e+35 1.84022e+20 7.1447e+38 
1.25277e+15 1.8307e+35 1.84169e+20 7.14819e+38 
1.25348e+15 1.83283e+35 1.84315e+20 7.15169e+38 
1.25419e+15 1.83497e+35 1.84462e+20 7.15519e+38 
1.2549e+15 1.8371e+35 1.84608e+20 7.15869e+38 
1.25562e+15 1.83924e+35 1.84755e+20 7.16218e+38 
1.25633e+15 1.84138e+35 1.84901e+20 7.16569e+38 
1.25705e+15 1.84352e+35 1.85047e+20 7.16919e+38 
1.25776e+15 1.84566e+35 1.85194e+20 7.17269e+38 
1.25848e+15 1.8478e+35 1.8534e+20 7.1762e+38 
1.25919e+15 1.84995e+35 1.85486e+20 7.1797e+38 
1.25991e+15 1.85209e+35 1.85633e+20 7.18321e+38 
1.26062e+15 1.85424e+35 1.85779e+20 7.18672e+38 
1.26134e+15 1.85639e+35 1.85925e+20 7.19023e+38 
1.26206e+15 1.85853e+35 1.86072e+20 7.19375e+38 
1.26277e+15 1.86068e+35 1.86218e+20 7.19726e+38 
1.26349e+15 1.86283e+35 1.86364e+20 7.20078e+38 
1.26421e+15 1.86499e+35 1.86511e+20 7.20429e+38 
1.26493e+15 1.86714e+35 1.86657e+20 7.20781e+38 
1.26565e+15 1.86929e+35 1.86803e+20 7.21133e+38 
1.26637e+15 1.87145e+35 1.86949e+20 7.21485e+38 
1.26709e+15 1.87361e+35 1.87096e+20 7.21837e+38 
1.26781e+15 1.87577e+35 1.87242e+20 7.2219e+38 
1.26853e+15 1.87792e+35 1.87388e+20 7.22542e+38 
1.26925e+15 1.88009e+35 1.87534e+20 7.22895e+38 
1.26997e+15 1.88225e+35 1.87681e+20 7.23248e+38 
1.27069e+15 1.88441e+35 1.87827e+20 7.23601e+38 
1.27142e+15 1.88658e+35 1.87973e+20 7.23954e+38 
1.27214e+15 1.88874e+35 1.88119e+20 7.24307e+38 
1.27286e+15 1.89091e+35 1.88265e+20 7.24661e+38 
1.27359e+15 1.89308e+35 1.88411e+20 7.25014e+38 
1.27431e+15 1.89525e+35 1.88557e+20 7.25368e+38 
1.27504e+15 1.89742e+35 1.88703e+20 7.25722e+38 
1.27576e+15 1.89959e+35 1.8885e+20 7.26076e+38 
1.27649e+15 1.90176e+35 1.88996e+20 7.2643e+38 
1.27721e+15 1.90393e+35 1.89142e+20 7.26784e+38 
1.27794e+15 1.90611e+35 1.89288e+20 7.27138e+38 
1.27866e+15 1.90829e+35 1.89434e+20 7.27493e+38 
1.27939e+15 1.91047e+35 1.8958e+20 7.27848e+38 
1.28012e+15 1.91264e+35 1.89726e+20 7.28203e+38 
1.28085e+15 1.91482e+35 1.89872e+20 7.28558e+38 
1.28157e+15 1.91701e+35 1.90018e+20 7.28913e+38 
1.2823e+15 1.91919e+35 1.90164e+20 7.29268e+38 
1.28303e+15 1.92137e+35 1.9031e+20 7.29623e+38 
1.28376e+15 1.92356e+35 1.90456e+20 7.29979e+38 
1.28449e+15 1.92575e+35 1.90602e+20 7.30335e+38 
1.28522e+15 1.92793e+35 1.90748e+20 7.3069e+38 
1.28595e+15 1.93012e+35 1.90894e+20 7.31046e+38 
1.28668e+15 1.93231e+35 1.91039e+20 7.31403e+38 
1.28742e+15 1.9345e+35 1.91185e+20 7.31759e+38 
1.28815e+15 1.9367e+35 1.91331e+20 7.32115e+38 
1.28888e+15 1.93889e+35 1.91477e+20 7.32472e+38 
1.28961e+15 1.94109e+35 1.91623e+20 7.32829e+38 
1.29035e+15 1.94328e+35 1.91769e+20 7.33185e+38 
1.29108e+15 1.94548e+35 1.91915e+20 7.33542e+38 
1.29181e+15 1.94768e+35 1.9206e+20 7.339e+38 
1.29255e+15 1.94988e+35 1.92206e+20 7.34257e+38 
1.29328e+15 1.95208e+35 1.92352e+20 7.34614e+38 
1.29402e+15 1.95429e+35 1.92498e+20 7.34972e+38 
1.29475e+15 1.95649e+35 1.92644e+20 7.3533e+38 
1.29549e+15 1.9587e+35 1.92789e+20 7.35688e+38 
1.29623e+15 1.9609e+35 1.92935e+20 7.36046e+38 
1.29696e+15 1.96311e+35 1.93081e+20 7.36404e+38 
1.2977e+15 1.96532e+35 1.93227e+20 7.36762e+38 
1.29844e+15 1.96753e+35 1.93372e+20 7.3712e+38 
1.29918e+15 1.96974e+35 1.93518e+20 7.37479e+38 
1.29992e+15 1.97195e+35 1.93664e+20 7.37838e+38 
1.30066e+15 1.97417e+35 1.9381e+20 7.38197e+38 
1.30139e+15 1.97638e+35 1.93955e+20 7.38556e+38 
1.30213e+15 1.9786e+35 1.94101e+20 7.38915e+38 
1.30287e+15 1.98082e+35 1.94246e+20 7.39274e+38 
1.30362e+15 1.98304e+35 1.94392e+20 7.39634e+38 
1.30436e+15 1.98526e+35 1.94538e+20 7.39993e+38 
1.3051e+15 1.98748e+35 1.94683e+20 7.40353e+38 
1.30584e+15 1.9897e+35 1.94829e+20 7.40713e+38 
1.30658e+15 1.99193e+35 1.94975e+20 7.41073e+38 
1.30733e+15 1.99415e+35 1.9512e+20 7.41433e+38 
1.30807e+15 1.99638e+35 1.95266e+20 7.41794e+38 
1.30881e+15 1.99861e+35 1.95411e+20 7.42154e+38 
1.30956e+15 2.00084e+35 1.95557e+20 7.42515e+38 
1.3103e+15 2.00307e+35 1.95702e+20 7.42876e+38 
1.31105e+15 2.0053e+35 1.95848e+20 7.43237e+38 
1.31179e+15 2.00753e+35 1.95993e+20 7.43598e+38 
1.31254e+15 2.00977e+35 1.96139e+20 7.43959e+38 
1.31328e+15 2.012e+35 1.96284e+20 7.4432e+38 
1.31403e+15 2.01424e+35 1.9643e+20 7.44682e+38 
1.31478e+15 2.01648e+35 1.96575e+20 7.45044e+38 
1.31553e+15 2.01872e+35 1.96721e+20 7.45405e+38 
1.31627e+15 2.02096e+35 1.96866e+20 7.45767e+38 
1.31702e+15 2.0232e+35 1.97012e+20 7.46129e+38 
1.31777e+15 2.02544e+35 1.97157e+20 7.46492e+38 
1.31852e+15 2.02769e+35 1.97303e+20 7.46854e+38 
1.31927e+15 2.02993e+35 1.97448e+20 7.47217e+38 
1.32002e+15 2.03218e+35 1.97593e+20 7.47579e+38 
1.32077e+15 2.03443e+35 1.97739e+20 7.47942e+38 
1.32152e+15 2.03668e+35 1.97884e+20 7.48305e+38 
1.32227e+15 2.03893e+35 1.98029e+20 7.48668e+38 
1.32302e+15 2.04118e+35 1.98175e+20 7.49032e+38 
1.32378e+15 2.04344e+35 1.9832e+20 7.49395e+38 
1.32453e+15 2.04569e+35 1.98465e+20 7.49759e+38 
1.32528e+15 2.04795e+35 1.98611e+20 7.50122e+38 
1.32604e+15 2.0502e+35 1.98756e+20 7.50486e+38 
1.32679e+15 2.05246e+35 1.98901e+20 7.5085e+38 
1.32754e+15 2.05472e+35 1.99047e+20 7.51215e+38 
1.3283e+15 2.05698e+35 1.99192e+20 7.51579e+38 
1.32905e+15 2.05925e+35 1.99337e+20 7.51943e+38 
1.32981e+15 2.06151e+35 1.99482e+20 7.52308e+38 
1.33057e+15 2.06378e+35 1.99628e+20 7.52673e+38 
1.33132e+15 2.06604e+35 1.99773e+20 7.53038e+38 
1.33208e+15 2.06831e+35 1.99918e+20 7.53403e+38 
1.33284e+15 2.07058e+35 2.00063e+20 7.53768e+38 
1.33359e+15 2.07285e+35 2.00208e+20 7.54133e+38 
1.33435e+15 2.07512e+35 2.00354e+20 7.54499e+38 
1.33511e+15 2.07739e+35 2.00499e+20 7.54865e+38 
1.33587e+15 2.07967e+35 2.00644e+20 7.5523e+38 
1.33663e+15 2.08194e+35 2.00789e+20 7.55596e+38 
1.33739e+15 2.08422e+35 2.00934e+20 7.55963e+38 
1.33815e+15 2.0865e+35 2.01079e+20 7.56329e+38 
1.33891e+15 2.08878e+35 2.01224e+20 7.56695e+38 
1.33967e+15 2.09106e+35 2.01369e+20 7.57062e+38 
1.34043e+15 2.09334e+35 2.01514e+20 7.57428e+38 
1.3412e+15 2.09562e+35 2.0166e+20 7.57795e+38 
1.34196e+15 2.09791e+35 2.01805e+20 7.58162e+38 
1.34272e+15 2.10019e+35 2.0195e+20 7.5853e+38 
1.34348e+15 2.10248e+35 2.02095e+20 7.58897e+38 
1.34425e+15 2.10477e+35 2.0224e+20 7.59264e+38 
1.34501e+15 2.10706e+35 2.02385e+20 7.59632e+38 
1.34578e+15 2.10935e+35 2.0253e+20 7.6e+38 
1.34654e+15 2.11164e+35 2.02675e+20 7.60368e+38 
1.34731e+15 2.11393e+35 2.0282e+20 7.60736e+38 
1.34807e+15 2.11623e+35 2.02965e+20 7.61104e+38 
1.34884e+15 2.11853e+35 2.0311e+20 7.61472e+38 
1.34961e+15 2.12082e+35 2.03255e+20 7.61841e+38 
1.35038e+15 2.12312e+35 2.034e+20 7.62209e+38 
1.35114e+15 2.12542e+35 2.03544e+20 7.62578e+38 
1.35191e+15 2.12772e+35 2.03689e+20 7.62947e+38 
1.35268e+15 2.13003e+35 2.03834e+20 7.63316e+38 
1.35345e+15 2.13233e+35 2.03979e+20 7.63686e+38 
1.35422e+15 2.13464e+35 2.04124e+20 7.64055e+38 
1.35499e+15 2.13694e+35 2.04269e+20 7.64425e+38 
1.35576e+15 2.13925e+35 2.04414e+20 7.64794e+38 
1.35653e+15 2.14156e+35 2.04559e+20 7.65164e+38 
1.3573e+15 2.14387e+35 2.04703e+20 7.65534e+38 
1.35807e+15 2.14618e+35 2.04848e+20 7.65904e+38 
1.35884e+15 2.1485e+35 2.04993e+20 7.66275e+38 
1.35962e+15 2.15081e+35 2.05138e+20 7.66645e+38 
1.36039e+15 2.15313e+35 2.05283e+20 7.67016e+38 
1.36116e+15 2.15544e+35 2.05427e+20 7.67386e+38 
1.36194e+15 2.15776e+35 2.05572e+20 7.67757e+38 
1.36271e+15 2.16008e+35 2.05717e+20 7.68128e+38 
1.36349e+15 2.1624e+35 2.05862e+20 7.685e+38 
1.36426e+15 2.16473e+35 2.06006e+20 7.68871e+38 
1.36504e+15 2.16705e+35 2.06151e+20 7.69243e+38 
1.36581e+15 2.16937e+35 2.06296e+20 7.69614e+38 
1.36659e+15 2.1717e+35 2.06441e+20 7.69986e+38 
1.36737e+15 2.17403e+35 2.06585e+20 7.70358e+38 
1.36814e+15 2.17636e+35 2.0673e+20 7.7073e+38 
1.36892e+15 2.17869e+35 2.06875e+20 7.71102e+38 
1.3697e+15 2.18102e+35 2.07019e+20 7.71475e+38 
1.37048e+15 2.18335e+35 2.07164e+20 7.71847e+38 
1.37126e+15 2.18569e+35 2.07309e+20 7.7222e+38 
1.37204e+15 2.18802e+35 2.07453e+20 7.72593e+38 
1.37282e+15 2.19036e+35 2.07598e+20 7.72966e+38 
1.3736e+15 2.1927e+35 2.07742e+20 7.73339e+38 
1.37438e+15 2.19504e+35 2.07887e+20 7.73713e+38 
1.37516e+15 2.19738e+35 2.08032e+20 7.74086e+38 
1.37594e+15 2.19972e+35 2.08176e+20 7.7446e+38 
1.37673e+15 2.20206e+35 2.08321e+20 7.74834e+38 
1.37751e+15 2.20441e+35 2.08465e+20 7.75208e+38 
1.37829e+15 2.20676e+35 2.0861e+20 7.75582e+38 
1.37908e+15 2.2091e+35 2.08754e+20 7.75956e+38 
1.37986e+15 2.21145e+35 2.08899e+20 7.7633e+38 
1.38064e+15 2.2138e+35 2.09043e+20 7.76705e+38 
1.38143e+15 2.21615e+35 2.09188e+20 7.7708e+38 
1.38221e+15 2.21851e+35 2.09332e+20 7.77454e+38 
1.383e+15 2.22086e+35 2.09477e+20 7.77829e+38 
1.38379e+15 2.22322e+35 2.09621e+20 7.78205e+38 
1.38457e+15 2.22557e+35 2.09766e+20 7.7858e+38 
1.38536e+15 2.22793e+35 2.0991e+20 7.78955e+38 
1.38615e+15 2.23029e+35 2.10055e+20 7.79331e+38 
1.38694e+15 2.23265e+35 2.10199e+20 7.79707e+38 
1.38772e+15 2.23502e+35 2.10344e+20 7.80083e+38 
1.38851e+15 2.23738e+35 2.10488e+20 7.80459e+38 
1.3893e+15 2.23975e+35 2.10632e+20 7.80835e+38 
1.39009e+15 2.24211e+35 2.10777e+20 7.81212e+38 
1.39088e+15 2.24448e+35 2.10921e+20 7.81588e+38 
1.39167e+15 2.24685e+35 2.11065e+20 7.81965e+38 
1.39247e+15 2.24922e+35 2.1121e+20 7.82342e+38 
1.39326e+15 2.25159e+35 2.11354e+20 7.82719e+38 
1.39405e+15 2.25396e+35 2.11498e+20 7.83096e+38 
1.39484e+15 2.25634e+35 2.11643e+20 7.83473e+38 
1.39564e+15 2.25871e+35 2.11787e+20 7.83851e+38 
1.39643e+15 2.26109e+35 2.11931e+20 7.84228e+38 
1.39722e+15 2.26347e+35 2.12076e+20 7.84606e+38 
1.39802e+15 2.26585e+35 2.1222e+20 7.84984e+38 
1.39881e+15 2.26823e+35 2.12364e+20 7.85362e+38 
1.39961e+15 2.27061e+35 2.12508e+20 7.8574e+38 
1.4004e+15 2.273e+35 2.12653e+20 7.86119e+38 
1.4012e+15 2.27538e+35 2.12797e+20 7.86497e+38 
1.402e+15 2.27777e+35 2.12941e+20 7.86876e+38 
1.40279e+15 2.28016e+35 2.13085e+20 7.87255e+38 
1.40359e+15 2.28255e+35 2.1323e+20 7.87634e+38 
1.40439e+15 2.28494e+35 2.13374e+20 7.88013e+38 
1.40519e+15 2.28733e+35 2.13518e+20 7.88392e+38 
1.40599e+15 2.28972e+35 2.13662e+20 7.88772e+38 
1.40679e+15 2.29212e+35 2.13806e+20 7.89152e+38 
1.40759e+15 2.29452e+35 2.1395e+20 7.89531e+38 
1.40839e+15 2.29691e+35 2.14095e+20 7.89911e+38 
1.40919e+15 2.29931e+35 2.14239e+20 7.90291e+38 
1.40999e+15 2.30171e+35 2.14383e+20 7.90672e+38 
1.41079e+15 2.30411e+35 2.14527e+20 7.91052e+38 
1.41159e+15 2.30652e+35 2.14671e+20 7.91433e+38 
1.41239e+15 2.30892e+35 2.14815e+20 7.91813e+38 
1.4132e+15 2.31133e+35 2.14959e+20 7.92194e+38 
1.414e+15 2.31373e+35 2.15103e+20 7.92575e+38 
1.4148e+15 2.31614e+35 2.15247e+20 7.92956e+38 
1.41561e+15 2.31855e+35 2.15391e+20 7.93338e+38 
1.41641e+15 2.32096e+35 2.15535e+20 7.93719e+38 
1.41722e+15 2.32338e+35 2.15679e+20 7.94101e+38 
1.41802e+15 2.32579e+35 2.15823e+20 7.94483e+38 
1.41883e+15 2.32821e+35 2.15967e+20 7.94865e+38 
1.41964e+15 2.33062e+35 2.16111e+20 7.95247e+38 
1.42044e+15 2.33304e+35 2.16255e+20 7.95629e+38 
1.42125e+15 2.33546e+35 2.16399e+20 7.96012e+38 
1.42206e+15 2.33788e+35 2.16543e+20 7.96394e+38 
1.42287e+15 2.3403e+35 2.16687e+20 7.96777e+38 
1.42368e+15 2.34273e+35 2.16831e+20 7.9716e+38 
1.42449e+15 2.34515e+35 2.16975e+20 7.97543e+38 
1.4253e+15 2.34758e+35 2.17119e+20 7.97926e+38 
1.42611e+15 2.35001e+35 2.17263e+20 7.9831e+38 
1.42692e+15 2.35243e+35 2.17407e+20 7.98693e+38 
1.42773e+15 2.35487e+35 2.17551e+20 7.99077e+38 
1.42854e+15 2.3573e+35 2.17694e+20 7.99461e+38 
1.42935e+15 2.35973e+35 2.17838e+20 7.99845e+38 
1.43017e+15 2.36217e+35 2.17982e+20 8.00229e+38 
1.43098e+15 2.3646e+35 2.18126e+20 8.00613e+38 
1.43179e+15 2.36704e+35 2.1827e+20 8.00998e+38 
1.43261e+15 2.36948e+35 2.18414e+20 8.01382e+38 
1.43342e+15 2.37192e+35 2.18558e+20 8.01767e+38 
1.43424e+15 2.37436e+35 2.18701e+20 8.02152e+38 
1.43505e+15 2.3768e+35 2.18845e+20 8.02537e+38 
1.43587e+15 2.37925e+35 2.18989e+20 8.02922e+38 
1.43668e+15 2.38169e+35 2.19133e+20 8.03308e+38 
1.4375e+15 2.38414e+35 2.19276e+20 8.03693e+38 
1.43832e+15 2.38659e+35 2.1942e+20 8.04079e+38 
1.43914e+15 2.38904e+35 2.19564e+20 8.04465e+38 
1.43995e+15 2.39149e+35 2.19708e+20 8.04851e+38 
1.44077e+15 2.39394e+35 2.19851e+20 8.05237e+38 
1.44159e+15 2.3964e+35 2.19995e+20 8.05624e+38 
1.44241e+15 2.39885e+35 2.20139e+20 8.0601e+38 
1.44323e+15 2.40131e+35 2.20282e+20 8.06397e+38 
1.44405e+15 2.40377e+35 2.20426e+20 8.06784e+38 
1.44487e+15 2.40623e+35 2.2057e+20 8.07171e+38 
1.4457e+15 2.40869e+35 2.20713e+20 8.07558e+38 
1.44652e+15 2.41115e+35 2.20857e+20 8.07945e+38 
1.44734e+15 2.41361e+35 2.21001e+20 8.08332e+38 
1.44816e+15 2.41608e+35 2.21144e+20 8.0872e+38 
1.44899e+15 2.41855e+35 2.21288e+20 8.09108e+38 
1.44981e+15 2.42101e+35 2.21432e+20 8.09496e+38 
1.45063e+15 2.42348e+35 2.21575e+20 8.09884e+38 
1.45146e+15 2.42595e+35 2.21719e+20 8.10272e+38 
1.45228e+15 2.42843e+35 2.21862e+20 8.10661e+38 
1.45311e+15 2.4309e+35 2.22006e+20 8.11049e+38 
1.45394e+15 2.43338e+35 2.2215e+20 8.11438e+38 
1.45476e+15 2.43585e+35 2.22293e+20 8.11827e+38 
1.45559e+15 2.43833e+35 2.22437e+20 8.12216e+38 
1.45642e+15 2.44081e+35 2.2258e+20 8.12605e+38 
1.45725e+15 2.44329e+35 2.22724e+20 8.12994e+38 
1.45807e+15 2.44577e+35 2.22867e+20 8.13384e+38 
1.4589e+15 2.44826e+35 2.23011e+20 8.13774e+38 
1.45973e+15 2.45074e+35 2.23154e+20 8.14164e+38 
1.46056e+15 2.45323e+35 2.23298e+20 8.14554e+38 
1.46139e+15 2.45572e+35 2.23441e+20 8.14944e+38 
1.46222e+15 2.4582e+35 2.23585e+20 8.15334e+38 
1.46306e+15 2.4607e+35 2.23728e+20 8.15725e+38 
1.46389e+15 2.46319e+35 2.23871e+20 8.16115e+38 
1.46472e+15 2.46568e+35 2.24015e+20 8.16506e+38 
1.46555e+15 2.46818e+35 2.24158e+20 8.16897e+38 
1.46639e+15 2.47067e+35 2.24302e+20 8.17288e+38 
1.46722e+15 2.47317e+35 2.24445e+20 8.17679e+38 
1.46805e+15 2.47567e+35 2.24588e+20 8.18071e+38 
1.46889e+15 2.47817e+35 2.24732e+20 8.18462e+38 
1.46972e+15 2.48067e+35 2.24875e+20 8.18854e+38 
1.47056e+15 2.48317e+35 2.25019e+20 8.19246e+38 
1.47139e+15 2.48568e+35 2.25162e+20 8.19638e+38 
1.47223e+15 2.48819e+35 2.25305e+20 8.2003e+38 
1.47307e+15 2.49069e+35 2.25449e+20 8.20423e+38 
1.47391e+15 2.4932e+35 2.25592e+20 8.20815e+38 
1.47474e+15 2.49571e+35 2.25735e+20 8.21208e+38 
1.47558e+15 2.49823e+35 2.25878e+20 8.21601e+38 
1.47642e+15 2.50074e+35 2.26022e+20 8.21994e+38 
1.47726e+15 2.50325e+35 2.26165e+20 8.22387e+38 
1.4781e+15 2.50577e+35 2.26308e+20 8.22781e+38 
1.47894e+15 2.50829e+35 2.26452e+20 8.23174e+38 
1.47978e+15 2.51081e+35 2.26595e+20 8.23568e+38 
1.48062e+15 2.51333e+35 2.26738e+20 8.23962e+38 
1.48147e+15 2.51585e+35 2.26881e+20 8.24356e+38 
1.48231e+15 2.51837e+35 2.27024e+20 8.2475e+38 
1.48315e+15 2.5209e+35 2.27168e+20 8.25144e+38 
1.48399e+15 2.52342e+35 2.27311e+20 8.25539e+38 
1.48484e+15 2.52595e+35 2.27454e+20 8.25933e+38 
1.48568e+15 2.52848e+35 2.27597e+20 8.26328e+38 
1.48653e+15 2.53101e+35 2.2774e+20 8.26723e+38 
1.48737e+15 2.53354e+35 2.27884e+20 8.27118e+38 
1.48822e+15 2.53608e+35 2.28027e+20 8.27514e+38 
1.48906e+15 2.53861e+35 2.2817e+20 8.27909e+38 
1.48991e+15 2.54115e+35 2.28313e+20 8.28305e+38 
1.49076e+15 2.54369e+35 2.28456e+20 8.28701e+38 
1.4916e+15 2.54622e+35 2.28599e+20 8.29097e+38 
1.49245e+15 2.54877e+35 2.28742e+20 8.29493e+38 
1.4933e+15 2.55131e+35 2.28885e+20 8.29889e+38 
1.49415e+15 2.55385e+35 2.29028e+20 8.30285e+38 
1.495e+15 2.5564e+35 2.29172e+20 8.30682e+38 
1.49585e+15 2.55894e+35 2.29315e+20 8.31079e+38 
1.4967e+15 2.56149e+35 2.29458e+20 8.31476e+38 
1.49755e+15 2.56404e+35 2.29601e+20 8.31873e+38 
1.4984e+15 2.56659e+35 2.29744e+20 8.3227e+38 
1.49925e+15 2.56914e+35 2.29887e+20 8.32668e+38 
1.50011e+15 2.5717e+35 2.3003e+20 8.33065e+38 
1.50096e+15 2.57425e+35 2.30173e+20 8.33463e+38 
1.50181e+15 2.57681e+35 2.30316e+20 8.33861e+38 
1.50267e+15 2.57937e+35 2.30459e+20 8.34259e+38 
1.50352e+15 2.58193e+35 2.30602e+20 8.34657e+38 
1.50438e+15 2.58449e+35 2.30745e+20 8.35055e+38 
1.50523e+15 2.58705e+35 2.30888e+20 8.35454e+38 
1.50609e+15 2.58961e+35 2.31031e+20 8.35853e+38 
1.50694e+15 2.59218e+35 2.31174e+20 8.36252e+38 
1.5078e+15 2.59475e+35 2.31316e+20 8.36651e+38 
1.50866e+15 2.59731e+35 2.31459e+20 8.3705e+38 
1.50952e+15 2.59988e+35 2.31602e+20 8.37449e+38 
1.51037e+15 2.60246e+35 2.31745e+20 8.37849e+38 
1.51123e+15 2.60503e+35 2.31888e+20 8.38249e+38 
1.51209e+15 2.6076e+35 2.32031e+20 8.38648e+38 
1.51295e+15 2.61018e+35 2.32174e+20 8.39048e+38 
1.51381e+15 2.61275e+35 2.32317e+20 8.39449e+38 
1.51467e+15 2.61533e+35 2.32459e+20 8.39849e+38 
1.51553e+15 2.61791e+35 2.32602e+20 8.40249e+38 
1.5164e+15 2.62049e+35 2.32745e+20 8.4065e+38 
1.51726e+15 2.62308e+35 2.32888e+20 8.41051e+38 
1.51812e+15 2.62566e+35 2.33031e+20 8.41452e+38 
1.51898e+15 2.62825e+35 2.33174e+20 8.41853e+38 
1.51985e+15 2.63083e+35 2.33316e+20 8.42255e+38 
1.52071e+15 2.63342e+35 2.33459e+20 8.42656e+38 
1.52158e+15 2.63601e+35 2.33602e+20 8.43058e+38 
1.52244e+15 2.63861e+35 2.33745e+20 8.4346e+38 
1.52331e+15 2.6412e+35 2.33887e+20 8.43862e+38 
1.52417e+15 2.64379e+35 2.3403e+20 8.44264e+38 
1.52504e+15 2.64639e+35 2.34173e+20 8.44666e+38 
1.52591e+15 2.64899e+35 2.34316e+20 8.45069e+38 
1.52677e+15 2.65159e+35 2.34458e+20 8.45471e+38 
1.52764e+15 2.65419e+35 2.34601e+20 8.45874e+38 
1.52851e+15 2.65679e+35 2.34744e+20 8.46277e+38 
1.52938e+15 2.65939e+35 2.34886e+20 8.4668e+38 
1.53025e+15 2.662e+35 2.35029e+20 8.47083e+38 
1.53112e+15 2.6646e+35 2.35172e+20 8.47487e+38 
1.53199e+15 2.66721e+35 2.35314e+20 8.47891e+38 
1.53286e+15 2.66982e+35 2.35457e+20 8.48294e+38 
1.53373e+15 2.67243e+35 2.356e+20 8.48698e+38 
1.5346e+15 2.67505e+35 2.35742e+20 8.49103e+38 
1.53548e+15 2.67766e+35 2.35885e+20 8.49507e+38 
1.53635e+15 2.68027e+35 2.36028e+20 8.49911e+38 
1.53722e+15 2.68289e+35 2.3617e+20 8.50316e+38 
1.5381e+15 2.68551e+35 2.36313e+20 8.50721e+38 
1.53897e+15 2.68813e+35 2.36455e+20 8.51126e+38 
1.53985e+15 2.69075e+35 2.36598e+20 8.51531e+38 
1.54072e+15 2.69337e+35 2.3674e+20 8.51936e+38 
1.5416e+15 2.696e+35 2.36883e+20 8.52342e+38 
1.54247e+15 2.69862e+35 2.37026e+20 8.52747e+38 
1.54335e+15 2.70125e+35 2.37168e+20 8.53153e+38 
1.54423e+15 2.70388e+35 2.37311e+20 8.53559e+38 
1.54511e+15 2.70651e+35 2.37453e+20 8.53965e+38 
1.54599e+15 2.70914e+35 2.37596e+20 8.54372e+38 
1.54686e+15 2.71178e+35 2.37738e+20 8.54778e+38 
1.54774e+15 2.71441e+35 2.37881e+20 8.55185e+38 
1.54862e+15 2.71705e+35 2.38023e+20 8.55591e+38 
1.5495e+15 2.71968e+35 2.38166e+20 8.55998e+38 
1.55039e+15 2.72232e+35 2.38308e+20 8.56406e+38 
1.55127e+15 2.72496e+35 2.3845e+20 8.56813e+38 
1.55215e+15 2.72761e+35 2.38593e+20 8.5722e+38 
1.55303e+15 2.73025e+35 2.38735e+20 8.57628e+38 
1.55391e+15 2.7329e+35 2.38878e+20 8.58036e+38 
1.5548e+15 2.73554e+35 2.3902e+20 8.58444e+38 
1.55568e+15 2.73819e+35 2.39163e+20 8.58852e+38 
1.55657e+15 2.74084e+35 2.39305e+20 8.5926e+38 
1.55745e+15 2.74349e+35 2.39447e+20 8.59669e+38 
1.55834e+15 2.74615e+35 2.3959e+20 8.60077e+38 
1.55922e+15 2.7488e+35 2.39732e+20 8.60486e+38 
1.56011e+15 2.75146e+35 2.39874e+20 8.60895e+38 
1.561e+15 2.75411e+35 2.40017e+20 8.61304e+38 
1.56188e+15 2.75677e+35 2.40159e+20 8.61714e+38 
1.56277e+15 2.75943e+35 2.40301e+20 8.62123e+38 
1.56366e+15 2.76209e+35 2.40444e+20 8.62533e+38 
1.56455e+15 2.76476e+35 2.40586e+20 8.62943e+38 
1.56544e+15 2.76742e+35 2.40728e+20 8.63353e+38 
1.56633e+15 2.77009e+35 2.40871e+20 8.63763e+38 
1.56722e+15 2.77276e+35 2.41013e+20 8.64173e+38 
1.56811e+15 2.77543e+35 2.41155e+20 8.64584e+38 
1.569e+15 2.7781e+35 2.41297e+20 8.64994e+38 
1.56989e+15 2.78077e+35 2.4144e+20 8.65405e+38 
1.57079e+15 2.78344e+35 2.41582e+20 8.65816e+38 
1.57168e+15 2.78612e+35 2.41724e+20 8.66227e+38 
1.57257e+15 2.7888e+35 2.41866e+20 8.66639e+38 
1.57347e+15 2.79148e+35 2.42009e+20 8.6705e+38 
1.57436e+15 2.79416e+35 2.42151e+20 8.67462e+38 
1.57526e+15 2.79684e+35 2.42293e+20 8.67874e+38 
1.57615e+15 2.79952e+35 2.42435e+20 8.68286e+38 
1.57705e+15 2.80221e+35 2.42577e+20 8.68698e+38 
1.57795e+15 2.80489e+35 2.4272e+20 8.6911e+38 
1.57884e+15 2.80758e+35 2.42862e+20 8.69523e+38 
1.57974e+15 2.81027e+35 2.43004e+20 8.69935e+38 
1.58064e+15 2.81296e+35 2.43146e+20 8.70348e+38 
1.58154e+15 2.81565e+35 2.43288e+20 8.70761e+38 
1.58244e+15 2.81835e+35 2.4343e+20 8.71174e+38 
1.58334e+15 2.82104e+35 2.43572e+20 8.71588e+38 
1.58424e+15 2.82374e+35 2.43715e+20 8.72001e+38 
1.58514e+15 2.82644e+35 2.43857e+20 8.72415e+38 
1.58604e+15 2.82914e+35 2.43999e+20 8.72829e+38 
1.58694e+15 2.83184e+35 2.44141e+20 8.73243e+38 
1.58784e+15 2.83454e+35 2.44283e+20 8.73657e+38 
1.58875e+15 2.83725e+35 2.44425e+20 8.74071e+38 
1.58965e+15 2.83995e+35 2.44567e+20 8.74486e+38 
1.59055e+15 2.84266e+35 2.44709e+20 8.74901e+38 
1.59146e+15 2.84537e+35 2.44851e+20 8.75316e+38 
1.59236e+15 2.84808e+35 2.44993e+20 8.75731e+38 
1.59327e+15 2.85079e+35 2.45135e+20 8.76146e+38 
1.59417e+15 2.85351e+35 2.45277e+20 8.76561e+38 
1.59508e+15 2.85622e+35 2.45419e+20 8.76977e+38 
1.59599e+15 2.85894e+35 2.45561e+20 8.77393e+38 
1.59689e+15 2.86166e+35 2.45703e+20 8.77809e+38 
1.5978e+15 2.86438e+35 2.45845e+20 8.78225e+38 
1.59871e+15 2.8671e+35 2.45987e+20 8.78641e+38 
1.59962e+15 2.86982e+35 2.46129e+20 8.79057e+38 
1.60053e+15 2.87255e+35 2.46271e+20 8.79474e+38 
1.60144e+15 2.87527e+35 2.46413e+20 8.79891e+38 
1.60235e+15 2.878e+35 2.46555e+20 8.80308e+38 
1.60326e+15 2.88073e+35 2.46697e+20 8.80725e+38 
1.60417e+15 2.88346e+35 2.46839e+20 8.81142e+38 
1.60508e+15 2.88619e+35 2.4698e+20 8.81559e+38 
1.606e+15 2.88893e+35 2.47122e+20 8.81977e+38 
1.60691e+15 2.89166e+35 2.47264e+20 8.82395e+38 
1.60782e+15 2.8944e+35 2.47406e+20 8.82813e+38 
1.60874e+15 2.89714e+35 2.47548e+20 8.83231e+38 
1.60965e+15 2.89988e+35 2.4769e+20 8.83649e+38 
1.61057e+15 2.90262e+35 2.47832e+20 8.84068e+38 
1.61148e+15 2.90536e+35 2.47974e+20 8.84486e+38 
1.6124e+15 2.90811e+35 2.48115e+20 8.84905e+38 
1.61332e+15 2.91085e+35 2.48257e+20 8.85324e+38 
1.61423e+15 2.9136e+35 2.48399e+20 8.85743e+38 
1.61515e+15 2.91635e+35 2.48541e+20 8.86163e+38 
1.61607e+15 2.9191e+35 2.48683e+20 8.86582e+38 
1.61699e+15 2.92186e+35 2.48824e+20 8.87002e+38 
1.61791e+15 2.92461e+35 2.48966e+20 8.87422e+38 
1.61883e+15 2.92737e+35 2.49108e+20 8.87842e+38 
1.61975e+15 2.93012e+35 2.4925e+20 8.88262e+38 
1.62067e+15 2.93288e+35 2.49391e+20 8.88682e+38 
1.62159e+15 2.93564e+35 2.49533e+20 8.89103e+38 
1.62251e+15 2.9384e+35 2.49675e+20 8.89524e+38 
1.62343e+15 2.94117e+35 2.49817e+20 8.89945e+38 
1.62436e+15 2.94393e+35 2.49958e+20 8.90366e+38 
1.62528e+15 2.9467e+35 2.501e+20 8.90787e+38 
1.62621e+15 2.94947e+35 2.50242e+20 8.91208e+38 
1.62713e+15 2.95224e+35 2.50383e+20 8.9163e+38 
1.62806e+15 2.95501e+35 2.50525e+20 8.92052e+38 
1.62898e+15 2.95778e+35 2.50667e+20 8.92474e+38 
1.62991e+15 2.96056e+35 2.50808e+20 8.92896e+38 
1.63083e+15 2.96333e+35 2.5095e+20 8.93318e+38 
1.63176e+15 2.96611e+35 2.51092e+20 8.93741e+38 
1.63269e+15 2.96889e+35 2.51233e+20 8.94163e+38 
1.63362e+15 2.97167e+35 2.51375e+20 8.94586e+38 
1.63455e+15 2.97446e+35 2.51517e+20 8.95009e+38 
1.63548e+15 2.97724e+35 2.51658e+20 8.95432e+38 
1.63641e+15 2.98003e+35 2.518e+20 8.95855e+38 
1.63734e+15 2.98281e+35 2.51941e+20 8.96279e+38 
1.63827e+15 2.9856e+35 2.52083e+20 8.96703e+38 
1.6392e+15 2.98839e+35 2.52225e+20 8.97126e+38 
1.64013e+15 2.99118e+35 2.52366e+20 8.9755e+38 
1.64106e+15 2.99398e+35 2.52508e+20 8.97975e+38 
1.642e+15 2.99677e+35 2.52649e+20 8.98399e+38 
1.64293e+15 2.99957e+35 2.52791e+20 8.98824e+38 
1.64386e+15 3.00237e+35 2.52932e+20 8.99248e+38 
1.6448e+15 3.00517e+35 2.53074e+20 8.99673e+38 
1.64573e+15 3.00797e+35 2.53215e+20 9.00098e+38 
1.64667e+15 3.01077e+35 2.53357e+20 9.00523e+38 
1.6476e+15 3.01358e+35 2.53498e+20 9.00949e+38 
1.64854e+15 3.01638e+35 2.5364e+20 9.01375e+38 
1.64948e+15 3.01919e+35 2.53781e+20 9.018e+38 
1.65042e+15 3.022e+35 2.53923e+20 9.02226e+38 
1.65136e+15 3.02481e+35 2.54064e+20 9.02652e+38 
1.65229e+15 3.02763e+35 2.54206e+20 9.03079e+38 
1.65323e+15 3.03044e+35 2.54347e+20 9.03505e+38 
1.65417e+15 3.03326e+35 2.54489e+20 9.03932e+38 
1.65511e+15 3.03607e+35 2.5463e+20 9.04359e+38 
1.65605e+15 3.03889e+35 2.54771e+20 9.04786e+38 
1.657e+15 3.04171e+35 2.54913e+20 9.05213e+38 
1.65794e+15 3.04454e+35 2.55054e+20 9.0564e+38 
1.65888e+15 3.04736e+35 2.55196e+20 9.06068e+38 
1.65982e+15 3.05019e+35 2.55337e+20 9.06495e+38 
1.66077e+15 3.05301e+35 2.55478e+20 9.06923e+38 
1.66171e+15 3.05584e+35 2.5562e+20 9.07351e+38 
1.66266e+15 3.05867e+35 2.55761e+20 9.07779e+38 
1.6636e+15 3.0615e+35 2.55902e+20 9.08208e+38 
1.66455e+15 3.06434e+35 2.56044e+20 9.08636e+38 
1.66549e+15 3.06717e+35 2.56185e+20 9.09065e+38 
1.66644e+15 3.07001e+35 2.56326e+20 9.09494e+38 
1.66739e+15 3.07285e+35 2.56468e+20 9.09923e+38 
1.66834e+15 3.07569e+35 2.56609e+20 9.10352e+38 
1.66929e+15 3.07853e+35 2.5675e+20 9.10782e+38 
1.67023e+15 3.08137e+35 2.56892e+20 9.11212e+38 
1.67118e+15 3.08422e+35 2.57033e+20 9.11641e+38 
1.67213e+15 3.08707e+35 2.57174e+20 9.12071e+38 
1.67309e+15 3.08991e+35 2.57315e+20 9.12502e+38 
1.67404e+15 3.09276e+35 2.57457e+20 9.12932e+38 
1.67499e+15 3.09561e+35 2.57598e+20 9.13362e+38 
1.67594e+15 3.09847e+35 2.57739e+20 9.13793e+38 
1.67689e+15 3.10132e+35 2.5788e+20 9.14224e+38 
1.67785e+15 3.10418e+35 2.58022e+20 9.14655e+38 
1.6788e+15 3.10704e+35 2.58163e+20 9.15086e+38 
1.67976e+15 3.1099e+35 2.58304e+20 9.15518e+38 
1.68071e+15 3.11276e+35 2.58445e+20 9.15949e+38 
1.68167e+15 3.11562e+35 2.58586e+20 9.16381e+38 
1.68262e+15 3.11848e+35 2.58728e+20 9.16813e+38 
1.68358e+15 3.12135e+35 2.58869e+20 9.17245e+38 
1.68454e+15 3.12422e+35 2.5901e+20 9.17677e+38 
1.68549e+15 3.12709e+35 2.59151e+20 9.1811e+38 
1.68645e+15 3.12996e+35 2.59292e+20 9.18542e+38 
1.68741e+15 3.13283e+35 2.59433e+20 9.18975e+38 
1.68837e+15 3.13571e+35 2.59574e+20 9.19408e+38 
1.68933e+15 3.13858e+35 2.59716e+20 9.19841e+38 
1.69029e+15 3.14146e+35 2.59857e+20 9.20275e+38 
1.69125e+15 3.14434e+35 2.59998e+20 9.20708e+38 
1.69221e+15 3.14722e+35 2.60139e+20 9.21142e+38 
1.69318e+15 3.1501e+35 2.6028e+20 9.21576e+38 
1.69414e+15 3.15299e+35 2.60421e+20 9.2201e+38 
1.6951e+15 3.15587e+35 2.60562e+20 9.22444e+38 
1.69607e+15 3.15876e+35 2.60703e+20 9.22879e+38 
1.69703e+15 3.16165e+35 2.60844e+20 9.23313e+38 
1.69799e+15 3.16454e+35 2.60985e+20 9.23748e+38 
1.69896e+15 3.16743e+35 2.61126e+20 9.24183e+38 
1.69993e+15 3.17032e+35 2.61267e+20 9.24618e+38 
1.70089e+15 3.17322e+35 2.61408e+20 9.25054e+38 
1.70186e+15 3.17612e+35 2.61549e+20 9.25489e+38 
1.70283e+15 3.17902e+35 2.6169e+20 9.25925e+38 
1.7038e+15 3.18192e+35 2.61831e+20 9.26361e+38 
1.70476e+15 3.18482e+35 2.61972e+20 9.26797e+38 
1.70573e+15 3.18772e+35 2.62113e+20 9.27233e+38 
1.7067e+15 3.19063e+35 2.62254e+20 9.27669e+38 
1.70767e+15 3.19353e+35 2.62395e+20 9.28106e+38 
1.70864e+15 3.19644e+35 2.62536e+20 9.28543e+38 
1.70962e+15 3.19935e+35 2.62677e+20 9.2898e+38 
1.71059e+15 3.20227e+35 2.62818e+20 9.29417e+38 
1.71156e+15 3.20518e+35 2.62959e+20 9.29854e+38 
1.71253e+15 3.20809e+35 2.631e+20 9.30292e+38 
1.71351e+15 3.21101e+35 2.63241e+20 9.30729e+38 
1.71448e+15 3.21393e+35 2.63382e+20 9.31167e+38 
1.71546e+15 3.21685e+35 2.63523e+20 9.31605e+38 
1.71643e+15 3.21977e+35 2.63663e+20 9.32043e+38 
1.71741e+15 3.2227e+35 2.63804e+20 9.32482e+38 
1.71838e+15 3.22562e+35 2.63945e+20 9.3292e+38 
1.71936e+15 3.22855e+35 2.64086e+20 9.33359e+38 
1.72034e+15 3.23148e+35 2.64227e+20 9.33798e+38 
1.72132e+15 3.23441e+35 2.64368e+20 9.34237e+38 
1.7223e+15 3.23734e+35 2.64509e+20 9.34676e+38 
1.72327e+15 3.24027e+35 2.64649e+20 9.35116e+38 
1.72425e+15 3.24321e+35 2.6479e+20 9.35555e+38 
1.72523e+15 3.24615e+35 2.64931e+20 9.35995e+38 
1.72622e+15 3.24908e+35 2.65072e+20 9.36435e+38 
1.7272e+15 3.25202e+35 2.65213e+20 9.36875e+38 
1.72818e+15 3.25497e+35 2.65353e+20 9.37316e+38 
1.72916e+15 3.25791e+35 2.65494e+20 9.37756e+38 
1.73014e+15 3.26086e+35 2.65635e+20 9.38197e+38 
1.73113e+15 3.2638e+35 2.65776e+20 9.38638e+38 
1.73211e+15 3.26675e+35 2.65916e+20 9.39079e+38 
1.7331e+15 3.2697e+35 2.66057e+20 9.3952e+38 
1.73408e+15 3.27265e+35 2.66198e+20 9.39962e+38 
1.73507e+15 3.27561e+35 2.66339e+20 9.40404e+38 
1.73606e+15 3.27856e+35 2.66479e+20 9.40845e+38 
1.73704e+15 3.28152e+35 2.6662e+20 9.41287e+38 
1.73803e+15 3.28448e+35 2.66761e+20 9.4173e+38 
1.73902e+15 3.28744e+35 2.66901e+20 9.42172e+38 
1.74001e+15 3.2904e+35 2.67042e+20 9.42614e+38 
1.741e+15 3.29336e+35 2.67183e+20 9.43057e+38 
1.74199e+15 3.29633e+35 2.67324e+20 9.435e+38 
1.74298e+15 3.2993e+35 2.67464e+20 9.43943e+38 
1.74397e+15 3.30227e+35 2.67605e+20 9.44387e+38 
1.74496e+15 3.30524e+35 2.67746e+20 9.4483e+38 
1.74595e+15 3.30821e+35 2.67886e+20 9.45274e+38 
1.74694e+15 3.31118e+35 2.68027e+20 9.45717e+38 
1.74794e+15 3.31416e+35 2.68167e+20 9.46162e+38 
1.74893e+15 3.31714e+35 2.68308e+20 9.46606e+38 
1.74993e+15 3.32011e+35 2.68449e+20 9.4705e+38 
1.75092e+15 3.3231e+35 2.68589e+20 9.47495e+38 
1.75192e+15 3.32608e+35 2.6873e+20 9.47939e+38 
1.75291e+15 3.32906e+35 2.6887e+20 9.48384e+38 
1.75391e+15 3.33205e+35 2.69011e+20 9.48829e+38 
1.75491e+15 3.33504e+35 2.69152e+20 9.49275e+38 
1.7559e+15 3.33802e+35 2.69292e+20 9.4972e+38 
1.7569e+15 3.34102e+35 2.69433e+20 9.50166e+38 
1.7579e+15 3.34401e+35 2.69573e+20 9.50612e+38 
1.7589e+15 3.347e+35 2.69714e+20 9.51058e+38 
1.7599e+15 3.35e+35 2.69854e+20 9.51504e+38 
1.7609e+15 3.353e+35 2.69995e+20 9.5195e+38 
1.7619e+15 3.35599e+35 2.70135e+20 9.52397e+38 
1.7629e+15 3.359e+35 2.70276e+20 9.52844e+38 
1.76391e+15 3.362e+35 2.70416e+20 9.53291e+38 
1.76491e+15 3.365e+35 2.70557e+20 9.53738e+38 
1.76591e+15 3.36801e+35 2.70697e+20 9.54185e+38 
1.76692e+15 3.37102e+35 2.70838e+20 9.54633e+38 
1.76792e+15 3.37403e+35 2.70978e+20 9.5508e+38 
1.76893e+15 3.37704e+35 2.71119e+20 9.55528e+38 
1.76993e+15 3.38005e+35 2.71259e+20 9.55976e+38 
1.77094e+15 3.38307e+35 2.714e+20 9.56425e+38 
1.77195e+15 3.38608e+35 2.7154e+20 9.56873e+38 
1.77295e+15 3.3891e+35 2.7168e+20 9.57322e+38 
1.77396e+15 3.39212e+35 2.71821e+20 9.5777e+38 
1.77497e+15 3.39514e+35 2.71961e+20 9.58219e+38 
1.77598e+15 3.39817e+35 2.72102e+20 9.58669e+38 
1.77699e+15 3.40119e+35 2.72242e+20 9.59118e+38 
1.778e+15 3.40422e+35 2.72382e+20 9.59567e+38 
1.77901e+15 3.40725e+35 2.72523e+20 9.60017e+38 
1.78002e+15 3.41028e+35 2.72663e+20 9.60467e+38 
1.78103e+15 3.41331e+35 2.72803e+20 9.60917e+38 
1.78205e+15 3.41634e+35 2.72944e+20 9.61367e+38 
1.78306e+15 3.41938e+35 2.73084e+20 9.61818e+38 
1.78407e+15 3.42241e+35 2.73224e+20 9.62269e+38 
1.78509e+15 3.42545e+35 2.73365e+20 9.62719e+38 
1.7861e+15 3.42849e+35 2.73505e+20 9.6317e+38 
1.78712e+15 3.43154e+35 2.73645e+20 9.63622e+38 
1.78813e+15 3.43458e+35 2.73786e+20 9.64073e+38 
1.78915e+15 3.43763e+35 2.73926e+20 9.64525e+38 
1.79017e+15 3.44067e+35 2.74066e+20 9.64976e+38 
1.79119e+15 3.44372e+35 2.74207e+20 9.65428e+38 
1.7922e+15 3.44677e+35 2.74347e+20 9.65881e+38 
1.79322e+15 3.44983e+35 2.74487e+20 9.66333e+38 
1.79424e+15 3.45288e+35 2.74627e+20 9.66785e+38 
1.79526e+15 3.45594e+35 2.74768e+20 9.67238e+38 
1.79628e+15 3.459e+35 2.74908e+20 9.67691e+38 
1.7973e+15 3.46205e+35 2.75048e+20 9.68144e+38 
1.79833e+15 3.46512e+35 2.75188e+20 9.68597e+38 
1.79935e+15 3.46818e+35 2.75329e+20 9.69051e+38 
1.80037e+15 3.47124e+35 2.75469e+20 9.69504e+38 
1.8014e+15 3.47431e+35 2.75609e+20 9.69958e+38 
1.80242e+15 3.47738e+35 2.75749e+20 9.70412e+38 
1.80344e+15 3.48045e+35 2.75889e+20 9.70866e+38 
1.80447e+15 3.48352e+35 2.7603e+20 9.71321e+38 
1.8055e+15 3.48659e+35 2.7617e+20 9.71775e+38 
1.80652e+15 3.48967e+35 2.7631e+20 9.7223e+38 
1.80755e+15 3.49275e+35 2.7645e+20 9.72685e+38 
1.80858e+15 3.49583e+35 2.7659e+20 9.7314e+38 
1.80961e+15 3.49891e+35 2.7673e+20 9.73596e+38 
1.81063e+15 3.50199e+35 2.7687e+20 9.74051e+38 
1.81166e+15 3.50507e+35 2.77011e+20 9.74507e+38 
1.81269e+15 3.50816e+35 2.77151e+20 9.74963e+38 
1.81372e+15 3.51125e+35 2.77291e+20 9.75419e+38 
1.81476e+15 3.51434e+35 2.77431e+20 9.75875e+38 
1.81579e+15 3.51743e+35 2.77571e+20 9.76331e+38 
1.81682e+15 3.52052e+35 2.77711e+20 9.76788e+38 
1.81785e+15 3.52361e+35 2.77851e+20 9.77245e+38 
1.81889e+15 3.52671e+35 2.77991e+20 9.77702e+38 
1.81992e+15 3.52981e+35 2.78131e+20 9.78159e+38 
1.82096e+15 3.53291e+35 2.78271e+20 9.78616e+38 
1.82199e+15 3.53601e+35 2.78411e+20 9.79074e+38 
1.82303e+15 3.53911e+35 2.78551e+20 9.79532e+38 
1.82406e+15 3.54222e+35 2.78691e+20 9.7999e+38 
1.8251e+15 3.54533e+35 2.78832e+20 9.80448e+38 
1.82614e+15 3.54844e+35 2.78972e+20 9.80906e+38 
1.82718e+15 3.55155e+35 2.79112e+20 9.81365e+38 
1.82821e+15 3.55466e+35 2.79252e+20 9.81824e+38 
1.82925e+15 3.55777e+35 2.79392e+20 9.82282e+38 
1.83029e+15 3.56089e+35 2.79532e+20 9.82742e+38 
1.83133e+15 3.56401e+35 2.79671e+20 9.83201e+38 
1.83238e+15 3.56712e+35 2.79811e+20 9.8366e+38 
1.83342e+15 3.57025e+35 2.79951e+20 9.8412e+38 
1.83446e+15 3.57337e+35 2.80091e+20 9.8458e+38 
1.8355e+15 3.57649e+35 2.80231e+20 9.8504e+38 
1.83655e+15 3.57962e+35 2.80371e+20 9.855e+38 
1.83759e+15 3.58275e+35 2.80511e+20 9.85961e+38 
1.83864e+15 3.58588e+35 2.80651e+20 9.86421e+38 
1.83968e+15 3.58901e+35 2.80791e+20 9.86882e+38 
1.84073e+15 3.59214e+35 2.80931e+20 9.87343e+38 
1.84177e+15 3.59528e+35 2.81071e+20 9.87804e+38 
1.84282e+15 3.59842e+35 2.81211e+20 9.88265e+38 
1.84387e+15 3.60156e+35 2.81351e+20 9.88727e+38 
1.84492e+15 3.6047e+35 2.81491e+20 9.89189e+38 
1.84597e+15 3.60784e+35 2.8163e+20 9.89651e+38 
1.84702e+15 3.61098e+35 2.8177e+20 9.90113e+38 
1.84807e+15 3.61413e+35 2.8191e+20 9.90575e+38 
1.84912e+15 3.61728e+35 2.8205e+20 9.91038e+38 
1.85017e+15 3.62043e+35 2.8219e+20 9.915e+38 
1.85122e+15 3.62358e+35 2.8233e+20 9.91963e+38 
1.85227e+15 3.62673e+35 2.82469e+20 9.92426e+38 
1.85333e+15 3.62989e+35 2.82609e+20 9.9289e+38 
1.85438e+15 3.63304e+35 2.82749e+20 9.93353e+38 
1.85543e+15 3.6362e+35 2.82889e+20 9.93817e+38 
1.85649e+15 3.63936e+35 2.83029e+20 9.94281e+38 
1.85754e+15 3.64252e+35 2.83168e+20 9.94745e+38 
1.8586e+15 3.64569e+35 2.83308e+20 9.95209e+38 
1.85966e+15 3.64885e+35 2.83448e+20 9.95673e+38 
1.86071e+15 3.65202e+35 2.83588e+20 9.96138e+38 
1.86177e+15 3.65519e+35 2.83728e+20 9.96603e+38 
1.86283e+15 3.65836e+35 2.83867e+20 9.97068e+38 
1.86389e+15 3.66153e+35 2.84007e+20 9.97533e+38 
1.86495e+15 3.66471e+35 2.84147e+20 9.97998e+38 
1.86601e+15 3.66789e+35 2.84287e+20 9.98464e+38 
1.86707e+15 3.67106e+35 2.84426e+20 9.9893e+38 
1.86813e+15 3.67425e+35 2.84566e+20 9.99396e+38 
1.86919e+15 3.67743e+35 2.84706e+20 9.99862e+38 
1.87026e+15 3.68061e+35 2.84845e+20 1.00033e+39 
1.87132e+15 3.6838e+35 2.84985e+20 1.00079e+39 
1.87238e+15 3.68698e+35 2.85125e+20 1.00126e+39 
1.87345e+15 3.69017e+35 2.85264e+20 1.00173e+39 
1.87451e+15 3.69336e+35 2.85404e+20 1.0022e+39 
1.87558e+15 3.69656e+35 2.85544e+20 1.00266e+39 
1.87665e+15 3.69975e+35 2.85683e+20 1.00313e+39 
1.87771e+15 3.70295e+35 2.85823e+20 1.0036e+39 
1.87878e+15 3.70615e+35 2.85963e+20 1.00407e+39 
1.87985e+15 3.70935e+35 2.86102e+20 1.00453e+39 
1.88092e+15 3.71255e+35 2.86242e+20 1.005e+39 
1.88199e+15 3.71575e+35 2.86382e+20 1.00547e+39 
1.88306e+15 3.71896e+35 2.86521e+20 1.00594e+39 
1.88413e+15 3.72217e+35 2.86661e+20 1.00641e+39 
1.8852e+15 3.72538e+35 2.868e+20 1.00688e+39 
1.88627e+15 3.72859e+35 2.8694e+20 1.00735e+39 
1.88734e+15 3.7318e+35 2.8708e+20 1.00782e+39 
1.88842e+15 3.73501e+35 2.87219e+20 1.00829e+39 
1.88949e+15 3.73823e+35 2.87359e+20 1.00876e+39 
1.89056e+15 3.74145e+35 2.87498e+20 1.00923e+39 
1.89164e+15 3.74467e+35 2.87638e+20 1.0097e+39 
1.89272e+15 3.74789e+35 2.87777e+20 1.01017e+39 
1.89379e+15 3.75112e+35 2.87917e+20 1.01064e+39 
1.89487e+15 3.75434e+35 2.88056e+20 1.01111e+39 
1.89595e+15 3.75757e+35 2.88196e+20 1.01158e+39 
1.89702e+15 3.7608e+35 2.88335e+20 1.01205e+39 
1.8981e+15 3.76403e+35 2.88475e+20 1.01252e+39 
1.89918e+15 3.76726e+35 2.88614e+20 1.01299e+39 
1.90026e+15 3.7705e+35 2.88754e+20 1.01346e+39 
1.90134e+15 3.77373e+35 2.88893e+20 1.01394e+39 
1.90242e+15 3.77697e+35 2.89033e+20 1.01441e+39 
1.9035e+15 3.78021e+35 2.89172e+20 1.01488e+39 
1.90459e+15 3.78346e+35 2.89312e+20 1.01535e+39 
1.90567e+15 3.7867e+35 2.89451e+20 1.01583e+39 
1.90675e+15 3.78995e+35 2.89591e+20 1.0163e+39 
1.90784e+15 3.79319e+35 2.8973e+20 1.01677e+39 
1.90892e+15 3.79644e+35 2.8987e+20 1.01725e+39 
1.91001e+15 3.79969e+35 2.90009e+20 1.01772e+39 
1.91109e+15 3.80295e+35 2.90148e+20 1.01819e+39 
1.91218e+15 3.8062e+35 2.90288e+20 1.01867e+39 
1.91327e+15 3.80946e+35 2.90427e+20 1.01914e+39 
1.91435e+15 3.81272e+35 2.90567e+20 1.01962e+39 
1.91544e+15 3.81598e+35 2.90706e+20 1.02009e+39 
1.91653e+15 3.81924e+35 2.90845e+20 1.02056e+39 
1.91762e+15 3.82251e+35 2.90985e+20 1.02104e+39 
1.91871e+15 3.82577e+35 2.91124e+20 1.02151e+39 
1.9198e+15 3.82904e+35 2.91264e+20 1.02199e+39 
1.92089e+15 3.83231e+35 2.91403e+20 1.02247e+39 
1.92199e+15 3.83558e+35 2.91542e+20 1.02294e+39 
1.92308e+15 3.83886e+35 2.91682e+20 1.02342e+39 
1.92417e+15 3.84213e+35 2.91821e+20 1.02389e+39 
1.92527e+15 3.84541e+35 2.9196e+20 1.02437e+39 
1.92636e+15 3.84869e+35 2.921e+20 1.02485e+39 
1.92746e+15 3.85197e+35 2.92239e+20 1.02532e+39 
1.92855e+15 3.85525e+35 2.92378e+20 1.0258e+39 
1.92965e+15 3.85854e+35 2.92518e+20 1.02628e+39 
1.93075e+15 3.86183e+35 2.92657e+20 1.02675e+39 
1.93184e+15 3.86511e+35 2.92796e+20 1.02723e+39 
1.93294e+15 3.86841e+35 2.92935e+20 1.02771e+39 
1.93404e+15 3.8717e+35 2.93075e+20 1.02819e+39 
1.93514e+15 3.87499e+35 2.93214e+20 1.02867e+39 
1.93624e+15 3.87829e+35 2.93353e+20 1.02914e+39 
1.93734e+15 3.88159e+35 2.93492e+20 1.02962e+39 
1.93844e+15 3.88489e+35 2.93632e+20 1.0301e+39 
1.93955e+15 3.88819e+35 2.93771e+20 1.03058e+39 
1.94065e+15 3.89149e+35 2.9391e+20 1.03106e+39 
1.94175e+15 3.8948e+35 2.94049e+20 1.03154e+39 
1.94286e+15 3.8981e+35 2.94189e+20 1.03202e+39 
1.94396e+15 3.90141e+35 2.94328e+20 1.0325e+39 
1.94507e+15 3.90473e+35 2.94467e+20 1.03298e+39 
1.94617e+15 3.90804e+35 2.94606e+20 1.03346e+39 
1.94728e+15 3.91135e+35 2.94745e+20 1.03394e+39 
1.94838e+15 3.91467e+35 2.94884e+20 1.03442e+39 
1.94949e+15 3.91799e+35 2.95024e+20 1.0349e+39 
1.9506e+15 3.92131e+35 2.95163e+20 1.03538e+39 
1.95171e+15 3.92463e+35 2.95302e+20 1.03586e+39 
1.95282e+15 3.92796e+35 2.95441e+20 1.03634e+39 
1.95393e+15 3.93128e+35 2.9558e+20 1.03682e+39 
1.95504e+15 3.93461e+35 2.95719e+20 1.0373e+39 
1.95615e+15 3.93794e+35 2.95858e+20 1.03779e+39 
1.95726e+15 3.94127e+35 2.95998e+20 1.03827e+39 
1.95838e+15 3.94461e+35 2.96137e+20 1.03875e+39 
1.95949e+15 3.94794e+35 2.96276e+20 1.03923e+39 
1.96061e+15 3.95128e+35 2.96415e+20 1.03972e+39 
1.96172e+15 3.95462e+35 2.96554e+20 1.0402e+39 
1.96284e+15 3.95796e+35 2.96693e+20 1.04068e+39 
1.96395e+15 3.9613e+35 2.96832e+20 1.04116e+39 
1.96507e+15 3.96465e+35 2.96971e+20 1.04165e+39 
1.96619e+15 3.968e+35 2.9711e+20 1.04213e+39 
1.9673e+15 3.97135e+35 2.97249e+20 1.04262e+39 
1.96842e+15 3.9747e+35 2.97388e+20 1.0431e+39 
1.96954e+15 3.97805e+35 2.97527e+20 1.04358e+39 
1.97066e+15 3.9814e+35 2.97666e+20 1.04407e+39 
1.97178e+15 3.98476e+35 2.97806e+20 1.04455e+39 
1.9729e+15 3.98812e+35 2.97945e+20 1.04504e+39 
1.97402e+15 3.99148e+35 2.98084e+20 1.04552e+39 
1.97515e+15 3.99484e+35 2.98223e+20 1.04601e+39 
1.97627e+15 3.99821e+35 2.98362e+20 1.04649e+39 
1.97739e+15 4.00157e+35 2.98501e+20 1.04698e+39 
1.97852e+15 4.00494e+35 2.9864e+20 1.04746e+39 
1.97964e+15 4.00831e+35 2.98779e+20 1.04795e+39 
1.98077e+15 4.01168e+35 2.98917e+20 1.04844e+39 
1.98189e+15 4.01506e+35 2.99056e+20 1.04892e+39 
1.98302e+15 4.01843e+35 2.99195e+20 1.04941e+39 
1.98415e+15 4.02181e+35 2.99334e+20 1.0499e+39 
1.98528e+15 4.02519e+35 2.99473e+20 1.05038e+39 
1.9864e+15 4.02857e+35 2.99612e+20 1.05087e+39 
1.98753e+15 4.03196e+35 2.99751e+20 1.05136e+39 
1.98866e+15 4.03534e+35 2.9989e+20 1.05185e+39 
1.98979e+15 4.03873e+35 3.00029e+20 1.05233e+39 
1.99093e+15 4.04212e+35 3.00168e+20 1.05282e+39 
1.99206e+15 4.04551e+35 3.00307e+20 1.05331e+39 
1.99319e+15 4.0489e+35 3.00446e+20 1.0538e+39 
1.99432e+15 4.0523e+35 3.00585e+20 1.05429e+39 
1.99546e+15 4.05569e+35 3.00723e+20 1.05478e+39 
1.99659e+15 4.05909e+35 3.00862e+20 1.05527e+39 
1.99773e+15 4.06249e+35 3.01001e+20 1.05575e+39 
1.99886e+15 4.0659e+35 3.0114e+20 1.05624e+39 
2e+15 4.0693e+35 3.01279e+20 1.05673e+39 
