200
4.28123e+14 9.92104e+31 2.31793e+17 2.57905e+38 
4.28454e+14 1.98421e+32 4.63348e+17 2.58105e+38 
4.28785e+14 2.97631e+32 6.94664e+17 2.58304e+38 
4.29116e+14 3.96842e+32 9.25742e+17 2.58503e+38 
4.29447e+14 4.96052e+32 1.15658e+18 2.58703e+38 
4.29779e+14 5.95263e+32 1.38719e+18 2.58902e+38 
4.3011e+14 6.94473e+32 1.61755e+18 2.59101e+38 
4.30441e+14 7.93684e+32 1.84769e+18 2.593e+38 
4.30772e+14 8.92894e+32 2.07758e+18 2.59499e+38 
4.31103e+14 9.92104e+32 2.30724e+18 2.59698e+38 
4.65662e+14 1.13455e+34 2.50691e+19 2.80198e+38 
4.69267e+14 1.24254e+34 2.73158e+19 2.82308e+38 
4.729e+14 1.35137e+34 2.95573e+19 2.84428e+38 
4.76561e+14 1.46105e+34 3.17938e+19 2.86559e+38 
4.8025e+14 1.57157e+34 3.40253e+19 2.88702e+38 
4.83967e+14 1.68294e+34 3.62519e+19 2.90855e+38 
4.87714e+14 1.79518e+34 3.84736e+19 2.9302e+38 
4.91489e+14 1.90829e+34 4.06905e+19 2.95197e+38 
4.95294e+14 2.02227e+34 4.29027e+19 2.97384e+38 
4.99128e+14 2.13714e+34 4.51102e+19 2.99584e+38 
5.02992e+14 2.25289e+34 4.7313e+19 3.01795e+38 
5.06886e+14 2.36954e+34 4.95113e+19 3.04017e+38 
5.1081e+14 2.48709e+34 5.1705e+19 3.06252e+38 
5.14764e+14 2.60556e+34 5.38942e+19 3.08498e+38 
5.18749e+14 2.72494e+34 5.60791e+19 3.10756e+38 
5.22764e+14 2.84524e+34 5.82595e+19 3.13026e+38 
5.26811e+14 2.96648e+34 6.04356e+19 3.15308e+38 
5.30889e+14 3.08865e+34 6.26075e+19 3.17602e+38 
5.34999e+14 3.21177e+34 6.47752e+19 3.19909e+38 
5.39141e+14 3.33585e+34 6.69386e+19 3.22227e+38 
5.43314e+14 3.46088e+34 6.9098e+19 3.24558e+38 
5.4752e+14 3.58688e+34 7.12532e+19 3.26901e+38 
5.51758e+14 3.71386e+34 7.34045e+19 3.29257e+38 
5.5603e+14 3.84182e+34 7.55517e+19 3.31626e+38 
5.60334e+14 3.97077e+34 7.76951e+19 3.34007e+38 
5.64672e+14 4.10072e+34 7.98345e+19 3.364e+38 
5.69043e+14 4.23167e+34 8.197e+19 3.38807e+38 
5.73448e+14 4.36364e+34 8.41018e+19 3.41226e+38 
5.77887e+14 4.49663e+34 8.62298e+19 3.43659e+38 
5.8236e+14 4.63065e+34 8.83541e+19 3.46104e+38 
5.86869e+14 4.76571e+34 9.04747e+19 3.48563e+38 
5.91412e+14 4.90181e+34 9.25916e+19 3.51035e+38 
5.9599e+14 5.03896e+34 9.47049e+19 3.5352e+38 
6.00603e+14 5.17718e+34 9.68147e+19 3.56018e+38 
6.05253e+14 5.31647e+34 9.8921e+19 3.5853e+38 
6.09938e+14 5.45684e+34 1.01024e+20 3.61055e+38 
6.1466e+14 5.59829e+34 1.03123e+20 3.63594e+38 
6.19418e+14 5.74084e+34 1.05219e+20 3.66147e+38 
6.24213e+14 5.88449e+34 1.07312e+20 3.68713e+38 
6.29045e+14 6.02925e+34 1.09401e+20 3.71294e+38 
6.33915e+14 6.17513e+34 1.11487e+20 3.73888e+38 
6.38822e+14 6.32215e+34 1.13569e+20 3.76496e+38 
6.43767e+14 6.4703e+34 1.15649e+20 3.79119e+38 
6.48751e+14 6.6196e+34 1.17725e+20 3.81755e+38 
6.53773e+14 6.77005e+34 1.19798e+20 3.84406e+38 
6.58834e+14 6.92167e+34 1.21868e+20 3.87071e+38 
6.63934e+14 7.07446e+34 1.23935e+20 3.89751e+38 
6.69073e+14 7.22843e+34 1.25999e+20 3.92445e+38 
6.74253e+14 7.3836e+34 1.2806e+20 3.95154e+38 
6.79472e+14 7.53997e+34 1.30117e+20 3.97878e+38 
6.84732e+14 7.69755e+34 1.32172e+20 4.00616e+38 
6.90033e+14 7.85635e+34 1.34224e+20 4.03369e+38 
6.95374e+14 8.01637e+34 1.36273e+20 4.06138e+38 
7.00757e+14 8.17764e+34 1.38319e+20 4.08921e+38 
7.06182e+14 8.34015e+34 1.40363e+20 4.11719e+38 
7.11649e+14 8.50393e+34 1.42403e+20 4.14533e+38 
7.17158e+14 8.66897e+34 1.44441e+20 4.17362e+38 
7.22709e+14 8.83529e+34 1.46476e+20 4.20207e+38 
7.28304e+14 9.00289e+34 1.48508e+20 4.23067e+38 
7.33942e+14 9.17179e+34 1.50537e+20 4.25943e+38 
7.39623e+14 9.34201e+34 1.52564e+20 4.28834e+38 
7.45349e+14 9.51353e+34 1.54589e+20 4.31742e+38 
7.51119e+14 9.68639e+34 1.5661e+20 4.34665e+38 
7.56933e+14 9.86058e+34 1.58629e+20 4.37604e+38 
7.62793e+14 1.00361e+35 1.60646e+20 4.4056e+38 
7.68697e+14 1.0213e+35 1.6266e+20 4.43531e+38 
7.74648e+14 1.03913e+35 1.64671e+20 4.46519e+38 
7.80645e+14 1.05709e+35 1.6668e+20 4.49524e+38 
7.86688e+14 1.0752e+35 1.68686e+20 4.52544e+38 
7.92778e+14 1.09344e+35 1.7069e+20 4.55582e+38 
7.98915e+14 1.11183e+35 1.72692e+20 4.58636e+38 
8.05099e+14 1.13036e+35 1.74691e+20 4.61707e+38 
8.11332e+14 1.14903e+35 1.76688e+20 4.64795e+38 
8.17612e+14 1.16784e+35 1.78683e+20 4.67899e+38 
8.23941e+14 1.18681e+35 1.80675e+20 4.71021e+38 
8.3032e+14 1.20591e+35 1.82665e+20 4.7416e+38 
8.36747e+14 1.22517e+35 1.84653e+20 4.77317e+38 
8.43225e+14 1.24458e+35 1.86638e+20 4.80491e+38 
8.49752e+14 1.26413e+35 1.88621e+20 4.83682e+38 
8.5633e+14 1.28384e+35 1.90602e+20 4.86891e+38 
8.62959e+14 1.3037e+35 1.92581e+20 4.90118e+38 
8.6964e+14 1.32371e+35 1.94558e+20 4.93362e+38 
8.76372e+14 1.34388e+35 1.96532e+20 4.96625e+38 
8.83156e+14 1.3642e+35 1.98505e+20 4.99905e+38 
8.89992e+14 1.38468e+35 2.00475e+20 5.03204e+38 
8.96882e+14 1.40532e+35 2.02443e+20 5.06521e+38 
9.03825e+14 1.42612e+35 2.0441e+20 5.09856e+38 
9.10821e+14 1.44708e+35 2.06374e+20 5.1321e+38 
9.17872e+14 1.46821e+35 2.08336e+20 5.16582e+38 
9.24978e+14 1.48949e+35 2.10296e+20 5.19973e+38 
9.32138e+14 1.51095e+35 2.12254e+20 5.23383e+38 
9.39354e+14 1.53256e+35 2.14211e+20 5.26812e+38 
9.46625e+14 1.55435e+35 2.16165e+20 5.30259e+38 
9.53953e+14 1.5763e+35 2.18117e+20 5.33726e+38 
9.61338e+14 1.59843e+35 2.20068e+20 5.37213e+38 
9.6878e+14 1.62072e+35 2.22016e+20 5.40718e+38 
9.76279e+14 1.64319e+35 2.23963e+20 5.44243e+38 
9.83837e+14 1.66583e+35 2.25908e+20 5.47788e+38 
9.91453e+14 1.68864e+35 2.27851e+20 5.51352e+38 
9.99128e+14 1.71164e+35 2.29792e+20 5.54937e+38 
1.00686e+15 1.73481e+35 2.31732e+20 5.58541e+38 
1.01466e+15 1.75816e+35 2.33669e+20 5.62165e+38 
1.02251e+15 1.78169e+35 2.35605e+20 5.6581e+38 
1.03043e+15 1.8054e+35 2.37539e+20 5.69474e+38 
1.0384e+15 1.8293e+35 2.39472e+20 5.7316e+38 
1.04644e+15 1.85338e+35 2.41403e+20 5.76865e+38 
1.05454e+15 1.87765e+35 2.43332e+20 5.80592e+38 
1.06271e+15 1.90211e+35 2.45259e+20 5.84339e+38 
1.07093e+15 1.92675e+35 2.47185e+20 5.88107e+38 
1.07922e+15 1.95159e+35 2.49109e+20 5.91896e+38 
1.08758e+15 1.97662e+35 2.51031e+20 5.95707e+38 
1.096e+15 2.00184e+35 2.52952e+20 5.99538e+38 
1.10448e+15 2.02726e+35 2.54871e+20 6.03392e+38 
1.11303e+15 2.05287e+35 2.56789e+20 6.07266e+38 
1.12165e+15 2.07868e+35 2.58705e+20 6.11163e+38 
1.13033e+15 2.1047e+35 2.60619e+20 6.15081e+38 
1.13908e+15 2.13091e+35 2.62532e+20 6.19021e+38 
1.1479e+15 2.15733e+35 2.64444e+20 6.22983e+38 
1.15678e+15 2.18395e+35 2.66354e+20 6.26967e+38 
1.16574e+15 2.21078e+35 2.68262e+20 6.30974e+38 
1.17476e+15 2.23781e+35 2.70169e+20 6.35003e+38 
1.18386e+15 2.26506e+35 2.72074e+20 6.39055e+38 
1.19302e+15 2.29251e+35 2.73978e+20 6.43129e+38 
1.20226e+15 2.32018e+35 2.75881e+20 6.47226e+38 
1.21156e+15 2.34806e+35 2.77782e+20 6.51346e+38 
1.22094e+15 2.37616e+35 2.79682e+20 6.5549e+38 
1.23039e+15 2.40447e+35 2.8158e+20 6.59656e+38 
1.23992e+15 2.43301e+35 2.83477e+20 6.63847e+38 
1.24952e+15 2.46176e+35 2.85373e+20 6.6806e+38 
1.25919e+15 2.49074e+35 2.87267e+20 6.72297e+38 
1.26894e+15 2.51994e+35 2.89159e+20 6.76558e+38 
1.27876e+15 2.54937e+35 2.91051e+20 6.80843e+38 
1.28866e+15 2.57903e+35 2.92941e+20 6.85153e+38 
1.29863e+15 2.60891e+35 2.9483e+20 6.89486e+38 
1.30869e+15 2.63903e+35 2.96717e+20 6.93844e+38 
1.31882e+15 2.66938e+35 2.98604e+20 6.98226e+38 
1.32903e+15 2.69996e+35 3.00488e+20 7.02633e+38 
1.33931e+15 2.73079e+35 3.02372e+20 7.07064e+38 
1.34968e+15 2.76185e+35 3.04255e+20 7.11521e+38 
1.36013e+15 2.79315e+35 3.06136e+20 7.16003e+38 
1.37066e+15 2.82469e+35 3.08016e+20 7.2051e+38 
1.38127e+15 2.85648e+35 3.09894e+20 7.25042e+38 
1.39196e+15 2.88851e+35 3.11772e+20 7.296e+38 
1.40274e+15 2.92079e+35 3.13648e+20 7.34184e+38 
1.4136e+15 2.95332e+35 3.15523e+20 7.38794e+38 
1.42454e+15 2.98611e+35 3.17397e+20 7.43429e+38 
1.43557e+15 3.01914e+35 3.1927e+20 7.48091e+38 
1.44668e+15 3.05244e+35 3.21141e+20 7.52779e+38 
1.45788e+15 3.08599e+35 3.23011e+20 7.57494e+38 
1.46916e+15 3.1198e+35 3.24881e+20 7.62235e+38 
1.48054e+15 3.15387e+35 3.26749e+20 7.67003e+38 
1.492e+15 3.18821e+35 3.28616e+20 7.71797e+38 
1.50355e+15 3.22281e+35 3.30482e+20 7.76619e+38 
1.51519e+15 3.25768e+35 3.32347e+20 7.81469e+38 
1.52692e+15 3.29281e+35 3.3421e+20 7.86345e+38 
1.53874e+15 3.32823e+35 3.36073e+20 7.91249e+38 
1.55065e+15 3.36391e+35 3.37934e+20 7.96181e+38 
1.56265e+15 3.39987e+35 3.39795e+20 8.01141e+38 
1.57475e+15 3.43611e+35 3.41654e+20 8.06129e+38 
1.58694e+15 3.47263e+35 3.43513e+20 8.11145e+38 
1.59922e+15 3.50944e+35 3.4537e+20 8.16189e+38 
1.6116e+15 3.54652e+35 3.47226e+20 8.21262e+38 
1.62408e+15 3.5839e+35 3.49082e+20 8.26364e+38 
1.63665e+15 3.62156e+35 3.50936e+20 8.31495e+38 
1.64932e+15 3.65952e+35 3.52789e+20 8.36655e+38 
1.66209e+15 3.69777e+35 3.54641e+20 8.41844e+38 
1.67496e+15 3.73632e+35 3.56493e+20 8.47062e+38 
1.68792e+15 3.77516e+35 3.58343e+20 8.5231e+38 
1.70099e+15 3.81431e+35 3.60192e+20 8.57588e+38 
1.71416e+15 3.85375e+35 3.62041e+20 8.62895e+38 
1.72743e+15 3.89351e+35 3.63888e+20 8.68233e+38 
1.7408e+15 3.93357e+35 3.65735e+20 8.73601e+38 
1.75427e+15 3.97394e+35 3.6758e+20 8.78999e+38 
1.76785e+15 4.01462e+35 3.69425e+20 8.84428e+38 
1.78154e+15 4.05562e+35 3.71269e+20 8.89888e+38 
1.79533e+15 4.09694e+35 3.73112e+20 8.95379e+38 
1.80923e+15 4.13857e+35 3.74954e+20 9.00901e+38 
1.82323e+15 4.18053e+35 3.76795e+20 9.06455e+38 
1.83735e+15 4.22282e+35 3.78635e+20 9.1204e+38 
1.85157e+15 4.26543e+35 3.80474e+20 9.17656e+38 
1.8659e+15 4.30837e+35 3.82313e+20 9.23305e+38 
1.88035e+15 4.35164e+35 3.8415e+20 9.28986e+38 
1.8949e+15 4.39525e+35 3.85987e+20 9.34699e+38 
1.90957e+15 4.43919e+35 3.87823e+20 9.40444e+38 
1.92435e+15 4.48348e+35 3.89658e+20 9.46222e+38 
1.93925e+15 4.52811e+35 3.91492e+20 9.52033e+38 
1.95426e+15 4.57308e+35 3.93325e+20 9.57877e+38 
1.96939e+15 4.6184e+35 3.95158e+20 9.63754e+38 
1.98464e+15 4.66407e+35 3.9699e+20 9.69665e+38 
2e+15 4.7101e+35 3.98821e+20 9.75609e+38 
