200
2.85474e+14 8.36136e+31 2.9299e+17 1.71972e+38 
2.85753e+14 1.67227e+32 5.85598e+17 1.7214e+38 
2.86032e+14 2.50841e+32 8.77826e+17 1.72308e+38 
2.86311e+14 3.34454e+32 1.16967e+18 1.72476e+38 
2.8659e+14 4.18068e+32 1.46114e+18 1.72644e+38 
2.86869e+14 5.01681e+32 1.75223e+18 1.72812e+38 
2.87148e+14 5.85295e+32 2.04295e+18 1.72979e+38 
2.87427e+14 6.68908e+32 2.33329e+18 1.73147e+38 
2.87706e+14 7.52522e+32 2.62325e+18 1.73315e+38 
2.87985e+14 8.36136e+32 2.91285e+18 1.73482e+38 
3.17442e+14 9.66101e+33 3.15523e+19 1.90885e+38 
3.20549e+14 1.05917e+34 3.43704e+19 1.9269e+38 
3.23686e+14 1.15315e+34 3.71806e+19 1.94506e+38 
3.26854e+14 1.24805e+34 3.9983e+19 1.96334e+38 
3.30052e+14 1.34387e+34 4.27779e+19 1.98174e+38 
3.33282e+14 1.44064e+34 4.55653e+19 2.00026e+38 
3.36544e+14 1.53835e+34 4.83453e+19 2.01891e+38 
3.39837e+14 1.63702e+34 5.1118e+19 2.03768e+38 
3.43163e+14 1.73665e+34 5.38836e+19 2.05658e+38 
3.46521e+14 1.83726e+34 5.66421e+19 2.0756e+38 
3.49912e+14 1.93885e+34 5.93937e+19 2.09476e+38 
3.53337e+14 2.04144e+34 6.21384e+19 2.11403e+38 
3.56795e+14 2.14503e+34 6.48764e+19 2.13344e+38 
3.60286e+14 2.24964e+34 6.76077e+19 2.15298e+38 
3.63812e+14 2.35527e+34 7.03325e+19 2.17265e+38 
3.67373e+14 2.46193e+34 7.30508e+19 2.19246e+38 
3.70968e+14 2.56964e+34 7.57627e+19 2.2124e+38 
3.74598e+14 2.6784e+34 7.84684e+19 2.23247e+38 
3.78264e+14 2.78822e+34 8.11679e+19 2.25267e+38 
3.81966e+14 2.89912e+34 8.38612e+19 2.27302e+38 
3.85704e+14 3.01111e+34 8.65486e+19 2.2935e+38 
3.89478e+14 3.12419e+34 8.923e+19 2.31412e+38 
3.9329e+14 3.23838e+34 9.19056e+19 2.33488e+38 
3.97139e+14 3.35368e+34 9.45754e+19 2.35578e+38 
4.01025e+14 3.47012e+34 9.72396e+19 2.37682e+38 
4.0495e+14 3.58769e+34 9.98981e+19 2.39801e+38 
4.08913e+14 3.70641e+34 1.02551e+20 2.41934e+38 
4.12914e+14 3.8263e+34 1.05199e+20 2.44081e+38 
4.16955e+14 3.94736e+34 1.07841e+20 2.46244e+38 
4.21036e+14 4.0696e+34 1.10478e+20 2.48421e+38 
4.25156e+14 4.19304e+34 1.13109e+20 2.50612e+38 
4.29317e+14 4.31769e+34 1.15736e+20 2.52819e+38 
4.33518e+14 4.44355e+34 1.18357e+20 2.55041e+38 
4.37761e+14 4.57065e+34 1.20974e+20 2.57278e+38 
4.42045e+14 4.699e+34 1.23585e+20 2.59531e+38 
4.46371e+14 4.82859e+34 1.26192e+20 2.61799e+38 
4.50739e+14 4.95946e+34 1.28793e+20 2.64082e+38 
4.5515e+14 5.09161e+34 1.3139e+20 2.66381e+38 
4.59604e+14 5.22505e+34 1.33983e+20 2.68696e+38 
4.64102e+14 5.3598e+34 1.3657e+20 2.71027e+38 
4.68644e+14 5.49586e+34 1.39153e+20 2.73374e+38 
4.7323e+14 5.63326e+34 1.41732e+20 2.75737e+38 
4.77861e+14 5.772e+34 1.44306e+20 2.78116e+38 
4.82538e+14 5.9121e+34 1.46876e+20 2.80512e+38 
4.8726e+14 6.05357e+34 1.49441e+20 2.82925e+38 
4.92028e+14 6.19643e+34 1.52002e+20 2.85354e+38 
4.96843e+14 6.34068e+34 1.54559e+20 2.878e+38 
5.01706e+14 6.48635e+34 1.57112e+20 2.90262e+38 
5.06615e+14 6.63344e+34 1.5966e+20 2.92742e+38 
5.11573e+14 6.78197e+34 1.62205e+20 2.95239e+38 
5.1658e+14 6.93195e+34 1.64745e+20 2.97753e+38 
5.21635e+14 7.0834e+34 1.67282e+20 3.00285e+38 
5.2674e+14 7.23634e+34 1.69815e+20 3.02835e+38 
5.31895e+14 7.39077e+34 1.72343e+20 3.05402e+38 
5.371e+14 7.54671e+34 1.74868e+20 3.07986e+38 
5.42356e+14 7.70417e+34 1.7739e+20 3.10589e+38 
5.47664e+14 7.86318e+34 1.79907e+20 3.1321e+38 
5.53023e+14 8.02375e+34 1.82421e+20 3.1585e+38 
5.58435e+14 8.18588e+34 1.84931e+20 3.18507e+38 
5.639e+14 8.34961e+34 1.87438e+20 3.21183e+38 
5.69419e+14 8.51493e+34 1.89941e+20 3.23878e+38 
5.74991e+14 8.68187e+34 1.92441e+20 3.26592e+38 
5.80618e+14 8.85045e+34 1.94937e+20 3.29324e+38 
5.863e+14 9.02068e+34 1.9743e+20 3.32076e+38 
5.92038e+14 9.19257e+34 1.99919e+20 3.34847e+38 
5.97832e+14 9.36614e+34 2.02405e+20 3.37637e+38 
6.03682e+14 9.54141e+34 2.04888e+20 3.40447e+38 
6.0959e+14 9.7184e+34 2.07368e+20 3.43277e+38 
6.15555e+14 9.89712e+34 2.09844e+20 3.46126e+38 
6.21579e+14 1.00776e+35 2.12317e+20 3.48995e+38 
6.27662e+14 1.02598e+35 2.14787e+20 3.51885e+38 
6.33805e+14 1.04438e+35 2.17255e+20 3.54794e+38 
6.40007e+14 1.06297e+35 2.19719e+20 3.57724e+38 
6.46271e+14 1.08173e+35 2.2218e+20 3.60675e+38 
6.52595e+14 1.10068e+35 2.24638e+20 3.63647e+38 
6.58982e+14 1.11981e+35 2.27093e+20 3.66639e+38 
6.65431e+14 1.13913e+35 2.29545e+20 3.69652e+38 
6.71943e+14 1.15864e+35 2.31994e+20 3.72687e+38 
6.78518e+14 1.17834e+35 2.34441e+20 3.75743e+38 
6.85159e+14 1.19823e+35 2.36884e+20 3.7882e+38 
6.91864e+14 1.21832e+35 2.39325e+20 3.81919e+38 
6.98634e+14 1.2386e+35 2.41764e+20 3.8504e+38 
7.05471e+14 1.25909e+35 2.44199e+20 3.88183e+38 
7.12375e+14 1.27977e+35 2.46632e+20 3.91349e+38 
7.19347e+14 1.30066e+35 2.49062e+20 3.94536e+38 
7.26386e+14 1.32175e+35 2.5149e+20 3.97746e+38 
7.33495e+14 1.34304e+35 2.53915e+20 4.00979e+38 
7.40673e+14 1.36455e+35 2.56337e+20 4.04234e+38 
7.47922e+14 1.38626e+35 2.58757e+20 4.07513e+38 
7.55241e+14 1.40819e+35 2.61175e+20 4.10815e+38 
7.62632e+14 1.43033e+35 2.6359e+20 4.1414e+38 
7.70095e+14 1.45269e+35 2.66002e+20 4.17488e+38 
7.77632e+14 1.47527e+35 2.68413e+20 4.20861e+38 
7.85242e+14 1.49807e+35 2.70821e+20 4.24257e+38 
7.92926e+14 1.52109e+35 2.73226e+20 4.27677e+38 
8.00686e+14 1.54434e+35 2.75629e+20 4.31122e+38 
8.08522e+14 1.56781e+35 2.7803e+20 4.34591e+38 
8.16434e+14 1.59151e+35 2.80429e+20 4.38084e+38 
8.24424e+14 1.61545e+35 2.82825e+20 4.41603e+38 
8.32492e+14 1.63962e+35 2.8522e+20 4.45146e+38 
8.40639e+14 1.66403e+35 2.87612e+20 4.48714e+38 
8.48865e+14 1.68867e+35 2.90001e+20 4.52308e+38 
8.57173e+14 1.71356e+35 2.92389e+20 4.55928e+38 
8.65561e+14 1.73869e+35 2.94775e+20 4.59573e+38 
8.74032e+14 1.76407e+35 2.97158e+20 4.63244e+38 
8.82585e+14 1.78969e+35 2.9954e+20 4.66941e+38 
8.91222e+14 1.81557e+35 3.01919e+20 4.70664e+38 
8.99944e+14 1.8417e+35 3.04297e+20 4.74414e+38 
9.08751e+14 1.86808e+35 3.06672e+20 4.78191e+38 
9.17644e+14 1.89473e+35 3.09046e+20 4.81995e+38 
9.26625e+14 1.92163e+35 3.11417e+20 4.85825e+38 
9.35693e+14 1.9488e+35 3.13787e+20 4.89683e+38 
9.4485e+14 1.97623e+35 3.16155e+20 4.93569e+38 
9.54096e+14 2.00393e+35 3.1852e+20 4.97482e+38 
9.63433e+14 2.0319e+35 3.20884e+20 5.01423e+38 
9.72862e+14 2.06015e+35 3.23246e+20 5.05392e+38 
9.82382e+14 2.08867e+35 3.25607e+20 5.09389e+38 
9.91996e+14 2.11747e+35 3.27965e+20 5.13415e+38 
1.0017e+15 2.14656e+35 3.30322e+20 5.1747e+38 
1.01151e+15 2.17592e+35 3.32677e+20 5.21554e+38 
1.02141e+15 2.20558e+35 3.3503e+20 5.25667e+38 
1.0314e+15 2.23552e+35 3.37382e+20 5.29809e+38 
1.0415e+15 2.26576e+35 3.39732e+20 5.33981e+38 
1.05169e+15 2.2963e+35 3.4208e+20 5.38183e+38 
1.06198e+15 2.32713e+35 3.44426e+20 5.42415e+38 
1.07237e+15 2.35827e+35 3.46771e+20 5.46677e+38 
1.08287e+15 2.38971e+35 3.49114e+20 5.5097e+38 
1.09346e+15 2.42145e+35 3.51456e+20 5.55293e+38 
1.10416e+15 2.45351e+35 3.53796e+20 5.59647e+38 
1.11497e+15 2.48588e+35 3.56134e+20 5.64033e+38 
1.12588e+15 2.51857e+35 3.58471e+20 5.68449e+38 
1.1369e+15 2.55158e+35 3.60806e+20 5.72898e+38 
1.14803e+15 2.58491e+35 3.6314e+20 5.77378e+38 
1.15926e+15 2.61857e+35 3.65473e+20 5.81891e+38 
1.17061e+15 2.65256e+35 3.67803e+20 5.86436e+38 
1.18206e+15 2.68688e+35 3.70133e+20 5.91013e+38 
1.19363e+15 2.72153e+35 3.72461e+20 5.95624e+38 
1.20531e+15 2.75653e+35 3.74787e+20 6.00267e+38 
1.21711e+15 2.79187e+35 3.77112e+20 6.04944e+38 
1.22902e+15 2.82755e+35 3.79436e+20 6.09654e+38 
1.24104e+15 2.86358e+35 3.81758e+20 6.14398e+38 
1.25319e+15 2.89997e+35 3.84079e+20 6.19176e+38 
1.26545e+15 2.93671e+35 3.86398e+20 6.23989e+38 
1.27784e+15 2.97381e+35 3.88716e+20 6.28836e+38 
1.29034e+15 3.01127e+35 3.91033e+20 6.33718e+38 
1.30297e+15 3.0491e+35 3.93349e+20 6.38635e+38 
1.31572e+15 3.0873e+35 3.95663e+20 6.43587e+38 
1.3286e+15 3.12588e+35 3.97976e+20 6.48575e+38 
1.3416e+15 3.16483e+35 4.00287e+20 6.53599e+38 
1.35473e+15 3.20416e+35 4.02598e+20 6.58659e+38 
1.36799e+15 3.24388e+35 4.04907e+20 6.63755e+38 
1.38137e+15 3.28399e+35 4.07215e+20 6.68888e+38 
1.39489e+15 3.32449e+35 4.09521e+20 6.74058e+38 
1.40854e+15 3.36538e+35 4.11827e+20 6.79265e+38 
1.42233e+15 3.40668e+35 4.14131e+20 6.8451e+38 
1.43625e+15 3.44838e+35 4.16434e+20 6.89792e+38 
1.4503e+15 3.49049e+35 4.18736e+20 6.95113e+38 
1.46449e+15 3.53301e+35 4.21037e+20 7.00471e+38 
1.47883e+15 3.57594e+35 4.23336e+20 7.05869e+38 
1.4933e+15 3.6193e+35 4.25635e+20 7.11305e+38 
1.50791e+15 3.66308e+35 4.27932e+20 7.16781e+38 
1.52267e+15 3.70729e+35 4.30228e+20 7.22296e+38 
1.53757e+15 3.75193e+35 4.32523e+20 7.2785e+38 
1.55262e+15 3.79701e+35 4.34817e+20 7.33445e+38 
1.56781e+15 3.84253e+35 4.3711e+20 7.3908e+38 
1.58315e+15 3.88849e+35 4.39402e+20 7.44756e+38 
1.59865e+15 3.93491e+35 4.41693e+20 7.50473e+38 
1.61429e+15 3.98178e+35 4.43983e+20 7.56231e+38 
1.63009e+15 4.02911e+35 4.46272e+20 7.6203e+38 
1.64604e+15 4.0769e+35 4.48559e+20 7.67872e+38 
1.66215e+15 4.12516e+35 4.50846e+20 7.73755e+38 
1.67842e+15 4.17389e+35 4.53132e+20 7.79682e+38 
1.69484e+15 4.2231e+35 4.55417e+20 7.8565e+38 
1.71143e+15 4.27279e+35 4.577e+20 7.91662e+38 
1.72818e+15 4.32296e+35 4.59983e+20 7.97718e+38 
1.74509e+15 4.37363e+35 4.62265e+20 8.03817e+38 
1.76217e+15 4.42479e+35 4.64546e+20 8.0996e+38 
1.77941e+15 4.47645e+35 4.66826e+20 8.16148e+38 
1.79683e+15 4.52862e+35 4.69105e+20 8.2238e+38 
1.81441e+15 4.5813e+35 4.71383e+20 8.28658e+38 
1.83217e+15 4.6345e+35 4.7366e+20 8.34981e+38 
1.8501e+15 4.68821e+35 4.75937e+20 8.41349e+38 
1.8682e+15 4.74245e+35 4.78212e+20 8.47764e+38 
1.88648e+15 4.79723e+35 4.80487e+20 8.54225e+38 
1.90495e+15 4.85253e+35 4.8276e+20 8.60732e+38 
1.92359e+15 4.90838e+35 4.85033e+20 8.67287e+38 
1.94241e+15 4.96478e+35 4.87305e+20 8.7389e+38 
1.96142e+15 5.02173e+35 4.89576e+20 8.8054e+38 
1.98062e+15 5.07923e+35 4.91847e+20 8.87238e+38 
2e+15 5.1373e+35 4.94116e+20 8.93984e+38 
