400
4.30189e+14 7.18231e+32 1.67269e+18 2.59149e+38 
4.326e+14 1.44049e+33 3.34228e+18 2.60597e+38 
4.35024e+14 2.16679e+33 5.00882e+18 2.62051e+38 
4.37462e+14 2.89717e+33 6.67232e+18 2.6351e+38 
4.39914e+14 3.63163e+33 8.33282e+18 2.64974e+38 
4.42379e+14 4.37022e+33 9.99033e+18 2.66445e+38 
4.44858e+14 5.11294e+33 1.16449e+19 2.6792e+38 
4.47352e+14 5.85983e+33 1.32965e+19 2.69401e+38 
4.49859e+14 6.6109e+33 1.49453e+19 2.70888e+38 
4.5238e+14 7.36618e+33 1.65912e+19 2.7238e+38 
4.54915e+14 8.12569e+33 1.82342e+19 2.73878e+38 
4.57464e+14 8.88946e+33 1.98744e+19 2.75382e+38 
4.60028e+14 9.65751e+33 2.15118e+19 2.76891e+38 
4.62606e+14 1.04299e+34 2.31465e+19 2.78406e+38 
4.65199e+14 1.12065e+34 2.47784e+19 2.79927e+38 
4.67806e+14 1.19876e+34 2.64075e+19 2.81453e+38 
4.70427e+14 1.2773e+34 2.8034e+19 2.82985e+38 
4.73064e+14 1.35628e+34 2.96578e+19 2.84523e+38 
4.75715e+14 1.4357e+34 3.1279e+19 2.86067e+38 
4.78381e+14 1.51557e+34 3.28975e+19 2.87617e+38 
4.81062e+14 1.59589e+34 3.45135e+19 2.89172e+38 
4.83758e+14 1.67666e+34 3.61268e+19 2.90734e+38 
4.86469e+14 1.75788e+34 3.77376e+19 2.92301e+38 
4.89195e+14 1.83955e+34 3.93459e+19 2.93875e+38 
4.91937e+14 1.92168e+34 4.09517e+19 2.95454e+38 
4.94693e+14 2.00428e+34 4.25549e+19 2.97039e+38 
4.97466e+14 2.08733e+34 4.41557e+19 2.98631e+38 
5.00254e+14 2.17085e+34 4.5754e+19 3.00228e+38 
5.03057e+14 2.25484e+34 4.735e+19 3.01832e+38 
5.05876e+14 2.3393e+34 4.89435e+19 3.03442e+38 
5.08711e+14 2.42423e+34 5.05346e+19 3.05058e+38 
5.11562e+14 2.50964e+34 5.21234e+19 3.0668e+38 
5.14429e+14 2.59553e+34 5.37098e+19 3.08308e+38 
5.17312e+14 2.6819e+34 5.52939e+19 3.09943e+38 
5.20211e+14 2.76875e+34 5.68756e+19 3.11583e+38 
5.23127e+14 2.85609e+34 5.84551e+19 3.1323e+38 
5.26058e+14 2.94392e+34 6.00324e+19 3.14884e+38 
5.29006e+14 3.03224e+34 6.16074e+19 3.16544e+38 
5.31971e+14 3.12106e+34 6.31801e+19 3.1821e+38 
5.34952e+14 3.21037e+34 6.47507e+19 3.19882e+38 
5.3795e+14 3.30019e+34 6.6319e+19 3.21561e+38 
5.40965e+14 3.39051e+34 6.78852e+19 3.23247e+38 
5.43997e+14 3.48133e+34 6.94492e+19 3.24939e+38 
5.47045e+14 3.57266e+34 7.10111e+19 3.26637e+38 
5.50111e+14 3.66451e+34 7.25709e+19 3.28342e+38 
5.53194e+14 3.75687e+34 7.41285e+19 3.30054e+38 
5.56294e+14 3.84975e+34 7.56841e+19 3.31772e+38 
5.59412e+14 3.94314e+34 7.72376e+19 3.33497e+38 
5.62547e+14 4.03706e+34 7.87891e+19 3.35229e+38 
5.657e+14 4.13151e+34 8.03385e+19 3.36967e+38 
5.6887e+14 4.22649e+34 8.18859e+19 3.38712e+38 
5.72058e+14 4.322e+34 8.34313e+19 3.40464e+38 
5.75264e+14 4.41804e+34 8.49747e+19 3.42222e+38 
5.78488e+14 4.51463e+34 8.65162e+19 3.43988e+38 
5.8173e+14 4.61175e+34 8.80557e+19 3.4576e+38 
5.8499e+14 4.70942e+34 8.95933e+19 3.47539e+38 
5.88268e+14 4.80763e+34 9.11289e+19 3.49325e+38 
5.91565e+14 4.9064e+34 9.26627e+19 3.51118e+38 
5.9488e+14 5.00572e+34 9.41945e+19 3.52918e+38 
5.98214e+14 5.10559e+34 9.57245e+19 3.54725e+38 
6.01566e+14 5.20603e+34 9.72526e+19 3.56539e+38 
6.04938e+14 5.30703e+34 9.87789e+19 3.5836e+38 
6.08328e+14 5.40859e+34 1.00303e+20 3.60188e+38 
6.11737e+14 5.51073e+34 1.01826e+20 3.62023e+38 
6.15165e+14 5.61343e+34 1.03347e+20 3.63866e+38 
6.18613e+14 5.71672e+34 1.04866e+20 3.65715e+38 
6.2208e+14 5.82058e+34 1.06383e+20 3.67572e+38 
6.25566e+14 5.92502e+34 1.07899e+20 3.69436e+38 
6.29072e+14 6.03005e+34 1.09412e+20 3.71308e+38 
6.32597e+14 6.13566e+34 1.10924e+20 3.73187e+38 
6.36142e+14 6.24187e+34 1.12435e+20 3.75073e+38 
6.39707e+14 6.34868e+34 1.13943e+20 3.76966e+38 
6.43292e+14 6.45608e+34 1.1545e+20 3.78867e+38 
6.46897e+14 6.56408e+34 1.16955e+20 3.80775e+38 
6.50523e+14 6.67269e+34 1.18459e+20 3.82691e+38 
6.54168e+14 6.78191e+34 1.19961e+20 3.84615e+38 
6.57835e+14 6.89174e+34 1.21461e+20 3.86546e+38 
6.61521e+14 7.00219e+34 1.2296e+20 3.88484e+38 
6.65228e+14 7.11325e+34 1.24457e+20 3.9043e+38 
6.68956e+14 7.22494e+34 1.25952e+20 3.92384e+38 
6.72705e+14 7.33725e+34 1.27446e+20 3.94345e+38 
6.76475e+14 7.45019e+34 1.28938e+20 3.96315e+38 
6.80266e+14 7.56377e+34 1.30429e+20 3.98292e+38 
6.84079e+14 7.67798e+34 1.31918e+20 4.00276e+38 
6.87913e+14 7.79283e+34 1.33406e+20 4.02269e+38 
6.91768e+14 7.90833e+34 1.34892e+20 4.04269e+38 
6.95645e+14 8.02447e+34 1.36376e+20 4.06277e+38 
6.99543e+14 8.14126e+34 1.37859e+20 4.08294e+38 
7.03463e+14 8.25871e+34 1.39341e+20 4.10318e+38 
7.07406e+14 8.37682e+34 1.40821e+20 4.1235e+38 
7.1137e+14 8.49559e+34 1.423e+20 4.1439e+38 
7.15357e+14 8.61502e+34 1.43777e+20 4.16438e+38 
7.19366e+14 8.73512e+34 1.45252e+20 4.18495e+38 
7.23397e+14 8.8559e+34 1.46727e+20 4.20559e+38 
7.27451e+14 8.97735e+34 1.48199e+20 4.22632e+38 
7.31528e+14 9.09949e+34 1.49671e+20 4.24713e+38 
7.35628e+14 9.22231e+34 1.51141e+20 4.26802e+38 
7.3975e+14 9.34581e+34 1.52609e+20 4.28899e+38 
7.43896e+14 9.47001e+34 1.54077e+20 4.31005e+38 
7.48065e+14 9.59491e+34 1.55543e+20 4.33119e+38 
7.52257e+14 9.7205e+34 1.57007e+20 4.35241e+38 
7.56473e+14 9.8468e+34 1.5847e+20 4.37372e+38 
7.60712e+14 9.97381e+34 1.59932e+20 4.39511e+38 
7.64976e+14 1.01015e+35 1.61392e+20 4.41659e+38 
7.69263e+14 1.023e+35 1.62851e+20 4.43815e+38 
7.73574e+14 1.03591e+35 1.64309e+20 4.4598e+38 
7.77909e+14 1.0489e+35 1.65766e+20 4.48154e+38 
7.82268e+14 1.06196e+35 1.67221e+20 4.50336e+38 
7.86652e+14 1.07509e+35 1.68675e+20 4.52527e+38 
7.91061e+14 1.0883e+35 1.70127e+20 4.54726e+38 
7.95494e+14 1.10158e+35 1.71579e+20 4.56934e+38 
7.99952e+14 1.11494e+35 1.73029e+20 4.59152e+38 
8.04435e+14 1.12837e+35 1.74478e+20 4.61377e+38 
8.08944e+14 1.14187e+35 1.75925e+20 4.63612e+38 
8.13477e+14 1.15546e+35 1.77372e+20 4.65856e+38 
8.18036e+14 1.16911e+35 1.78817e+20 4.68109e+38 
8.2262e+14 1.18285e+35 1.80261e+20 4.7037e+38 
8.2723e+14 1.19666e+35 1.81703e+20 4.72641e+38 
8.31866e+14 1.21055e+35 1.83145e+20 4.74921e+38 
8.36528e+14 1.22451e+35 1.84585e+20 4.77209e+38 
8.41216e+14 1.23856e+35 1.86024e+20 4.79507e+38 
8.45931e+14 1.25268e+35 1.87462e+20 4.81814e+38 
8.50671e+14 1.26688e+35 1.88899e+20 4.84131e+38 
8.55439e+14 1.28117e+35 1.90335e+20 4.86456e+38 
8.60233e+14 1.29553e+35 1.91769e+20 4.88791e+38 
8.65054e+14 1.30997e+35 1.93203e+20 4.91136e+38 
8.69902e+14 1.3245e+35 1.94635e+20 4.93489e+38 
8.74777e+14 1.3391e+35 1.96066e+20 4.95852e+38 
8.79679e+14 1.35379e+35 1.97496e+20 4.98225e+38 
8.84609e+14 1.36856e+35 1.98925e+20 5.00607e+38 
8.89566e+14 1.38341e+35 2.00353e+20 5.02998e+38 
8.94552e+14 1.39834e+35 2.0178e+20 5.054e+38 
8.99565e+14 1.41336e+35 2.03205e+20 5.0781e+38 
9.04606e+14 1.42847e+35 2.0463e+20 5.10231e+38 
9.09676e+14 1.44365e+35 2.06053e+20 5.12661e+38 
9.14774e+14 1.45893e+35 2.07476e+20 5.15101e+38 
9.199e+14 1.47428e+35 2.08897e+20 5.17551e+38 
9.25056e+14 1.48973e+35 2.10318e+20 5.2001e+38 
9.3024e+14 1.50526e+35 2.11737e+20 5.2248e+38 
9.35453e+14 1.52088e+35 2.13155e+20 5.24959e+38 
9.40696e+14 1.53658e+35 2.14573e+20 5.27448e+38 
9.45967e+14 1.55238e+35 2.15989e+20 5.29948e+38 
9.51269e+14 1.56826e+35 2.17404e+20 5.32457e+38 
9.566e+14 1.58423e+35 2.18818e+20 5.34977e+38 
9.61961e+14 1.60029e+35 2.20231e+20 5.37506e+38 
9.67352e+14 1.61644e+35 2.21644e+20 5.40046e+38 
9.72773e+14 1.63268e+35 2.23055e+20 5.42596e+38 
9.78225e+14 1.64901e+35 2.24465e+20 5.45156e+38 
9.83707e+14 1.66544e+35 2.25875e+20 5.47727e+38 
9.8922e+14 1.68195e+35 2.27283e+20 5.50308e+38 
9.94763e+14 1.69856e+35 2.2869e+20 5.52899e+38 
1.00034e+15 1.71526e+35 2.30097e+20 5.55501e+38 
1.00594e+15 1.73206e+35 2.31502e+20 5.58113e+38 
1.01158e+15 1.74895e+35 2.32907e+20 5.60736e+38 
1.01725e+15 1.76593e+35 2.34311e+20 5.6337e+38 
1.02295e+15 1.78301e+35 2.35713e+20 5.66014e+38 
1.02868e+15 1.80019e+35 2.37115e+20 5.68668e+38 
1.03445e+15 1.81746e+35 2.38516e+20 5.71334e+38 
1.04025e+15 1.83482e+35 2.39916e+20 5.7401e+38 
1.04608e+15 1.85229e+35 2.41315e+20 5.76697e+38 
1.05194e+15 1.86985e+35 2.42714e+20 5.79395e+38 
1.05783e+15 1.88751e+35 2.44111e+20 5.82104e+38 
1.06376e+15 1.90527e+35 2.45507e+20 5.84824e+38 
1.06972e+15 1.92313e+35 2.46903e+20 5.87554e+38 
1.07572e+15 1.94109e+35 2.48298e+20 5.90296e+38 
1.08175e+15 1.95915e+35 2.49692e+20 5.93049e+38 
1.08781e+15 1.97732e+35 2.51085e+20 5.95813e+38 
1.09391e+15 1.99558e+35 2.52477e+20 5.98588e+38 
1.10004e+15 2.01394e+35 2.53868e+20 6.01374e+38 
1.1062e+15 2.03241e+35 2.55259e+20 6.04172e+38 
1.1124e+15 2.05099e+35 2.56648e+20 6.06981e+38 
1.11863e+15 2.06966e+35 2.58037e+20 6.09802e+38 
1.1249e+15 2.08844e+35 2.59425e+20 6.12633e+38 
1.13121e+15 2.10733e+35 2.60812e+20 6.15477e+38 
1.13755e+15 2.12632e+35 2.62199e+20 6.18332e+38 
1.14392e+15 2.14542e+35 2.63584e+20 6.21198e+38 
1.15033e+15 2.16463e+35 2.64969e+20 6.24076e+38 
1.15678e+15 2.18394e+35 2.66353e+20 6.26966e+38 
1.16326e+15 2.20336e+35 2.67736e+20 6.29867e+38 
1.16978e+15 2.22289e+35 2.69119e+20 6.3278e+38 
1.17634e+15 2.24253e+35 2.705e+20 6.35705e+38 
1.18293e+15 2.26228e+35 2.71881e+20 6.38642e+38 
1.18956e+15 2.28214e+35 2.73261e+20 6.41591e+38 
1.19623e+15 2.30211e+35 2.74641e+20 6.44552e+38 
1.20293e+15 2.3222e+35 2.76019e+20 6.47525e+38 
1.20967e+15 2.34239e+35 2.77397e+20 6.5051e+38 
1.21645e+15 2.3627e+35 2.78774e+20 6.53507e+38 
1.22327e+15 2.38313e+35 2.80151e+20 6.56516e+38 
1.23012e+15 2.40366e+35 2.81526e+20 6.59538e+38 
1.23702e+15 2.42432e+35 2.82901e+20 6.62571e+38 
1.24395e+15 2.44509e+35 2.84275e+20 6.65617e+38 
1.25092e+15 2.46597e+35 2.85649e+20 6.68676e+38 
1.25793e+15 2.48697e+35 2.87021e+20 6.71747e+38 
1.26498e+15 2.50809e+35 2.88393e+20 6.7483e+38 
1.27207e+15 2.52933e+35 2.89765e+20 6.77926e+38 
1.2792e+15 2.55069e+35 2.91135e+20 6.81035e+38 
1.28637e+15 2.57216e+35 2.92505e+20 6.84156e+38 
1.29358e+15 2.59376e+35 2.93874e+20 6.8729e+38 
1.30083e+15 2.61548e+35 2.95243e+20 6.90437e+38 
1.30812e+15 2.63732e+35 2.96611e+20 6.93596e+38 
1.31545e+15 2.65928e+35 2.97978e+20 6.96769e+38 
1.32282e+15 2.68137e+35 2.99344e+20 6.99954e+38 
1.33023e+15 2.70358e+35 3.0071e+20 7.03153e+38 
1.33769e+15 2.72591e+35 3.02075e+20 7.06364e+38 
1.34518e+15 2.74837e+35 3.0344e+20 7.09588e+38 
1.35272e+15 2.77095e+35 3.04803e+20 7.12826e+38 
1.3603e+15 2.79366e+35 3.06167e+20 7.16077e+38 
1.36793e+15 2.8165e+35 3.07529e+20 7.19341e+38 
1.37559e+15 2.83947e+35 3.08891e+20 7.22618e+38 
1.3833e+15 2.86256e+35 3.10252e+20 7.25909e+38 
1.39105e+15 2.88579e+35 3.11613e+20 7.29213e+38 
1.39885e+15 2.90914e+35 3.12973e+20 7.32531e+38 
1.40669e+15 2.93263e+35 3.14332e+20 7.35862e+38 
1.41457e+15 2.95625e+35 3.15691e+20 7.39207e+38 
1.4225e+15 2.98e+35 3.17049e+20 7.42566e+38 
1.43047e+15 3.00388e+35 3.18406e+20 7.45938e+38 
1.43849e+15 3.0279e+35 3.19763e+20 7.49324e+38 
1.44655e+15 3.05205e+35 3.21119e+20 7.52724e+38 
1.45466e+15 3.07633e+35 3.22475e+20 7.56138e+38 
1.46281e+15 3.10076e+35 3.2383e+20 7.59566e+38 
1.47101e+15 3.12532e+35 3.25184e+20 7.63008e+38 
1.47925e+15 3.15001e+35 3.26538e+20 7.66463e+38 
1.48754e+15 3.17485e+35 3.27891e+20 7.69933e+38 
1.49588e+15 3.19982e+35 3.29244e+20 7.73418e+38 
1.50426e+15 3.22494e+35 3.30596e+20 7.76916e+38 
1.51269e+15 3.25019e+35 3.31948e+20 7.80429e+38 
1.52117e+15 3.27559e+35 3.33299e+20 7.83956e+38 
1.52969e+15 3.30113e+35 3.34649e+20 7.87498e+38 
1.53827e+15 3.32681e+35 3.35999e+20 7.91054e+38 
1.54689e+15 3.35264e+35 3.37348e+20 7.94624e+38 
1.55555e+15 3.37861e+35 3.38697e+20 7.9821e+38 
1.56427e+15 3.40473e+35 3.40045e+20 8.0181e+38 
1.57304e+15 3.43099e+35 3.41392e+20 8.05424e+38 
1.58185e+15 3.4574e+35 3.42739e+20 8.09054e+38 
1.59072e+15 3.48396e+35 3.44086e+20 8.12698e+38 
1.59963e+15 3.51066e+35 3.45432e+20 8.16358e+38 
1.6086e+15 3.53752e+35 3.46777e+20 8.20032e+38 
1.61761e+15 3.56453e+35 3.48122e+20 8.23721e+38 
1.62668e+15 3.59169e+35 3.49466e+20 8.27426e+38 
1.6358e+15 3.619e+35 3.5081e+20 8.31146e+38 
1.64496e+15 3.64646e+35 3.52153e+20 8.34881e+38 
1.65418e+15 3.67408e+35 3.53496e+20 8.38631e+38 
1.66345e+15 3.70185e+35 3.54838e+20 8.42397e+38 
1.67277e+15 3.72978e+35 3.5618e+20 8.46178e+38 
1.68215e+15 3.75786e+35 3.57521e+20 8.49975e+38 
1.69158e+15 3.78611e+35 3.58862e+20 8.53787e+38 
1.70106e+15 3.81451e+35 3.60202e+20 8.57615e+38 
1.71059e+15 3.84307e+35 3.61542e+20 8.61458e+38 
1.72017e+15 3.87179e+35 3.62881e+20 8.65318e+38 
1.72981e+15 3.90067e+35 3.64219e+20 8.69193e+38 
1.73951e+15 3.92971e+35 3.65558e+20 8.73084e+38 
1.74926e+15 3.95891e+35 3.66895e+20 8.76991e+38 
1.75906e+15 3.98828e+35 3.68233e+20 8.80915e+38 
1.76892e+15 4.01782e+35 3.69569e+20 8.84854e+38 
1.77883e+15 4.04752e+35 3.70906e+20 8.8881e+38 
1.7888e+15 4.07738e+35 3.72241e+20 8.92781e+38 
1.79883e+15 4.10741e+35 3.73577e+20 8.96769e+38 
1.80891e+15 4.13761e+35 3.74911e+20 9.00774e+38 
1.81904e+15 4.16798e+35 3.76246e+20 9.04795e+38 
1.82924e+15 4.19853e+35 3.7758e+20 9.08833e+38 
1.83949e+15 4.22924e+35 3.78913e+20 9.12887e+38 
1.8498e+15 4.26012e+35 3.80246e+20 9.16957e+38 
1.86017e+15 4.29118e+35 3.81579e+20 9.21045e+38 
1.87059e+15 4.32241e+35 3.82911e+20 9.25149e+38 
1.88107e+15 4.35381e+35 3.84242e+20 9.29271e+38 
1.89161e+15 4.3854e+35 3.85573e+20 9.33409e+38 
1.90222e+15 4.41715e+35 3.86904e+20 9.37564e+38 
1.91288e+15 4.44909e+35 3.88234e+20 9.41737e+38 
1.9236e+15 4.48121e+35 3.89564e+20 9.45926e+38 
1.93438e+15 4.5135e+35 3.90894e+20 9.50133e+38 
1.94522e+15 4.54598e+35 3.92222e+20 9.54357e+38 
1.95612e+15 4.57864e+35 3.93551e+20 9.58599e+38 
1.96708e+15 4.61148e+35 3.94879e+20 9.62858e+38 
1.9781e+15 4.64451e+35 3.96207e+20 9.67134e+38 
1.98919e+15 4.67772e+35 3.97534e+20 9.71428e+38 
2.00034e+15 4.71111e+35 3.98861e+20 9.7574e+38 
2.01155e+15 4.7447e+35 4.00187e+20 9.8007e+38 
2.02282e+15 4.77847e+35 4.01513e+20 9.84417e+38 
2.03416e+15 4.81243e+35 4.02839e+20 9.88783e+38 
2.04556e+15 4.84658e+35 4.04164e+20 9.93166e+38 
2.05702e+15 4.88093e+35 4.05489e+20 9.97567e+38 
2.06855e+15 4.91546e+35 4.06813e+20 1.00199e+39 
2.08014e+15 4.95019e+35 4.08137e+20 1.00642e+39 
2.0918e+15 4.98512e+35 4.0946e+20 1.01088e+39 
2.10352e+15 5.02024e+35 4.10784e+20 1.01536e+39 
2.11531e+15 5.05555e+35 4.12106e+20 1.01985e+39 
2.12717e+15 5.09107e+35 4.13429e+20 1.02436e+39 
2.13909e+15 5.12678e+35 4.14751e+20 1.02889e+39 
2.15107e+15 5.1627e+35 4.16072e+20 1.03344e+39 
2.16313e+15 5.19881e+35 4.17393e+20 1.03801e+39 
2.17525e+15 5.23513e+35 4.18714e+20 1.04259e+39 
2.18744e+15 5.27165e+35 4.20035e+20 1.0472e+39 
2.1997e+15 5.30837e+35 4.21355e+20 1.05182e+39 
2.21203e+15 5.34531e+35 4.22674e+20 1.05647e+39 
2.22442e+15 5.38244e+35 4.23994e+20 1.06113e+39 
2.23689e+15 5.41979e+35 4.25313e+20 1.06581e+39 
2.24943e+15 5.45735e+35 4.26631e+20 1.07051e+39 
2.26203e+15 5.49511e+35 4.27949e+20 1.07523e+39 
2.27471e+15 5.53309e+35 4.29267e+20 1.07997e+39 
2.28746e+15 5.57128e+35 4.30585e+20 1.08473e+39 
2.30028e+15 5.60969e+35 4.31902e+20 1.08951e+39 
2.31317e+15 5.64831e+35 4.33218e+20 1.09431e+39 
2.32613e+15 5.68714e+35 4.34535e+20 1.09913e+39 
2.33917e+15 5.7262e+35 4.35851e+20 1.10397e+39 
2.35228e+15 5.76547e+35 4.37166e+20 1.10883e+39 
2.36546e+15 5.80496e+35 4.38482e+20 1.11371e+39 
2.37872e+15 5.84468e+35 4.39797e+20 1.11861e+39 
2.39205e+15 5.88461e+35 4.41111e+20 1.12353e+39 
2.40545e+15 5.92477e+35 4.42426e+20 1.12846e+39 
2.41893e+15 5.96516e+35 4.4374e+20 1.13342e+39 
2.43249e+15 6.00577e+35 4.45053e+20 1.13841e+39 
2.44612e+15 6.04661e+35 4.46366e+20 1.14341e+39 
2.45983e+15 6.08768e+35 4.47679e+20 1.14843e+39 
2.47361e+15 6.12898e+35 4.48992e+20 1.15347e+39 
2.48748e+15 6.17051e+35 4.50304e+20 1.15854e+39 
2.50142e+15 6.21227e+35 4.51616e+20 1.16362e+39 
2.51544e+15 6.25427e+35 4.52928e+20 1.16873e+39 
2.52953e+15 6.2965e+35 4.54239e+20 1.17385e+39 
2.54371e+15 6.33897e+35 4.5555e+20 1.179e+39 
2.55796e+15 6.38168e+35 4.56861e+20 1.18417e+39 
2.5723e+15 6.42462e+35 4.58171e+20 1.18936e+39 
2.58672e+15 6.46781e+35 4.59481e+20 1.19457e+39 
2.60121e+15 6.51124e+35 4.60791e+20 1.19981e+39 
2.61579e+15 6.55491e+35 4.621e+20 1.20506e+39 
2.63045e+15 6.59883e+35 4.63409e+20 1.21034e+39 
2.64519e+15 6.64299e+35 4.64718e+20 1.21564e+39 
2.66001e+15 6.6874e+35 4.66026e+20 1.22096e+39 
2.67492e+15 6.73206e+35 4.67334e+20 1.2263e+39 
2.68991e+15 6.77697e+35 4.68642e+20 1.23167e+39 
2.70499e+15 6.82214e+35 4.6995e+20 1.23705e+39 
2.72015e+15 6.86755e+35 4.71257e+20 1.24246e+39 
2.73539e+15 6.91322e+35 4.72564e+20 1.24789e+39 
2.75072e+15 6.95915e+35 4.7387e+20 1.25335e+39 
2.76614e+15 7.00533e+35 4.75177e+20 1.25883e+39 
2.78164e+15 7.05177e+35 4.76483e+20 1.26433e+39 
2.79723e+15 7.09847e+35 4.77788e+20 1.26985e+39 
2.8129e+15 7.14543e+35 4.79094e+20 1.27539e+39 
2.82867e+15 7.19266e+35 4.80399e+20 1.28096e+39 
2.84452e+15 7.24015e+35 4.81704e+20 1.28655e+39 
2.86046e+15 7.28791e+35 4.83009e+20 1.29217e+39 
2.87649e+15 7.33594e+35 4.84313e+20 1.29781e+39 
2.89261e+15 7.38423e+35 4.85617e+20 1.30347e+39 
2.90882e+15 7.43279e+35 4.86921e+20 1.30915e+39 
2.92512e+15 7.48163e+35 4.88224e+20 1.31486e+39 
2.94152e+15 7.53074e+35 4.89527e+20 1.32059e+39 
2.958e+15 7.58013e+35 4.9083e+20 1.32635e+39 
2.97458e+15 7.62979e+35 4.92133e+20 1.33213e+39 
2.99125e+15 7.67973e+35 4.93435e+20 1.33793e+39 
3.00801e+15 7.72995e+35 4.94737e+20 1.34376e+39 
3.02487e+15 7.78045e+35 4.96039e+20 1.34961e+39 
3.04182e+15 7.83124e+35 4.97341e+20 1.35549e+39 
3.05887e+15 7.88231e+35 4.98642e+20 1.36139e+39 
3.07601e+15 7.93367e+35 4.99943e+20 1.36731e+39 
3.09325e+15 7.98531e+35 5.01244e+20 1.37326e+39 
3.11058e+15 8.03724e+35 5.02544e+20 1.37924e+39 
3.12802e+15 8.08947e+35 5.03845e+20 1.38524e+39 
3.14555e+15 8.14199e+35 5.05145e+20 1.39126e+39 
3.16317e+15 8.1948e+35 5.06444e+20 1.39731e+39 
3.1809e+15 8.2479e+35 5.07744e+20 1.40339e+39 
3.19873e+15 8.30131e+35 5.09043e+20 1.40948e+39 
3.21665e+15 8.35501e+35 5.10342e+20 1.41561e+39 
3.23468e+15 8.40902e+35 5.11641e+20 1.42176e+39 
3.25281e+15 8.46333e+35 5.12939e+20 1.42794e+39 
3.27104e+15 8.51794e+35 5.14238e+20 1.43414e+39 
3.28937e+15 8.57286e+35 5.15536e+20 1.44036e+39 
3.3078e+15 8.62808e+35 5.16833e+20 1.44662e+39 
3.32634e+15 8.68362e+35 5.18131e+20 1.4529e+39 
3.34498e+15 8.73947e+35 5.19428e+20 1.4592e+39 
3.36373e+15 8.79563e+35 5.20725e+20 1.46553e+39 
3.38258e+15 8.8521e+35 5.22022e+20 1.47189e+39 
3.40154e+15 8.90889e+35 5.23319e+20 1.47827e+39 
3.4206e+15 8.966e+35 5.24615e+20 1.48468e+39 
3.43977e+15 9.02343e+35 5.25911e+20 1.49112e+39 
3.45904e+15 9.08118e+35 5.27207e+20 1.49758e+39 
3.47843e+15 9.13926e+35 5.28503e+20 1.50408e+39 
3.49792e+15 9.19766e+35 5.29798e+20 1.51059e+39 
3.51753e+15 9.25638e+35 5.31093e+20 1.51714e+39 
3.53724e+15 9.31544e+35 5.32388e+20 1.52371e+39 
3.55706e+15 9.37483e+35 5.33683e+20 1.53031e+39 
3.577e+15 9.43455e+35 5.34977e+20 1.53694e+39 
3.59704e+15 9.4946e+35 5.36272e+20 1.54359e+39 
3.6172e+15 9.555e+35 5.37566e+20 1.55027e+39 
3.63747e+15 9.61573e+35 5.38859e+20 1.55698e+39 
3.65786e+15 9.6768e+35 5.40153e+20 1.56372e+39 
3.67836e+15 9.73821e+35 5.41446e+20 1.57049e+39 
3.69897e+15 9.79997e+35 5.4274e+20 1.57728e+39 
3.7197e+15 9.86207e+35 5.44033e+20 1.5841e+39 
3.74055e+15 9.92452e+35 5.45325e+20 1.59095e+39 
3.76151e+15 9.98732e+35 5.46618e+20 1.59783e+39 
3.78259e+15 1.00505e+36 5.4791e+20 1.60474e+39 
3.80379e+15 1.0114e+36 5.49202e+20 1.61167e+39 
3.82511e+15 1.01778e+36 5.50494e+20 1.61864e+39 
3.84654e+15 1.02421e+36 5.51786e+20 1.62563e+39 
3.8681e+15 1.03066e+36 5.53077e+20 1.63266e+39 
3.88978e+15 1.03716e+36 5.54369e+20 1.63971e+39 
3.91158e+15 1.04369e+36 5.5566e+20 1.64679e+39 
3.9335e+15 1.05026e+36 5.56951e+20 1.6539e+39 
3.95554e+15 1.05686e+36 5.58241e+20 1.66104e+39 
3.97771e+15 1.0635e+36 5.59532e+20 1.66821e+39 
4e+15 1.07018e+36 5.60822e+20 1.67541e+39 
